512
Lattice="17.7128441229 0.0 0.0 0.0 17.7128441229 0.0 0.0 0.0 17.7128441229" Properties=species:S:1:pos:R:3 pbc="T T T"
O       12.14177518       3.53471756       5.07216567
C        9.74840732       4.53585140       7.60267754
C       10.31850567       3.84980337       6.54963887
C       10.25527428       5.83354449       7.93713454
C       11.49068740       4.30381309       5.97766201
C        8.64681387       3.95485794       8.38023075
C       11.46723671       6.26221568       7.42526322
C       12.12613838       5.47215717       6.44882709
H        9.85484002       2.88460888       6.30159189
H        9.80573611       6.24823723       8.83726289
H        7.90584595       4.64035459       8.64912195
H        8.29215082       3.18029412       7.81027213
H        8.94564724       3.43015018       9.24018769
H       11.99074675       7.09387272       7.77155711
H       13.04966490       5.86678727       6.00494939
H       12.86581181       4.07189976       4.61715539
O        9.85649060       3.98698700       2.05248845
C       10.60269884       7.38534066       2.84520848
C       10.43686335       6.17145702       2.09093210
C        9.87570677       7.56872460       4.00722881
C        9.70705215       5.13557059       2.64490717
C       11.54442156       8.52535864       2.45212114
C        8.93976824       6.58058377       4.43149696
C        8.92008497       5.33552011       3.77963236
H       11.02761850       6.07249479       1.18570575
H        9.99915012       8.54906964       4.46536574
H       11.14686698       9.55253378       2.63203625
H       12.45228260       8.33560199       2.92145868
H       11.64857811       8.35226398       1.31319658
H        8.39141305       6.81529896       5.39956795
H        8.36512351       4.64226222       4.33664967
H        9.19262602       3.43607281       2.40389595
O       16.88049918       0.63806407      10.91414783
C       15.16830211       1.53881478       7.77328398
C       15.90554925       1.71566002       8.97847756
C       14.64683568       0.30201679       7.39914081
C       16.03800221       0.56033359       9.79471131
C       14.84973674       2.72316963       6.93087227
C       14.87836966      16.87709020       8.16098606
C       15.61265708      17.01032985       9.35429545
H       16.27825328       2.70665190       9.26482135
H       14.05222270       0.13709333       6.55744930
H       14.97779229       3.66278993       7.54619173
H       15.63996594       2.80799391       6.18422788
H       13.88652725       2.67788021       6.42285321
H       14.57224055      15.92491743       7.81500096
H       15.90856946      16.07268732       9.88191139
H       17.36732128       1.42750411      10.83497963
O        3.19496748       3.49969544      10.09942047
C        2.57114652       3.09555962       6.50191787
C        2.38494833       3.40883844       7.84500983
C        3.82170636       2.73829695       6.05457536
C        3.45826179       3.35652991       8.75592310
C        1.41586403       3.17371538       5.51915171
C        4.92658900       2.81115603       6.92911262
C        4.76855972       3.05209821       8.33295874
H        1.41870571       3.62750435       8.25680049
H        3.92466804       2.50391743       5.06814884
H        1.59604642       2.39489980       4.76941846
H        0.52168719       2.87950659       6.03544654
H        1.38644733       4.08865353       4.95370725
H        5.85289984       2.59723684       6.55439609
H        5.53102048       2.97180017       9.05492331
H        4.02062850       3.42893739      10.57157407
O       10.35263517       8.68983060       9.61576983
C       13.65136356      10.24370487      10.43736938
C       12.31135778      10.06828535       9.97302579
C       14.38389032       9.10735035      10.88520518
C       11.65673068       8.83957900      10.09211162
C       14.28810575      11.64812747      10.34177892
C       13.71550559       7.85632829      10.85840497
C       12.39537051       7.73762984      10.42341023
H       11.66944933      10.90199853       9.56469673
H       15.39647728       9.11043263      11.25702299
H       15.39800568      11.51908477      10.32239641
H       13.76556385      12.22124086       9.58634341
H       14.04171372      12.08152217      11.31710649
H       14.29248165       6.97999079      11.15718104
H       11.95474289       6.76720915      10.55327095
H        9.79549432       9.45580886       9.72159270
O       16.71053170      11.61636262       2.54720650
C       16.33345662      13.40278834       5.85684512
C       16.47381752      12.31926164       4.86648985
C       15.92595383      14.72423947       5.42615639
C       16.41540044      12.56953542       3.48378218
C       16.50597651      13.12932682       7.31312008
C       15.75789036      14.91013546       4.01579112
C       15.97028246      13.86712197       3.06444139
H       16.55568963      11.29624503       5.20956411
H       15.85643492      15.62493360       6.03976720
H       15.69054331      13.64852807       7.90846987
H       16.31555654      12.01320443       7.40569603
H       17.49875312      13.37569403       7.71646525
H       15.23592978      15.82521705       3.66157425
H       15.83521995      14.10027455       2.02459627
H       16.15273282      10.84575433       2.82285343
O        2.37277440       8.79796379       1.40582366
C        3.97189389       6.17362948       3.41610289
C        3.63141534       6.99922365       2.36245006
C        3.24504394       6.19241883       4.63617814
C        2.62892753       7.90344264       2.47136458
C        5.24820810       5.39920871       3.26104705
C        2.17356211       7.09354113       4.71367146
C        1.84168206       7.86759442       3.61893646
H        4.21449160       6.94747850       1.46334304
H        3.37462836       5.56966221       5.51392549
H        6.00949942       6.16382496       3.24605054
H        5.24654425       4.58788914       3.92728590
H        5.28744529       4.91653758       2.29774803
H        1.66156173       7.15074261       5.72191432
H        0.94652557       8.48010464       3.70453154
H        1.99172873       9.60341639       1.81621134
O        0.56271693       7.34807071      11.74676521
C        1.60354992       8.91038001       8.68803493
C        0.85546998       8.65463920       9.76374573
C        2.68191901       8.08970920       8.31788163
C        1.11645862       7.54481160      10.53109077
C        1.33257701      10.22384618       7.95096753
C        2.91335056       6.94567554       9.11514917
C        2.07767853       6.57846706      10.18459552
H        0.06723853       9.36773892       9.89771531
H        3.34247806       8.38997354       7.50778181
H        1.91241369      11.02569009       8.43351709
H        1.72707834      10.10785247       6.91397019
H        0.36338976      10.67672384       7.95203781
H        3.68867946       6.16678090       8.97399285
H        2.19445779       5.68212382      10.77495440
H        0.40879190       6.48047922      11.91830235
O        0.72317646       2.85165847      10.90897126
C       16.38265113       4.82283592      13.07124657
C       16.80863553       4.03317868      11.96782787
C       17.31570697       5.21113187      14.08475267
C        0.42008708       3.66279760      11.93427143
C       14.92765857       5.14172640      13.26475130
C        0.96759420       4.85077683      14.02927527
C        1.32990050       3.98573087      12.99875427
H       16.23873880       3.76360037      11.09633439
H       16.90006936       5.79455661      14.86066765
H       14.27866746       4.89216757      12.41807386
H       14.51557692       4.85872928      14.20253756
H       14.69848385       6.23732782      13.27284694
H        1.66178138       5.22280047      14.77338266
H        2.41346718       3.79049849      12.83020828
H        1.65581800       3.02559697      10.75283089
O        6.70188432       1.21962285      12.49819606
C        3.96832578      16.65528625      13.31900414
C        4.66496891       0.11151280      12.86744989
C        4.69697784      15.53308683      13.81849094
C        6.04987807       0.13921342      12.93368522
C        2.47755020      16.81150464      13.32985582
C        6.06518429      15.54714725      13.82106265
C        6.74829454      16.70923516      13.32546211
H        4.17687493       0.96859588      12.56964840
H        4.16808001      14.60272291      14.07727868
H        2.03138960      15.76530956      13.27489471
H        2.02726838      17.42800709      14.17414076
H        2.16696843      17.13448439      12.32967740
H        6.71239448      14.71202448      14.12289457
H        7.79148215      16.68744704      13.31271285
H        7.63922056       1.07516020      12.68799403
O        2.11006263       9.17591006      16.24381737
C        5.52827113       7.96988431      15.65927278
C        4.48243338       8.62825880      16.29360582
C        5.23036656       7.11783854      14.49302685
C        3.21606367       8.62330774      15.76126107
C        6.99612239       7.94870820      16.23398755
C        3.87505258       7.00595345      14.04481289
C        2.93368696       7.79655609      14.64187504
H        4.65228391       9.12469578      17.19294473
H        6.12302102       6.64667935      14.14027194
H        7.31518529       6.93705719      15.97499594
H        7.52644384       8.81780675      15.84562732
H        6.89235087       8.21551004      17.30709286
H        3.48516406       6.11700469      13.49426558
H        1.94122903       7.69266058      14.30740605
H        2.20102050       9.33019420      17.17201850
O        7.00644252      13.90138419       8.59659584
C        9.35003794      16.59572468       7.80176714
C        8.76369632      15.35185640       7.87551783
C        8.68042357       0.02230649       8.37855650
C        7.58892606      15.11500420       8.53071590
C       10.60822850      16.85788211       7.01358715
C        7.39476810      17.51496602       8.96422589
C        6.91139018      16.21021216       9.10781304
H        9.31732395      14.46291230       7.48026695
H        9.06804118       1.05551369       8.25624805
H       10.77859867       0.24834263       6.80428152
H       11.47385095      16.45157294       7.45886881
H       10.32492074      16.53187326       6.04765989
H        6.71540486       0.60237546       9.35970114
H        6.00149808      16.13880126       9.76388228
H        6.20191829      13.93594965       9.01369220
O       10.89891329      10.28820549      16.97242932
C        7.87785930      10.02886827       1.30006886
C        9.07296508       9.66800187       0.57633718
C        7.42057688      11.37216910       1.20279256
C        9.76393548      10.62212842      17.55913609
C        7.24334665       9.09216618       2.26137831
C        8.04611516      12.31948916       0.36898172
C        9.23091032      11.96318334      17.41192526
H        9.39487532       8.63729222       0.74575783
H        6.65863864      11.73830765       1.84052267
H        7.61554228       9.17286046       3.29828416
H        6.14168299       9.05180759       2.17362378
H        7.44329963       8.04063907       2.08032067
H        7.69928683      13.38858195       0.27910056
H        9.78108952      12.62345073      16.80755475
H       11.16211179      10.91955488      16.30326059
O        9.03147957       1.41984278      13.88313369
C       11.94117444       1.62243031      11.58359640
C       10.59620505       1.50518661      12.04050948
C       12.97005998       1.83857922      12.47878739
C       10.32827551       1.49124320      13.43358990
C       12.26281282       1.54360956      10.13507673
C       12.69425921       1.91077323      13.87002203
C       11.42666451       1.70628312      14.38409801
H        9.75068034       1.27896397      11.30334953
H       13.97794032       1.92524976      12.07123282
H       13.33706469       1.79334273       9.93992318
H       11.93747911       0.67815782       9.55054495
H       11.73454649       2.37814703       9.64091585
H       13.60261074       2.00405080      14.46518382
H       11.12978885       1.79096099      15.46130932
H        8.88204765       2.02358929      14.64634827
O       15.01908928       7.27561843       3.48927233
C       15.37691304       7.44635263       7.13236755
C       15.43586352       6.98396959       5.83184332
C       14.68552017       8.63338784       7.40114877
C       14.89482261       7.70194079       4.78494170
C       16.16086545       6.66001145       8.16243933
C       14.20323347       9.40225091       6.34869103
C       14.27518892       8.93878672       5.00492719
H       15.84266991       6.03600260       5.65998681
H       14.53569114       9.08619133       8.40659353
H       17.01890461       7.34915255       8.45203896
H       15.68487764       6.40957303       9.05806859
H       16.57233672       5.79569277       7.59303023
H       13.67852007      10.32591005       6.44532273
H       13.96812737       9.48661139       4.18441945
H       14.64742460       7.80523356       2.87469995
O        9.82644780      12.91051837       2.63343091
C       11.53412727      12.84028544       5.91393719
C       11.25293014      13.17922800       4.53977273
C       10.73202533      11.96507231       6.57980388
C       10.19749571      12.56615006       3.88205813
C       12.80601253      13.26904246       6.73376873
C        9.71396346      11.32068947       5.95158509
C        9.35285145      11.69870891       4.63053992
H       11.82899917      13.92141454       3.96950463
H       10.84344391      11.77063437       7.61276837
H       12.49412626      13.77043005       7.64292912
H       13.44134388      12.37024635       6.80391152
H       13.34975554      14.05974114       6.23711692
H        9.08542640      10.79521823       6.57546937
H        8.48891424      11.44413845       4.12708997
H        9.20159033      12.28557931       2.27424768
O        8.21106835       2.90546246      16.04892934
C        4.62164244       3.13065724      16.59380882
C        5.88165506       2.52673948      16.27350920
C        4.45929718       4.43624530      17.12992818
C        6.98341888       3.29655113      16.45323137
C        3.40327715       2.30454720      16.35100846
C        5.60783701       5.11094434      17.38401886
C        6.88431810       4.53830010      17.04951861
H        5.86732793       1.53510255      15.70653215
H        3.50185645       4.90456787      17.46402209
H        2.67875051       2.77828078      15.71324292
H        3.65459418       1.38011504      15.92872522
H        2.86543887       2.09451560      17.35261486
H        5.58053756       6.15268435      17.70134968
H        7.69420329       5.14286157      17.24404282
H        8.96837999       3.45428833      16.39129604
O        8.38713560       2.02603291       3.01303083
C        5.64461800       0.00717040       4.48139264
C        6.85091755       0.76490791       4.37599780
C        4.78156442       0.03032045       3.39638891
C        7.14994354       1.46806549       3.17714233
C        5.27425679      16.90508300       5.67188976
C        5.11132965       0.64342579       2.20553162
C        6.22423328       1.34697664       2.09704817
H        7.53069104       0.68695413       5.29126194
H        3.78838266      17.35025730       3.46381168
H        4.40325035      17.35444407       6.18814552
H        4.98659885      15.89880895       5.32057017
H        6.09280472      16.88619732       6.40808565
H        4.36684081       0.65547938       1.42185803
H        6.50471629       1.83362738       1.16193201
H        9.06627123       1.49698790       3.49352047
O       12.21771545      12.09865899      14.99358146
C       10.78657765      13.66297846      11.92118363
C       11.72576849      13.32044049      12.95868300
C        9.61805332      12.79613415      11.82547675
C       11.44995023      12.23648098      13.84463043
C       10.94759623      14.88426337      11.08616758
C        9.43907375      11.69199781      12.63212254
C       10.35483994      11.40045674      13.64128442
H       12.54767025      13.88719451      13.15851937
H        8.86996081      13.12985825      11.12037569
H       11.98290628      15.18724124      10.86758184
H       10.29090526      14.80980060      10.15385224
H       10.59759259      15.77302603      11.64276530
H        8.56540357      11.02950871      12.59274452
H       10.25790489      10.65361904      14.37422413
H       12.75971832      12.86432294      15.11503001
O       14.84637858       9.98238463       1.97612799
C       15.56637405       9.08383556      16.09984650
C       14.85121699       9.57334001      17.25278645
C       16.74493025       8.42062047      16.31411008
C       15.43921664       9.39773512       0.83039105
C       15.00248154       9.19237550      14.70132856
C       17.29455493       8.22173482      17.60993749
C       16.73013718       8.79842417       1.05755854
H       13.90677756      10.18331815      17.23730341
H       17.33110603       8.08209283      15.46061004
H       15.74263825       9.16853091      13.93664233
H       14.24372746       8.43487647      14.57304654
H       14.48373774      10.17342358      14.71404244
H        0.49794171       7.69733548      17.64002868
H       17.18074732       8.76079648       2.04104022
H       14.19845535      10.60913705       1.78035002
O        5.68286910      13.14399113       6.24238463
C        6.25519930       9.46724009       6.65044002
C        6.32460092      10.85849096       6.80492447
C        5.35934282       9.01233401       5.65113021
C        5.67085768      11.81375996       5.98980979
C        7.11821040       8.46920834       7.49833126
C        4.85944727       9.97273209       4.70845482
C        4.90756636      11.36987825       4.88615640
H        6.98610701      11.28686599       7.57684704
H        5.30435495       7.96834755       5.41065346
H        7.05911182       7.53868630       6.97948904
H        8.15489972       8.95992808       7.61254150
H        6.76643306       8.33346184       8.55546557
H        4.43354516       9.51691322       3.75066740
H        4.42300739      11.97882033       4.08036689
H        6.10975173      13.47511705       7.01617203
O        1.79131233      11.28759362       2.20947719
C        2.59739308      13.32298232      17.04139287
C        1.92952662      12.81587260       0.40546727
C        3.90316611      12.97016102      16.70491707
C        2.55770666      11.89587159       1.24483978
C        1.89357760      14.22725621      16.12874884
C        4.53858603      12.06230840      17.58452358
C        3.86079541      11.45678293       0.97018734
H        0.90620233      13.07208564       0.71792138
H        4.41577986      13.50778912      15.90667146
H        1.95287965      14.01892571      15.04689568
H        0.83751117      14.19187200      16.38270005
H        2.29440373      15.32081325      16.23826490
H        5.52838275      11.68641138      17.37853326
H        4.24306376      10.75152202       1.62721301
H        0.90843784      11.67288098       2.25552928
O       15.46744659      13.79093950      13.09892103
C        0.68515758      11.68868549      12.75817576
C       17.12287706      12.11478491      13.13239507
C        1.50387042      12.52185464      12.04585383
C       16.72595445      13.41641209      12.81920897
C        1.05611862      10.32349910      13.16383297
C        1.10956018      13.84144719      11.66368839
C       17.53152402      14.29432726      12.08941494
H       16.38039211      11.50400807      13.56536661
H        2.51370151      12.18044214      12.05311040
H        1.95392293       9.98115646      12.64284613
H        1.17726287      10.31672552      14.25105460
H        0.23377344       9.70764663      12.83664616
H        1.70495094      14.45136136      11.05604330
H       17.19576428      15.27186107      11.81554252
H       15.54778191      14.76359288      13.25813263
O       12.84179574      12.22582454       1.86326561
C       12.38203291      14.68482372      16.85700134
C       12.16066247      13.86338717       0.32483494
C       13.62724463      14.65190469      16.25572623
C       13.18477309      13.03057468       0.80276349
C       11.36201515      15.71664032      16.33230437
C       14.60038070      13.71140466      16.74901707
C       14.39035820      12.87929000       0.18474869
H       11.29427307      13.77913563       0.86761121
H       13.78179373      15.47480483      15.53918108
H       11.80457787      16.22167582      15.44695493
H       10.45220642      15.21003398      15.96969036
H       11.07333491      16.43404787      17.06108411
H       15.60559748      13.63620597      16.30564722
H       15.34087831      12.39499474       0.46775921
H       12.06337196      12.53776399       2.30236559
O       10.51870064       3.52282814      17.36507628
C       10.96772001       6.71103811      15.48315957
C       10.45336771       5.48075028      15.93427604
C       12.29910605       6.96926987      15.81536245
C       11.17820656       4.56681845      16.77869439
C       10.12020406       7.77839800      14.83159432
C       13.05520232       6.00203217      16.58079732
C       12.52720545       4.77927310      16.96567708
H        9.46429580       5.23729517      15.73594153
H       12.52247968       7.92967581      15.42148453
H       10.60115905       8.17361407      13.92137473
H        9.21450063       7.13915135      14.58965512
H        9.97161860       8.66934081      15.45288314
H       14.07390969       6.23889305      16.88857080
H       13.09885254       4.16100891      17.65487908
H       10.29604465       3.62701643       0.62757769
O        3.14641178      13.41769818       6.74986593
C        1.44204978      16.44105485       5.81110780
C        1.94363650      15.41248657       6.55247000
C        1.61523999      16.40576183       4.37725844
C        2.62771324      14.38856707       5.94592917
C        0.52225256      17.37170527       6.45779306
C        2.36590983      15.40874994       3.73376394
C        2.77041284      14.28584581       4.52672318
H        1.81695892      15.40109953       7.62876924
H        1.32232980      17.14522820       3.69000318
H       17.43352660      16.82576159       6.98316698
H        1.06450659       0.18985975       7.22210681
H        0.08037696       0.32020028       5.78167261
H        2.47616325      15.42538021       2.70985442
H        3.23668117      13.45874476       3.99526553
H        3.91508641      13.07908848       6.34183104
O       10.84216448       1.52558972       3.87636404
C       13.06053102       0.68773894       1.06175163
C       12.23315824       1.44883415       1.87539279
C       13.37239335      17.06435456       1.43845313
C       11.64541877       0.82797259       3.03812024
C       13.59095427       1.15916530      17.43189224
C       12.81725970      16.56430568       2.61300938
C       11.95831146      17.31187678       3.41876489
H       12.07081546       2.45605512       1.58618011
H       14.01295843      16.38221250       0.78268556
H       14.38078905       1.93843730      17.52355805
H       14.09131396       0.38510081      16.82796313
H       12.70988262       1.51668869      16.86837899
H       13.04458518      15.51749249       2.90837102
H       11.43272879      16.91019332       4.28675183
H       11.27366444       2.33737105       4.23099763
O        5.02239573      15.68714199      16.96861431
C        6.85164663      15.08630433       2.39132564
C        5.80593620      15.06429385       1.43192552
C        7.99279220      15.84056624       2.11088270
C        6.00593526      15.77717944       0.20040070
C        6.75335814      14.28774549       3.62687049
C        8.23298932      16.51163258       0.87841750
C        7.21462806      16.45070909      17.59596346
H        4.88606701      14.49056024       1.69061391
H        8.62764376      15.73030906       2.89422755
H        7.05858145      14.86344568       4.52246532
H        5.72780552      14.07380844       3.75463270
H        7.22179646      13.37752396       3.67281342
H        9.15978968      16.94886426       0.65327221
H        7.36880531      16.90530809      16.66188249
H        4.36790398      15.00080854      17.10134714
O        4.51707443      13.56111955       9.65179341
C        5.32619545      11.32685366      12.49549446
C        5.03298216      12.49012361      11.74751229
C        5.09522740      10.09072937      11.87377438
C        4.68968035      12.43518621      10.36844353
C        5.72129775      11.42128506      13.95446841
C        4.78540003      10.02527755      10.51088291
C        4.57577600      11.17821969       9.75647793
H        5.01296648      13.49494923      12.17176987
H        5.24180113       9.11037130      12.35375808
H        6.47770568      12.11035599      14.11582915
H        4.84234038      11.56222679      14.63437149
H        6.10977005      10.40809093      14.21256822
H        4.64548417       9.01732813      10.05645732
H        4.26338272      11.11185748       8.76821246
H        3.77340234      13.58333220       9.00540207
O        5.53547983       3.39474404      11.46192714
C        8.76949295       5.19852362      11.77780115
C        7.87077421       4.14050471      11.83115374
C        8.39924902       6.46148004      11.43864951
C        6.51948086       4.40582599      11.40502752
C       10.18005724       4.86296060      12.33240038
C        7.03481049       6.70956390      11.13748919
C        6.09757012       5.66516954      11.04105867
H        8.22399038       3.21333472      12.17745595
H        9.15036036       7.21440806      11.54137594
H        9.99122927       4.38986895      13.32525132
H       10.62562635       4.05165230      11.63316506
H       10.72360930       5.81419982      12.63433064
H        6.72795034       7.76468115      10.92877045
H        5.18912807       5.80937695      10.49873935
H        5.94013360       2.57308480      11.77633356
O       14.12974151       4.50213566       3.34238131
C       17.46452184       3.43395186       2.30167672
C       16.34558901       4.23640994       2.58600089
C       17.53376010       2.10075532       2.83456823
C       15.19959966       3.69375146       3.16847185
C        0.87351730       4.21695846       1.54346378
C       16.38436179       1.54339163       3.34937693
C       15.25787118       2.33059138       3.55983594
H       16.29695839       5.34347638       2.27167313
H        0.74714781       1.68805690       2.56103429
H        1.66895464       3.58066401       1.29018020
H        0.54761740       4.67198897       0.58341896
H        1.20395328       5.00444855       2.17294505
H       16.42769983       0.51585980       3.71661715
H       14.43938769       1.92791467       4.10710453
H       14.39101342       5.41416526       2.98757105
O       15.59717951      16.75957199      13.37791516
C       16.96346509      17.12638585      16.69344950
C       16.39443226      16.57703933      15.56981594
C       17.30461420       0.77360352      16.66010985
C       16.17802907      17.31499928      14.43605651
C       17.09787659      16.11223821       0.12241300
C       17.11131363       1.53032775      15.53754804
C       16.56273398       0.97136710      14.39025459
H       16.14637431      15.50706279      15.56980998
H        0.08659528       1.19872150      17.55897408
H        0.28811219      15.43294495       0.21033013
H       17.11320996      16.56307582       1.08937854
H       16.28855122      15.40047005       0.14687522
H       17.33833443       2.59176976      15.46534387
H       16.33514413       1.73012666      13.64948041
H       15.60231796      17.41339255      12.66279477
