512
Lattice="17.7128441229 0.0 0.0 0.0 17.7128441229 0.0 0.0 0.0 17.7128441229" Properties=species:S:1:pos:R:3 pbc="T T T"
O       12.20310759       4.93361057       3.65271870
C       10.73937577       4.55575093       7.02753629
C       11.02665107       4.43557904       5.67413041
C       11.70662507       5.29097638       7.77826426
C       12.15169288       4.98448881       5.02311673
C        9.45555574       3.97767876       7.62673111
C       12.91916496       5.78541212       7.20390953
C       13.07303672       5.64921355       5.76893201
H       10.30045828       3.89419613       5.01727505
H       11.42006230       5.48461796       8.79790007
H        9.07271067       3.27035404       6.95277022
H        9.63660427       3.41813537       8.52617667
H        8.73538902       4.73430591       7.83301059
H       13.64821329       6.25863408       7.84682477
H       13.97227965       6.03546860       5.37807031
H       13.06013500       5.23939827       3.42567689
O        5.40305660       3.39038161       3.25742070
C        8.20848226       5.80165377       3.26889446
C        7.23441769       4.86400291       2.81901357
C        7.99975937       6.44854677       4.53059748
C        6.17484846       4.42138433       3.62604449
C        9.34000502       6.24647644       2.38428692
C        6.94037631       6.02155620       5.31194042
C        6.07650123       4.96325069       4.91019961
H        7.44461612       4.34622262       1.96802156
H        8.57638237       7.30809747       4.81151786
H        9.16765684       7.29821442       2.05638827
H       10.19763844       6.43805546       3.08506128
H        9.71389090       5.57741874       1.63233364
H        6.64095289       6.60982860       6.22262289
H        5.35853937       4.59849468       5.55316105
H        5.80354700       2.55639559       2.95863698
O       17.16265789       1.85339972      11.44236919
C       14.74457643       2.57143748       8.66112995
C       15.92659197       2.54203563       9.42756719
C       13.52721712       2.15779094       9.25781998
C       15.97970947       1.89233362      10.69004401
C       14.85951904       2.98251492       7.23715891
C       13.52163948       1.61926262      10.59043536
C       14.72246365       1.48392359      11.28366809
H       16.86401384       2.88227995       8.99685336
H       12.67101104       2.17413909       8.62907839
H       15.61140621       2.30806904       6.82892318
H       13.94013138       2.89630979       6.66672665
H       15.28979743       4.07692853       7.24067276
H       12.55849610       1.24859880      11.04391071
H       14.68867683       0.96595321      12.20068678
H        0.06133063       2.52416441      11.06745123
O        3.94564225       2.27779344       9.59461947
C        2.80460252       1.64933951       6.17115704
C        2.83556278       1.98476414       7.53706015
C        4.04315861       1.48100473       5.58012366
C        4.01367976       2.04036178       8.26513883
C        1.51192486       1.50747720       5.42439653
C        5.25878748       1.52796573       6.24003593
C        5.26664648       1.83238627       7.62899096
H        1.93296954       2.20582147       8.10898826
H        4.10328615       1.23534149       4.54458819
H        0.89284696       2.45214938       5.42541910
H        1.68374069       1.29278539       4.42251513
H        0.81996848       0.82221755       5.94902506
H        6.23990973       1.30809047       5.71165319
H        6.24522612       1.91443940       8.08074116
H        4.83734120       2.33172045       9.98260853
O       11.26003746       7.29257755      10.47761078
C       13.89084367       9.83241568      11.06958598
C       12.56556907       9.27553201      10.95802323
C       15.05942814       9.10308616      10.89350160
C       12.44803887       7.91067074      10.65044012
C       13.96379198      11.34496289      11.33549738
C       14.92802857       7.75130828      10.64779093
C       13.65800753       7.23010899      10.30379882
H       11.72487288       9.93567760      11.28587510
H       16.06108010       9.40100660      11.11877182
H       14.97929946      11.72977023      11.12164439
H       13.30679405      11.92594812      10.66853016
H       13.67398351      11.62911957      12.37173908
H       15.87799795       7.17952745      10.55278904
H       13.52299209       6.21865669       9.95381104
H       10.53424978       7.78184559      10.79050546
O       15.38684726      14.09075263       1.69384617
C       14.65852281      16.06803385       4.74771092
C       14.89747441      15.69507951       3.36386646
C       14.65831421      15.11415023       5.74623121
C       15.14144823      14.37284223       3.01714972
C       14.51588988      17.56242898       5.20122451
C       14.79750059      13.76019034       5.36488823
C       14.93544401      13.40325289       4.04307956
H       14.90932899      16.42790555       2.57693013
H       14.54232329      15.45042037       6.76502090
H       15.57274583       0.26475223       5.21078613
H       14.02433231       0.56791907       4.45530788
H       14.12514653      17.65530492       6.21064311
H       14.59721885      12.95169038       6.00932580
H       15.02930675      12.30819863       3.95525119
H       14.55422711      13.66724794       1.45527154
O        0.61495708      10.72081710       1.64522497
C        3.01465066       8.87848296       3.82376283
C        2.12166348       9.12438392       2.73262404
C        3.57208286      10.02823531       4.54724764
C        1.60042477      10.45501126       2.50960282
C        3.44794119       7.44947642       4.10883141
C        3.04917332      11.36134730       4.33222989
C        2.08420225      11.54946565       3.33369577
H        1.74802488       8.24777318       2.26061194
H        4.33092505       9.79617345       5.36041118
H        3.45607264       6.81523292       3.17479406
H        4.39837877       7.38987068       4.66063480
H        2.68402170       7.16023132       4.75514581
H        3.44827152      12.17937483       4.87588786
H        1.64813002      12.54430545       3.15013636
H        0.69074960      11.63112856       1.26544125
O        0.66496282       5.55233946       9.28255020
C        2.65818698       8.36176458       7.94606355
C        1.59925472       7.62092362       8.43047696
C        3.86055831       7.68567730       7.57220957
C        1.75055710       6.28767138       8.80509615
C        2.46999252       9.80765306       7.74187953
C        4.04077662       6.29845235       7.86236691
C        2.98829724       5.67417211       8.56099621
H        0.58531190       8.03439148       8.53396688
H        4.70907941       8.24146194       7.13287497
H        3.23703585      10.39014234       8.04155069
H        2.26878969      10.02114667       6.77218758
H        1.62942005      10.11451343       8.41181821
H        4.90465840       5.78683960       7.71345610
H        3.07723350       4.67602442       8.93649628
H        1.08519744       4.96148939       9.88195306
O        1.79023257       3.71151698      10.81231600
C        1.08303872       5.35626718      14.03352528
C        0.89235840       4.69113192      12.78010960
C        2.36823037       5.19612324      14.67275290
C        1.95504711       3.97868395      12.14636890
C       17.70849761       6.22617320      14.70183776
C        3.35434535       4.42238021      14.10641397
C        3.16449979       3.85620625      12.86136053
H       17.62501475       4.78840856      12.35732941
H        2.46907031       5.75991615      15.58732385
H       17.13258744       6.68091368      13.97930632
H       17.12369106       5.60893442      15.32362608
H        0.54305432       6.95148285      15.41180586
H        4.35204915       4.28165399      14.57355369
H        3.96561455       3.31023921      12.40940675
H        2.66978692       3.48018009      10.43806208
O        7.32583253       0.66244060      12.54833260
C        4.31769350      16.60274375      13.92053742
C        5.19362613      17.40513983      13.15891083
C        4.82048061      15.96014071      15.00250821
C        6.58488470      17.64275360      13.44334784
C        2.78381854      16.67619975      13.68618817
C        6.16989552      16.08364283      15.31915949
C        7.05064767      17.02441153      14.61466574
H        4.75158222       0.10498334      12.23198391
H        4.12827911      15.41077928      15.66400923
H        2.46846673      17.64773677      13.40009452
H        2.57492991      15.92451499      12.96374770
H        2.29166620      16.47081570      14.56971999
H        6.60361056      15.46164853      16.14749573
H        8.14741659      17.02428021      14.87939190
H        8.23381317       0.74225107      12.87506165
O       17.54713462      10.64638974      13.30242366
C        2.85276998       8.95058417      14.62029462
C        1.65647978       9.67885141      14.58407649
C        3.26462221       8.21258196      13.49599446
C        0.83109777       9.76839926      13.46293936
C        3.81180700       9.03253682      15.85393245
C        2.43575052       8.20045288      12.31948375
C        1.31864067       9.00400220      12.31300366
H        1.29310173      10.15544038      15.49888988
H        4.10481121       7.54051668      13.59233890
H        4.38422109       8.05200689      15.89359805
H        4.43881398       9.96643081      15.60603717
H        3.20312039       9.08926649      16.77278621
H        2.60766356       7.62716217      11.49462214
H        0.70952826       9.14065267      11.41040689
H       17.58491992      11.34846132      14.03573736
O        7.84834807      14.66872311       9.25508069
C       10.58207874      16.83980309       8.25181811
C        9.84237376      15.70376651       8.55337012
C       10.00991354       0.43108987       8.23201728
C        8.53390215      15.81576798       8.94629922
C       11.99922900      16.68570703       7.91231459
C        8.62723582       0.56025182       8.65398303
C        7.87770080      17.08128970       8.91633002
H       10.34734589      14.76034938       8.63344573
H       10.46934046       1.37844004       7.99907408
H       12.43325093      17.64398011       7.62774396
H       12.53482232      16.45721382       8.87552700
H       12.05742544      15.80903879       7.25893409
H        8.29823447       1.55794815       8.64019097
H        6.84448310      17.14888744       9.09223018
H        6.95506166      14.92400159       9.42708715
O       10.66092053       9.96416211       1.11435405
C        7.71316461      10.66407061       3.35443704
C        9.05854995      10.45594191       2.91464828
C        6.69172159      10.62971796       2.34253051
C        9.36041874      10.13655696       1.56621392
C        7.42666424      11.07247420       4.69981546
C        7.04211982      10.27484656       1.01244809
C        8.31626777      10.04771164       0.64794846
H        9.84665547      10.50849754       3.60096134
H        5.60143889      10.85369766       2.55210928
H        8.30478436      11.52050868       5.18225293
H        6.67497385      11.81723393       4.71042588
H        7.05025724      10.24644869       5.24507968
H        6.29438054      10.20136655       0.23297963
H        8.62029358       9.63626934      17.37095432
H       10.71149703       9.87973601       0.13017945
O        9.59432174       1.18814792      13.68229490
C       12.28718812      16.58262392      12.82942574
C       10.98314325      17.16571445      12.83481495
C       13.29751740      17.04959041      13.66602034
C       10.77611942       0.50257130      13.68554625
C       12.64130013      15.47635582      11.83466341
C       13.02973090       0.29662851      14.66044801
C       11.75145645       0.86682531      14.64145646
H       10.24277721      16.98954926      12.09336561
H       14.36943903      16.67399546      13.69524642
H       13.45823554      15.86981593      11.20785979
H       13.05685403      14.54602996      12.27890584
H       11.82101204      15.15701543      11.12250372
H       13.85169884       0.63744379      15.30673894
H       11.47659053       1.63901545      15.40580788
H        9.45117436       1.60639272      14.51286850
O       16.10156371      10.06633335       3.56264450
C       16.77418547       7.13505059       5.69219207
C       16.81117634       7.98756937       4.58508091
C       16.05342243       7.51998209       6.81968688
C       16.21171611       9.20694908       4.66908843
C       17.55860592       5.88091671       5.60054956
C       15.48433239       8.78977928       6.91857918
C       15.56373547       9.69616212       5.82127436
H       17.41089376       7.73417628       3.73701033
H       16.10946985       6.85764181       7.70056278
H        0.22378788       5.63979418       6.61345484
H       16.87049550       5.11786974       5.28562764
H        0.61358199       5.96682896       4.90127371
H       15.03268559       9.13174158       7.81547322
H       14.99111766      10.60726523       5.98730391
H       16.89992743      10.41921060       3.21530629
O       12.37792105      11.33721503       2.53621823
C       12.12313229      10.88277417       6.16152549
C       12.24353805      11.53742929       4.88511105
C       11.90700310       9.50053891       6.12469012
C       12.30602870      10.74758616       3.71035138
C       12.08209518      11.63305989       7.44495103
C       11.97857708       8.65566676       4.97062537
C       12.18086358       9.29901217       3.74592207
H       12.34242331      12.56365796       4.85251469
H       11.71858305       9.00726111       7.09250227
H       12.11108360      12.68406984       7.26697237
H       11.23033440      11.42322778       8.01631622
H       12.89890346      11.26768418       7.91206205
H       11.91498580       7.60882624       4.96431009
H       12.12440452       8.62943808       2.82933370
H       11.98469537      10.66227228       1.93419699
O        9.36250411       3.14425540      15.72664504
C        5.80159182       2.87569254      16.58257156
C        7.11804880       2.60257078      16.04931429
C        5.67607314       4.05900732      17.29340410
C        8.12192574       3.55885006      16.09219499
C        4.69382345       1.85342814      16.41130946
C        6.65568617       5.03759632      17.33348834
C        7.84629822       4.78650775      16.65350298
H        7.35470721       1.69908596      15.58091942
H        4.82443728       4.19620859       0.25899505
H        3.92513902       2.22071572      17.12629866
H        4.33197617       1.89462447      15.39463290
H        4.81418209       0.76823803      16.69119465
H        6.53728428       5.86777679       0.24562166
H        8.69398977       5.42438754      16.83281785
H       10.07966727       3.53007396      16.17699722
O        6.42647324       0.39618056       3.10296131
C        3.76322293      16.15890287       1.36736621
C        4.47682701      17.22106844       1.99677815
C        4.46012864      14.99327065       1.02678736
C        5.82164533      17.15027452       2.28283016
C        2.29988683      16.32287066       1.13243742
C        5.85522301      14.91507010       1.27873970
C        6.52619346      16.00750440       1.92154812
H        3.84304186       0.45152863       2.10819150
H        3.97529376      14.18165647       0.44380178
H        1.74501948      16.78147151       1.96769134
H        1.94427152      17.01396838       0.38964626
H        1.77275048      15.41082585       1.00071999
H        6.21192215      13.91914018       1.05580249
H        7.58901141      15.96927883       2.23073366
H        7.30856989       0.22211949       3.30914921
O       11.07775925       9.77898363      15.99261226
C        9.58234909      11.20545524      12.86675105
C       10.50697642      10.95651986      13.91936855
C        8.63849506      10.30354671      12.57611293
C       10.30419224       9.86857428      14.84241916
C        9.63336803      12.49258497      12.15162447
C        8.39746867       9.22118429      13.38605539
C        9.19878931       9.05043771      14.55676388
H       11.38179585      11.59578731      14.03881492
H        7.98473106      10.32182854      11.75446207
H        9.51456327      12.09208815      11.10983779
H        8.76889056      13.17430080      12.47085436
H       10.61935624      12.97145721      12.29042142
H        7.56927937       8.57979788      13.31697277
H        8.90777516       8.11707787      15.14441709
H       11.92830489      10.23119330      16.03493399
O       15.04212333       8.55630180       1.75980488
C       14.34706818       8.40142162      15.90759298
C       14.50907661       7.98881833      17.23466302
C       14.74669261       9.67401964      15.47790516
C       14.93303220       8.93030630       0.50791650
C       13.86261430       7.40956934      14.84778577
C       15.24309355      10.59173509      16.45484648
C       15.33112277      10.20256230       0.10092735
H       14.03703145       7.02204606      17.49535935
H       14.69065172       9.93180807      14.41981546
H       14.64685876       6.69026970      14.76400257
H       12.84695174       7.06077592      15.02177354
H       13.84758315       7.87794192      13.87167570
H       15.49103603      11.60779922      16.22828719
H       15.65572853      10.91065618       0.86008553
H       15.34151311       9.22234120       2.38238263
O        8.40062715      12.35667558       8.02749642
C        6.60109253       9.44001872       9.55187829
C        7.06359175      10.76630420       9.33264711
C        7.16680270       8.37044809       8.81474360
C        8.01994214      11.05467333       8.30576171
C        5.52629018       9.27095760      10.62454324
C        8.10853952       8.65925596       7.83965154
C        8.61270093      10.01181617       7.61453222
H        6.75916066      11.64646231       9.92471781
H        6.85309977       7.41046078       9.06787112
H        4.88194411      10.24383408      10.67506499
H        4.93987792       8.37696502      10.21870763
H        6.00378852       9.24539258      11.60091268
H        8.43989128       7.82877471       7.26109894
H        9.38167648      10.27700843       6.84970235
H        8.23732875      12.98488791       8.74394803
O        0.17842712      13.35137280       1.17785881
C       17.68153955      13.73714578      15.30221764
C       17.31401584      13.70333556      16.63677176
C        1.29654270      13.58085249      14.95186695
C        0.55333870      13.41150695      17.59903481
C       16.63058246      14.00122023      14.22598139
C        2.28152508      13.24254408      15.91591013
C        1.85761926      13.13535589      17.27386795
H       16.25676563      13.82036099      16.94732528
H        1.63090411      13.80876141      13.97663922
H       16.69271333      13.37936476      13.33978141
H       15.60567200      13.91540977      14.51888089
H       16.80282107      15.04554326      13.90350382
H        3.36765564      13.14702252      15.72483061
H        2.53922346      12.77639541       0.30044959
H       16.99828857      13.66767676       1.32936546
O        1.12638613      15.48603642      10.71740840
C       16.40955454      13.18833432       9.23509297
C       17.58650716      13.65398380       9.86784085
C       15.22740901      14.02124278       9.12640365
C       17.65753693      14.95497792      10.34139991
C       16.44742955      11.75169625       8.61837795
C       15.33077643      15.30158183       9.59073321
C       16.52874775      15.74893096      10.16066044
H        0.71675317      12.95491707       9.90674922
H       14.34753649      13.65878215       8.55069645
H       17.34988862      11.91932570       7.86931966
H       16.57947845      11.08561553       9.51571055
H       15.61565732      11.35309039       8.04673271
H       14.65369817      16.07600975       9.51005661
H       16.67201205      16.83164034      10.19206076
H        1.21048454      16.47740743      10.81044123
O       13.27823014      12.82768268       0.59901231
C       10.10647415      13.38156746      16.62317855
C       11.03226651      12.98253638      17.59379022
C       10.53682048      13.97824003      15.45651861
C       12.40086718      13.08832690      17.32889549
C        8.63053643      13.28309096      16.89323076
C       11.93928354      14.08713523      15.20169997
C       12.85513844      13.63678586      16.14982566
H       10.71823714      12.43680907       0.77861403
H        9.79309805      14.44346644      14.75042228
H        8.33008161      12.29455783      16.53720091
H        8.38047897      13.42167554       0.25023276
H        8.13491365      14.07835575      16.27337950
H       12.17338008      14.43549960      14.21083939
H       13.91727623      13.58565959      16.01921365
H       12.92984561      12.36442472       1.39951646
O       11.03669159       4.51603730      17.13295754
C       13.76539957       4.03657791      14.64356422
C       12.48386380       4.27969044      15.24129184
C       14.86266008       3.83224906      15.49950135
C       12.29269272       4.33371254      16.61158240
C       13.78579081       3.89865364      13.10935317
C       14.72226620       3.98047229      16.92530070
C       13.43475662       4.13415814      17.45609727
H       11.67788335       4.44775526      14.49329310
H       15.83026646       3.63000537      15.09630383
H       13.29925612       2.92871555      12.76941021
H       13.12561212       4.65823984      12.68611453
H       14.79330780       3.97797940      12.71201888
H       15.48549047       3.56436860      17.58720260
H       13.27796028       4.32217147       0.70227938
H       10.90384917       4.33502179       0.31596967
O        5.21037543      15.64121039       7.17128845
C        1.52673954      15.72698034       6.54383534
C        2.75134378      15.82012993       7.31423593
C        1.59588539      15.17624911       5.25150422
C        3.94106611      15.55757895       6.59989488
C        0.16742457      16.21314789       7.11714554
C        2.79909690      14.72370315       4.64932400
C        3.97279940      14.91983233       5.34343192
H        2.75211518      16.14665919       8.33670606
H        0.70691934      15.11260504       4.60739287
H       17.30813183      15.30721893       7.29685939
H        0.29333901      16.70931435       8.08461949
H       17.28803075      16.78887687       6.47878668
H        2.80415507      14.52936193       3.56421090
H        4.87845100      14.61021194       4.81759944
H        5.78961050      15.04018115       6.60537886
O       12.31825679       2.58981448       2.05564873
C       10.05817033       0.20455990       0.35263284
C       11.26115401       0.83649966       0.78967830
C        8.83158276       0.88108089       0.65275021
C       11.24137513       1.91486319       1.64256879
C       10.01799084      16.60999089      17.36630250
C        8.82165898       1.97012597       1.56347405
C       10.06658819       2.49172082       2.07382759
H       12.31037712       0.52577427       0.57495210
H        7.88638691       0.56415145       0.20388788
H       10.24966880      16.85890368      16.26538681
H       10.80286531      15.93980861      17.69143809
H        9.04539496      16.13684116      17.62929630
H        7.87019151       2.35553219       1.83683210
H       10.08991079       3.40274181       2.68728173
H       12.04616238       3.43835273       2.50426338
O        7.27678758      14.31746693       5.85984983
C       10.12460190      15.66151409       3.92267675
C        9.30822113      14.70960524       4.61469363
C        9.91240574      17.06294727       4.03080155
C        8.24109037      15.21241353       5.42279158
C       11.35024910      15.27184433       3.17144718
C        8.81540105      17.51260571       4.79512075
C        8.02026026      16.62146329       5.41687896
H        9.50985525      13.69904828       4.50502847
H       10.52893544       0.09360326       3.54800361
H       11.98558532      14.51225427       3.62189077
H       11.16015842      15.03265127       2.11525378
H       12.02863311      16.21400332       3.17615558
H        8.45999608       0.87700699       4.89215672
H        7.18838382      16.93298665       6.00521223
H        7.70016343      13.51735311       6.18060855
O        5.32951792      14.70684569      10.11724949
C        5.48725524      12.70358184      13.24958004
C        5.79948535      13.74515346      12.31513544
C        4.37827746      11.85524822      13.01490687
C        5.03624232      13.83798944      11.09246239
C        6.35021058      12.63998138      14.49258236
C        3.65456744      11.96507835      11.80323393
C        3.98342352      12.93196674      10.84081017
H        6.54598608      14.52170946      12.55022252
H        4.12891970      11.22848455      13.86493498
H        5.80720329      12.97296678      15.42181721
H        6.74312459      11.63042052      14.60774263
H        7.06797533      13.38036565      14.31710310
H        2.95167823      11.16731330      11.55788025
H        3.47059885      12.97319990       9.91183070
H        4.64752389      14.87314440       9.46471698
O        6.12517261       2.24532338      10.88766828
C        8.57695164       4.91812637      11.78638242
C        7.97761818       3.61467149      11.62226126
C        7.77637556       6.01220168      11.65876202
C        6.63774418       3.45674402      11.23812927
C        9.97638970       5.09075318      12.27066279
C        6.43517915       5.91273708      11.25634394
C        5.93926785       4.64601127      10.97044129
H        8.60645383       2.72741516      11.80164929
H        8.22091201       6.93892047      12.00896198
H       10.65738470       4.99250980      11.44915012
H       10.20934222       5.84234566      13.01407431
H       10.21351572       4.29705298      12.96998101
H        5.80076442       6.72009097      11.12800466
H        4.89538026       4.66852885      10.61297940
H        6.65358649       1.60911243      11.36899485
O       14.77690168       5.69635294       2.37641671
C        0.48427391       4.41518761       1.61001535
C       17.07050179       5.27477236       1.60669340
C        0.47093258       3.33305345       2.47288654
C       15.93358012       4.91697483       2.41250009
C        1.62757908       4.64602254       0.64202437
C       17.08727236       3.02723587       3.29462635
C       15.97602544       3.88657668       3.31584697
H       16.97016447       6.14600069       0.93598637
H        1.30521661       2.62103796       2.61184688
H        2.34244193       3.76408484       0.47529949
H        1.24478130       5.00364938      17.36531404
H        2.26152880       5.48774981       1.03354860
H       17.13505476       2.27043199       4.02408595
H       15.01998342       3.68283765       3.85063586
H       15.08720157       6.53631593       2.02414643
O       16.80248558      17.60560530      13.17175322
C       16.71514048       0.26615756      16.82612638
C       16.54794407      17.45127726      15.56984789
C       17.57452959       1.37181797      17.02492491
C       17.04538550       0.38585439      14.43559985
C       16.02668168      17.46847804       0.35277112
C        0.45440419       1.97514060      15.89947450
C        0.18886439       1.47568919      14.63752814
H       15.94313782      16.61363695      15.28235001
H       17.66028851       1.73805720       0.31042825
H       15.15954440      16.87175242       0.13897365
H       16.62957444      16.83779858       0.95765560
H       15.56232202       0.58770263       0.84350245
H        1.25904427       2.66954894      16.02825836
H        0.66541349       2.00652163      13.80416569
H       16.91667522       0.70288399      12.72145360
