512
Lattice="17.7128441229 0.0 0.0 0.0 17.7128441229 0.0 0.0 0.0 17.7128441229" Properties=species:S:1:pos:R:3 pbc="T T T"
O       11.61965807       3.65604664       4.35496850
C        8.75575952       3.85278365       6.55424519
C        9.67126060       3.42095883       5.56931061
C        9.00375511       5.09340753       7.21770503
C       10.84824006       4.14630602       5.36669915
C        7.46161076       3.10759657       6.69978043
C       10.18003932       5.72072619       7.07113540
C       11.14295170       5.28987483       6.13380303
H        9.58586573       2.55316459       5.02065415
H        8.40429915       5.47900131       8.06080127
H        6.70271356       3.66275234       6.03262215
H        7.50482644       2.10767449       6.24725282
H        7.07288888       3.00538991       7.71132005
H       10.27072077       6.59370991       7.82787978
H       12.02235130       5.85814515       5.94624178
H       12.40896076       4.20054139       4.24398163
O        5.70174408       3.63839194       3.41882172
C        8.12465536       6.32594177       2.75824873
C        7.45674695       5.06148263       2.63167020
C        7.42958758       7.38506262       3.38746628
C        6.25250640       4.85931664       3.33963128
C        9.49209818       6.47456462       2.21742205
C        6.17481016       7.16681048       4.02549392
C        5.61180165       5.89998238       4.00775485
H        8.05065506       4.25682111       2.23650429
H        7.89654400       8.35048923       3.51142706
H       10.02166671       7.26023447       2.68503589
H       10.17538103       5.62527036       2.43948234
H        9.42524895       6.63251343       1.14092024
H        5.56965538       7.93259255       4.48733747
H        4.67091693       5.80404869       4.60876909
H        5.89051469       2.87551230       2.90707030
O       16.17070374       1.11517950      10.63777101
C       14.41412485       3.87540297       9.02447075
C       15.39305133       3.20133299       9.73191068
C       13.13941811       3.31612287       8.79326623
C       15.16972820       1.84529379      10.13277811
C       14.70476637       5.27348657       8.52298115
C       12.92401906       1.95681672       9.23150131
C       13.88377288       1.27766978       9.92534287
H       16.39183456       3.58232756       9.91641920
H       12.32824833       3.67367903       8.21744382
H       13.82594614       5.45767788       7.98135184
H       14.82538084       5.98715479       9.35333768
H       15.50739869       5.36963523       7.88428402
H       12.03849034       1.37419698       9.08173996
H       13.62701464       0.33544691      10.25528763
H       16.91394941       1.64232902      11.02936132
O        2.86792225       1.61137270       9.98176241
C        1.49469473       2.74637838       6.79848299
C        1.55626789       2.25459904       8.11027683
C        2.64631223       2.54978727       5.94711548
C        2.80172881       1.84601611       8.65946874
C        0.19532421       3.47983024       6.31887732
C        3.83315388       2.03339355       6.49601981
C        3.98995754       1.75300782       7.84789610
H        0.68892996       2.30925950       8.74917642
H        2.55298885       2.85821979       4.92161257
H        0.45469745       4.35945690       5.72878151
H       17.21358771       2.79484676       5.86741622
H       17.29684660       3.88216062       7.19543054
H        4.69625545       2.03115288       5.90592484
H        4.94227291       1.38871817       8.29327900
H        3.73672089       1.71320546      10.31409133
O       13.77680508      10.26106189      10.17754942
C       16.77509536       9.76387831      12.16399393
C       15.68122564      10.42945579      11.50923418
C       16.92173089       8.34085710      12.13325804
C       14.85661370       9.65558672      10.76837550
C       17.61585204      10.67348273      13.01412659
C       15.98712790       7.58898530      11.44295065
C       14.87023261       8.25179635      10.83367469
H       15.57210532      11.51332015      11.55975818
H        0.00658092       8.04556171      12.78416652
H        1.00239079      10.25580300      13.07019696
H        0.03956037      11.70613833      12.62887084
H       17.23496468      10.81423265      14.01245673
H       15.99934112       6.47860245      11.52068541
H       14.08256678       7.67501057      10.40235571
H       13.92105230      11.20617569       9.91396943
O       16.43029049      14.61760280       2.50617468
C       15.80898757      16.98646351       5.33311425
C       16.36841191      15.88750626       4.61188175
C       14.67042136      17.67209270       4.85352016
C       15.92971346      15.65052237       3.26428731
C       16.38684487      17.40783946       6.72692252
C       14.28163195      17.49294809       3.55995541
C       14.85734359      16.45448395       2.74306931
H       17.14856709      15.24649401       5.03267819
H       14.30977294       0.82591242       5.30322198
H       16.18026470      16.77581772       7.63970700
H       17.43398045      17.35805721       6.60876453
H       16.07642133       0.70315197       6.87225873
H       13.62686828       0.51770976       3.22540576
H       14.68560992      16.56569828       1.65830322
H       15.78992189      14.21343919       1.90882035
O        2.35193776       9.46020262       0.65668453
C        2.66186915       6.12606886       2.21557913
C        2.57616954       7.13160237       1.20899809
C        2.47790460       6.40759253       3.56787187
C        2.39697185       8.46722534       1.57330830
C        2.79991960       4.68704118       1.83007599
C        2.14273991       7.71010190       3.92888784
C        2.19114901       8.77962653       2.92502548
H        2.66105702       6.88181989       0.19248623
H        2.62818456       5.63162487       4.30260477
H        3.84917650       4.57554180       1.63199305
H        2.51414843       4.08135277       2.69237689
H        2.01967226       4.48148661       1.02983024
H        1.96690783       8.04709006       5.02329221
H        2.06608782       9.82038032       3.19992465
H        2.38141564      10.33298665       1.01513632
O        2.27403911       8.85336772      11.14831008
C        3.59958240       9.01766799       7.80984853
C        3.07289307       9.39032147       8.99649487
C        3.86746364       7.64331561       7.52266356
C        2.89561318       8.45488216      10.00913827
C        3.97496559      10.06213473       6.72306611
C        3.60451121       6.62860102       8.55384481
C        3.08848903       7.09414821       9.79660787
H        2.78218649      10.41672866       9.23114644
H        4.13607814       7.27926853       6.57307472
H        3.49364616       9.98922991       5.78123013
H        3.89720414      11.06416689       7.05990411
H        5.07406551       9.80281514       6.58269329
H        3.78188092       5.51902105       8.48713325
H        3.01022686       6.30243293      10.59964182
H        1.67025675       8.23233624      11.31478792
O        0.88321111       2.17241799      11.45402183
C       17.11284561       4.69987436      13.68230815
C       17.29197608       3.66706509      12.78402122
C        0.53594407       5.34240356      14.15877834
C        0.74688475       3.32541525      12.19603484
C       15.69819176       5.04250919      14.18372943
C        1.77304901       5.05335778      13.54712857
C        1.87548365       4.02170075      12.60671050
H       16.42951642       3.12617753      12.56310516
H        0.42852455       6.09505889      14.85400978
H       15.50169074       4.68142207      15.15849118
H       15.60818975       6.11532730      14.26517483
H       14.81119333       4.63310958      13.65002127
H        2.72018476       5.50071110      13.96459238
H        2.90485600       3.73874666      12.48633051
H        1.54819333       2.05188972      10.78025078
O        6.19488084      17.18851784      12.77161892
C        3.05325813      15.39421090      13.37950669
C        4.08138058      16.17593173      12.76302612
C        3.23117542      14.96060913      14.73528830
C        5.26234090      16.47144621      13.47889981
C        1.87130485      15.04950693      12.59672426
C        4.42838246      15.19215462      15.42868863
C        5.44631414      15.96414081      14.82255794
H        3.87746986      16.69428106      11.77876223
H        2.42751608      14.44937100      15.25110929
H        1.87354752      15.50883096      11.60105325
H        1.74406105      13.93469181      12.46471657
H        1.04967343      15.43423679      13.12099611
H        4.64275194      14.71885608      16.33409126
H        6.26590691      16.03683277      15.52416773
H        6.91199419      17.16537255      13.35053799
O        3.08825189       9.10144023      15.31436572
C        6.37444369       7.78483486      15.50314132
C        5.29043719       8.45402255      15.90874972
C        6.39639493       7.05888133      14.30616599
C        4.23626696       8.55805356      14.97788036
C        7.52918527       7.69176747      16.44989698
C        5.29239785       7.22058389      13.36210256
C        4.20345670       7.90569761      13.72337493
H        5.26083991       8.93725435      16.89658515
H        7.27983414       6.45965503      13.95482160
H        7.21994153       7.24915341      17.36765553
H        8.31985823       7.01479133      16.15113820
H        7.85668029       8.71597044      16.59556681
H        5.27384708       6.81319004      12.41617489
H        3.30281125       8.04997413      13.16656122
H        2.86569111       9.41446894      16.21357188
O        8.97984773      14.57000254       9.38100097
C       10.80658639      16.86767765       7.11486038
C       10.39657350      15.68610303       7.83465374
C        9.93197790       0.27694311       7.20756912
C        9.33052887      15.71366794       8.68276660
C       12.08341650      16.90605994       6.32772180
C        8.94033148       0.34781204       8.18076609
C        8.65979262      16.89984045       8.91041306
H       10.90483311      14.75751053       7.75569263
H       10.25771371       1.10951740       6.61219528
H       12.97225882      17.14454734       6.99502390
H       12.32636209      15.92322078       5.98122390
H       11.94064522      17.56694036       5.50031960
H        8.37060792       1.21696190       8.34794908
H        7.85824350      16.96879755       9.71834015
H        8.19709924      14.68040231       9.99192014
O       10.58995472      10.40107255      17.56331761
C        8.01254472      11.98909999       1.99328689
C        8.87508521      10.99344377       1.46622149
C        7.86808048      13.23947739       1.37106212
C        9.70043576      11.30931858       0.35935264
C        7.21500787      11.63143006       3.25008102
C        8.65387175      13.55171936       0.22986917
C        9.56153759      12.60680864      17.46877555
H        8.87172734       9.97970035       1.86202406
H        7.18787915      13.92211005       1.72042415
H        7.58156073      10.83207100       3.90056303
H        7.09219099      12.45802883       3.85732424
H        6.15603282      11.47066235       2.95079764
H        8.57328882      14.63816173      17.60495222
H       10.29833492      12.77438549      16.68398228
H       10.85606142      10.57173593      16.69132416
O        7.80294654       0.76736333      14.42441353
C       10.81750005      17.63501134      12.52987199
C        9.47159711      17.64709685      12.97392382
C       11.72970525       0.87998238      13.09925717
C        9.07890865       0.75145969      14.05443266
C       11.14025468      16.69969927      11.34700811
C       11.27940758       1.83402200      14.04621666
C        9.99231859       1.72767281      14.59409917
H        8.67994655      17.10239570      12.47007351
H       12.85281962       0.93842952      12.81921091
H       11.65880755      15.73452988      11.60229886
H       10.14298501      16.41173883      10.97572306
H       11.58877415      17.27650360      10.49486708
H       11.89790608       2.59034831      14.40908328
H        9.63047478       2.44453432      15.34737158
H        7.45253989       1.48252854      14.98687249
O       15.16827883       7.88616921       3.89501072
C       17.17184012       8.36364057       6.92756821
C       16.32731053       7.74130070       5.96464653
C        0.17573003       9.52531618       6.62939119
C       16.10639033       8.37977886       4.75202864
C       17.41403082       7.80100945       8.34596628
C       17.65087717      10.12462759       5.45457810
C       16.81359711       9.56385444       4.51914732
H       15.74303594       6.91168395       6.24144258
H        0.88540614      10.00619203       7.36381866
H        0.29422915       8.50339844       8.92438479
H       16.47310041       7.76249270       8.85415629
H       17.69708706       6.69847101       8.18624426
H        0.50746804      11.03542432       5.19259083
H       16.66039260      10.06137489       3.56703418
H       15.09086917       8.54906911       3.18011322
O       12.70381231      11.18961554       1.65817005
C       12.00358909      11.45422092       5.35196260
C       12.34078433      11.86531338       4.02713175
C       11.43310533      10.15871145       5.53731796
C       12.34588090      10.92133390       2.94520575
C       12.05234223      12.40966718       6.53596458
C       11.25753560       9.25752406       4.47449720
C       11.77887583       9.65555714       3.23400812
H       12.76164847      12.81306540       3.83034536
H       11.13653561       9.84026162       6.50539504
H       11.28645867      12.31112235       7.26286502
H       13.02506321      12.13632095       7.08333811
H       11.92154444      13.44774867       6.15662909
H       10.83013092       8.26933111       4.62249494
H       11.82911928       8.94386074       2.45163213
H       11.94690629      11.07436051       1.14406240
O        7.08761568       2.35700266      16.57604531
C        3.42642915       2.27915226      15.77366074
C        4.78157074       1.80850661      15.96283725
C        3.09884299       3.58276123      16.10993991
C        5.78630773       2.72025086      16.40860844
C        2.34429443       1.22339303      15.37127701
C        4.08134446       4.47972528      16.42912391
C        5.40125731       4.05517569      16.61803138
H        5.08467469       0.78993031      15.60553461
H        2.05730121       3.88351709      16.08586063
H        1.79805131       1.13850743      16.27517019
H        1.66990546       1.44404351      14.55250231
H        2.82921126       0.29537479      15.21675030
H        3.80469277       5.45564704      16.74738223
H        6.09475326       4.82870055      17.01460066
H        7.68609500       3.06461764      16.94896841
O        6.23307562       1.54113602       1.52602280
C        2.95678581       0.04152995       2.12493061
C        4.00542783       0.93289423       2.20302783
C        3.16150198      16.46364580       1.57323495
C        5.28207798       0.59287992       1.64115981
C        1.64255197       0.35848631       2.90690500
C        4.45608037      16.03448132       1.18999881
C        5.52376652      16.96717133       1.19313679
H        3.91728661       1.91575314       2.69340748
H        2.35429815      15.74442914       1.55284109
H        1.45123956       1.33073386       3.26585356
H        0.76744849       0.15819684       2.25697326
H        1.68976488      17.38291627       3.76272383
H        4.52663770      14.95543598       0.89771413
H        6.43769620      16.76684615       0.63759113
H        6.52647404       1.57603030       0.63405520
O       11.83152740      11.45231507      15.56190821
C       11.40004965      11.57170590      11.98607294
C       11.72981199      11.91507745      13.27028100
C       10.89881346      10.32132855      11.67630960
C       11.54897343      11.07060920      14.29686627
C       11.51293408      12.59038731      10.90945047
C       10.74573716       9.42820441      12.72173337
C       10.99696327       9.78902472      14.04112769
H       12.12537952      12.92821972      13.43458079
H       10.59956378      10.08545247      10.64193550
H       11.43893720      12.20308852       9.90982435
H       10.68177993      13.28630329      11.13474407
H       12.53089960      12.92415205      11.06702193
H       10.30108917       8.41201425      12.60273586
H       10.86539704       9.12774850      14.88760988
H       12.51156493      12.14498856      15.52113908
O       14.96658579       9.75319632       1.80648807
C       15.08957225       8.78654402      15.98451894
C       14.58495500       9.21395591      17.25646822
C       16.50582997       8.53990600      15.80155581
C       15.40812084       9.24705634       0.65533351
C       14.10317132       8.86904281      14.82093122
C       17.24939569       8.51168945      16.97028454
C       16.80108129       8.93073269       0.53040600
H       13.49143949       9.47697346      17.26973137
H       17.00519580       8.43745322      14.83042279
H       13.14953571       8.42001475      15.10944708
H       14.00158262       9.88840437      14.65900738
H       14.51260286       8.19612544      14.07782338
H        0.60137281       8.22195943      16.86753857
H       17.36873699       9.01839331       1.41977175
H       14.07982420      10.18239342       1.89956591
O        8.60039922      12.38429198       7.36570130
C        7.95267529       9.41225369       9.34708577
C        8.20943524      10.72097434       9.08851508
C        7.90732143       8.46292679       8.32170382
C        8.42254255      11.09889141       7.70650403
C        7.60598554       8.92625520      10.75908604
C        8.22693223       8.78353412       7.04024222
C        8.39566065      10.11630875       6.67274602
H        8.05346729      11.50159808       9.78042721
H        7.85542330       7.42986603       8.58063533
H        6.72743356       9.38838181      11.27499728
H        7.40932982       7.81203555      10.86332815
H        8.59305604       9.09246563      11.27242743
H        8.30370249       7.98453454       6.34660868
H        8.78565760      10.42175452       5.73215979
H        8.73572446      13.01228007       8.03953578
O        0.65695704      12.79702154       3.14032630
C        1.87062028      12.19364897      17.44199469
C        0.98118746      12.42097192       0.81064295
C        3.25830709      12.31120113      17.60915486
C        1.53222450      12.52293096       2.14198582
C        1.23699725      11.82424374      16.15334448
C        3.82923003      12.42243650       1.25889126
C        2.91173595      12.49470389       2.35680203
H       17.61476764      12.35795536       0.61573959
H        3.86007359      12.11130776      16.72256792
H        0.20177292      12.08748532      16.23987938
H        1.58693678      12.38162062      15.35488403
H        1.22479554      10.70845640      15.97572986
H        4.88242713      12.47830968       1.48540149
H        3.27690881      12.65487744       3.39200922
H        0.11809176      13.56707655       3.08117380
O       16.11605787      14.11379120      11.79180998
C       15.45840618      13.58681292       8.23829099
C       16.04835196      13.45347371       9.47930736
C       14.33018838      14.35001834       8.12287549
C       15.54717563      14.16472006      10.55897502
C       15.95160207      12.70577834       7.11995486
C       13.71920533      14.93063029       9.23684543
C       14.42022733      14.94629582      10.43019153
H       16.91369504      12.89788001       9.61591207
H       13.79528658      14.40959983       7.16746826
H       17.03444377      12.49837865       7.26962074
H       15.43757577      11.77377744       7.19598543
H       15.79480851      13.22554464       6.15764703
H       12.80785614      15.41956343       9.15073391
H       13.98120462      15.41226238      11.31945852
H       16.03468296      14.97340939      12.27742538
O       13.89199104      13.66821689       1.33367965
C       13.46421222      14.36408889      15.42586412
C       13.27080360      14.44207287      16.80845291
C       14.31035352      13.37433479      14.89457798
C       13.99956898      13.57012928      17.68216049
C       12.90560538      15.39097777      14.51157750
C       14.87626223      12.49393176      15.76658359
C       14.77765845      12.58271884      17.18482137
H       12.63089290      15.16768441      17.36850978
H       14.45982309      13.34110126      13.83429182
H       11.80358222      15.35471234      14.66540368
H       13.19476953      16.50201825      14.57774837
H       13.09594289      14.96629554      13.52210813
H       15.43524422      11.63452345      15.40871158
H       15.36435876      11.92294253       0.16458214
H       13.50168192      12.86282066       1.65060661
O        9.29205973       4.09101290       0.09267334
C       11.57748339       5.40335472      15.25312187
C       10.42331816       4.86153472      15.86865139
C       12.77704213       5.64739972      15.97486053
C       10.44208889       4.58627882      17.21842194
C       11.59328920       5.76046727      13.79600784
C       12.74871122       5.33606941      17.32555000
C       11.63734927       4.84061373       0.20389871
H        9.50272467       4.56232122      15.31112901
H       13.62210620       5.95580750      15.35821280
H       12.04637747       4.88825870      13.33772363
H       10.66057397       6.09987652      13.43198050
H       12.41664204       6.49304964      13.59561452
H       13.58753257       5.43170417       0.17714909
H       11.64136758       4.62392362       1.26312191
H        9.39517294       3.68543097       0.96637584
O        5.30982418      14.97742477       8.35985427
C        1.72920606      15.70336804       8.80024055
C        3.14341923      15.65463473       9.05826508
C        1.18497478      14.99432110       7.68172423
C        3.98755215      14.96435792       8.18045174
C        0.93679762      16.57658368       9.66984568
C        2.11444836      14.28426540       6.83939523
C        3.47936099      14.24016616       7.06890059
H        3.50973848      16.30452924       9.84854669
H        0.12498451      15.18323174       7.40019116
H        0.26373656      16.11827626      10.35216400
H        1.45325770      17.28211835      10.33931092
H        0.35410480      17.31294230       9.12069495
H        1.69049240      13.83619452       5.97133299
H        4.16265939      13.68977502       6.43238062
H        5.81700691      14.73800156       7.56025397
O        9.98693149       2.42727139       2.63035700
C       12.40531271       0.78115589       0.34800050
C       11.87432516       1.50066205       1.42908184
C       11.51233591       0.07185906      17.26589629
C       10.47261160       1.54713084       1.70410079
C       13.75773297       1.22789359      17.47214321
C       10.14338522       0.02589211      17.52652089
C        9.61611007       0.76362358       0.89487762
H       12.44800398       2.28835735       1.95638328
H       12.00165340      17.18539564      16.44890222
H       13.71200167       2.23083331      17.11536483
H       14.54733382       1.24806915       0.51034118
H       14.00076315       0.66872429      16.56620142
H        9.58038124      17.14189419      16.92281748
H        8.56522186       0.71740418       1.17089792
H       10.68738474       2.73924636       3.26332785
O        6.71838679      13.85302973       5.91423465
C        9.22511927      15.81953796       4.01691982
C        8.58052354      14.69336769       4.53875433
C        8.66825789      17.11331014       4.17668752
C        7.29753886      14.87216942       5.21421516
C       10.54051425      15.66340132       3.31063702
C        7.33689169      17.25784966       4.69484065
C        6.73783058      16.11032329       5.16209457
H        9.02960690      13.71744853       4.52027040
H        9.15976269       0.35138445       3.82204050
H       11.18342785      14.69981502       3.51451629
H       10.42992708      15.76609993       2.22913263
H       11.12968520      16.53112080       3.66140036
H        6.83784471       0.50890270       4.73187687
H        5.73973469      16.20618532       5.57418635
H        7.35309535      13.18400723       6.20722850
O        6.67724924      14.80537273      10.89681859
C        6.75554760      12.04139660      13.31148239
C        7.25945276      13.13243481      12.53142790
C        5.48485917      11.50976341      13.24058287
C        6.35030696      13.73490991      11.60741917
C        7.72655042      11.37772068      14.27861904
C        4.64085515      12.01892759      12.27077794
C        5.08306119      13.13137259      11.47011506
H        8.18604010      13.54616811      12.63557781
H        5.13685240      10.69369994      13.89974517
H        8.53201990      10.98191803      13.71387635
H        8.17077360      12.01376068      15.04569087
H        7.23708763      10.48606394      14.80129011
H        3.68111512      11.47509272      12.16275144
H        4.34231514      13.50538957      10.81362944
H        6.14140978      14.95861548      10.14035808
O        5.42003506       1.45573882      11.21194886
C        8.25264351       3.68047676      10.95726880
C        7.50667100       2.53238869      11.12503308
C        7.60435374       4.85050880      10.45510551
C        6.16372766       2.55389402      10.90516156
C        9.70853071       3.72086292      11.40826998
C        6.26853678       4.87374923      10.07676751
C        5.53738235       3.72413931      10.41397025
H        7.98806323       1.59403066      11.48965959
H        8.35921248       5.57743715      10.18721331
H       10.19183653       2.77012525      11.47284983
H       10.40306721       4.31190919      10.79605128
H        9.72952073       4.13340527      12.37732756
H        5.74011113       5.74260258       9.71858452
H        4.41350182       3.70625337      10.36899122
H        5.85629887       0.69447442      11.59016792
O       14.14046253       5.16062549       3.85206581
C       16.48203885       4.41873809       1.07283931
C       15.62127676       5.07782490       1.92358534
C       16.88216396       3.08261342       1.34313128
C       14.99707719       4.45313608       3.04500677
C       17.08283826       5.17576725      17.67619632
C       16.27521646       2.43979435       2.49003042
C       15.37706368       3.11320371       3.29490810
H       15.38707814       6.10301128       1.56885376
H       17.58543941       2.57352467       0.73212850
H       16.39194158       5.96485340      17.41102896
H        0.35777429       5.65329884       0.14930662
H       17.14437151       4.64038501      16.67468387
H       16.55153174       1.43772107       2.71354211
H       14.93231487       2.69820043       4.19900122
H       14.44110861       6.05059514       3.78016377
O       16.15363522      16.61431484      12.66339010
C       17.29412599      17.08779195      16.14107587
C       17.13847486      16.47352546      14.92953343
C       16.92303077       0.69798985      16.34146478
C       16.39611755      17.08913789      13.93719910
C        0.30880306      16.34647154      17.21015358
C       16.23738995       1.38118160      15.32403005
C       15.94706496       0.67152807      14.14471558
H       17.40738021      15.47369895      14.67637963
H       17.09561338       1.20437376      17.27646064
H        0.27289630      16.84664145       0.49389938
H       17.35083878      15.46651482      17.34695987
H        1.30273508      16.00903022      16.90076715
H       15.86254096       2.39881342      15.59279698
H       15.42635233       1.16308812      13.30898804
H       16.35926394      17.28482928      12.02560459
