512
Lattice="17.7128441229 0.0 0.0 0.0 17.7128441229 0.0 0.0 0.0 17.7128441229" Properties=species:S:1:pos:R:3 pbc="T T T"
O       12.52405303       3.60738941       3.27062634
C       11.01516261       3.76231734       6.54423080
C       11.23802500       3.33895784       5.19399326
C       11.74902982       4.78448543       7.14858501
C       12.18751317       4.06412063       4.43912381
C        9.97165856       2.96077465       7.34234780
C       12.68563532       5.52571498       6.34176632
C       12.93060898       5.10369309       5.02553565
H       10.63300761       2.52274034       4.84494161
H       11.41772383       5.24764783       8.06312938
H        9.21155094       2.50001250       6.75017122
H       10.61393608       2.29399841       7.87264416
H        9.37414015       3.61556516       8.02623782
H       13.26022401       6.36043882       6.84190901
H       13.62634444       5.73838821       4.39586662
H       13.11971963       4.24799626       2.80522777
O        4.72996840       2.98859062       2.65327413
C        7.81801210       4.80610782       3.65440940
C        6.80634380       4.23334231       2.75725857
C        7.51723601       5.07236428       4.97685225
C        5.62282396       3.87189689       3.34677806
C        9.24580259       5.04205275       3.08120772
C        6.16008677       4.92712168       5.37831480
C        5.20635261       4.38156085       4.55817626
H        7.11889572       3.97484453       1.77952126
H        8.21778283       5.43313843       5.68102469
H        9.62899437       4.08295956       2.85211970
H        9.29170509       5.59903934       2.12235448
H        9.86908215       5.45895926       3.83369724
H        5.88141484       5.24309457       6.38021011
H        4.22184821       4.19331107       4.90865101
H        5.16518234       2.26702140       2.14997284
O       16.14513213       3.17573779      11.32403036
C       15.22811680       1.44666469       8.20394279
C       16.01570392       2.07428188       9.19180802
C       13.85783804       1.45937979       8.39196506
C       15.44784406       2.41583656      10.43608127
C       15.90091908       1.12586500       6.92335711
C       13.22271262       1.75038430       9.60140257
C       14.06034854       2.29794269      10.61836142
H       17.05552382       2.29164102       8.96102020
H       13.25127945       1.06363474       7.61054220
H       15.18493098       0.86494534       6.04303267
H       16.28269795       2.03268662       6.51983279
H       16.72721511       0.45399917       7.07114013
H       12.11816602       1.74671966       9.66828531
H       13.59932363       2.70254209      11.47288300
H       16.90581197       3.67696829      10.99875357
O        4.53790471       3.33330308       9.36272200
C        3.25397243       1.87386811       6.27329419
C        3.37608441       2.61671951       7.44325074
C        4.43398998       1.29674837       5.72992417
C        4.56182402       2.62851330       8.16512484
C        1.91133448       1.61499011       5.55138604
C        5.69183785       1.33488808       6.43197167
C        5.76994905       1.96905294       7.69348368
H        2.49619604       2.98624732       7.95753124
H        4.47105595       0.77879841       4.76832498
H        1.22411691       0.93510320       6.07330374
H        1.43028482       2.55349608       5.27692233
H        2.06707025       1.05612650       4.64050744
H        6.52384259       0.96045038       5.94475944
H        6.73582422       2.04351133       8.11547298
H        5.28470670       3.16584813       9.98373278
O       11.10012096       9.41172565      11.01964745
C       14.46846426      10.68528764      10.56951766
C       13.11996691      10.65177193      10.85143727
C       15.19162489       9.51716510      10.33219704
C       12.43452314       9.41286587      10.82291171
C       15.17226428      11.97297609      10.63725244
C       14.52480674       8.29199627      10.34523615
C       13.11826219       8.17607459      10.62708043
H       12.52689732      11.52248417      11.06188320
H       16.25780836       9.47525125      10.04471790
H       15.41894281      12.16767655      11.69223917
H       16.10667070      12.03366486      10.13245341
H       14.59075833      12.85645825      10.26358308
H       15.04609806       7.36047044      10.21204750
H       12.57625282       7.26990885      10.70109547
H       10.61698483      10.20927741      10.82936670
O       15.98498906      12.75674783       2.04080677
C       15.35010951      15.96786778       3.65994808
C       15.28474057      14.97886033       2.66467091
C       16.27546435      15.82127396       4.75000985
C       16.00301303      13.79807348       2.89185535
C       14.43441661      17.17352199       3.46899789
C       16.97977141      14.65366566       4.95103002
C       16.84984516      13.58945363       4.04226094
H       14.73726063      15.10221952       1.79456479
H       16.26294476      16.65145192       5.48860361
H       14.22034553      17.57095739       4.49433304
H       14.91040869       0.24981949       2.87275185
H       13.45406827      16.87851033       3.13829161
H       17.52353793      14.49537742       5.81323036
H       17.41314168      12.66090114       4.27118655
H       15.22911073      12.82930612       1.46959227
O        2.07131485       9.74095672       2.59084787
C        5.62119631       9.08655477       3.44878887
C        4.30094803       8.93145380       2.99991205
C        5.94690193      10.26379074       4.17750481
C        3.31389663       9.90940238       3.17374380
C        6.74578833       8.11398342       3.07894464
C        4.90548927      11.10406021       4.52077714
C        3.59472852      11.00395608       4.01507232
H        4.13207149       8.10093021       2.39264561
H        6.97531024      10.44597722       4.55244926
H        7.17387920       8.20104107       2.10332943
H        7.51601543       8.07166316       3.84657732
H        6.17596619       7.20093969       3.29958739
H        5.18834399      11.98872884       5.13974730
H        2.90521209      11.66287783       4.44327767
H        1.80884720      10.62943572       2.33282552
O        2.48369951       5.00111958       9.68265329
C        2.05051217       8.17704974       7.95250073
C        1.90921106       7.15032298       8.92053425
C        2.83963681       8.10970976       6.79163837
C        2.73561853       6.03103752       8.79644480
C        1.21529759       9.45269354       8.20988294
C        3.56685907       6.94381392       6.61747271
C        3.56774628       5.94267627       7.71031288
H        1.19240105       7.25741241       9.73282686
H        3.00502212       8.96169076       6.16494393
H        1.05606406       9.44368016       9.25778058
H        1.77330883      10.25796215       7.82727365
H        0.27090286       9.56632293       7.71140727
H        4.26279146       6.99217110       5.95470854
H        4.28122918       5.10992607       7.59013770
H        3.33999351       4.52177567       9.59218448
O        0.35992454       5.13703685      11.23540421
C        0.54181403       6.20812479      14.82690111
C        0.06341055       5.94317845      13.56227276
C        1.85666493       5.65614643      15.14642372
C        0.81920725       5.29874177      12.59166398
C       17.40552572       7.10706874      15.74053484
C        2.54402116       4.85433389      14.21320381
C        2.07304273       4.87373336      12.86635570
H       16.84511500       6.28983999      13.13460657
H        2.27558286       5.90183914      16.14706623
H       16.62044455       7.58017303      15.22166664
H       17.15186226       6.56981117      16.67916848
H        0.34561914       7.96413827      16.10943494
H        3.54446966       4.44342956      14.48734093
H        2.74499167       4.48317496      12.19085070
H        1.11718467       5.27613026      10.58927909
O        6.77295750       1.13183729      13.00957199
C        3.42195019       0.37012564      14.32488932
C        4.48966760       0.73440668      13.45244113
C        3.72349740      17.54244072      15.57912937
C        5.79936549       0.59118946      13.81794153
C        2.01319808       0.64317606      13.90377333
C        5.05875452      17.22725784      15.89309997
C        6.09907367      17.62229123      15.05894519
H        4.35050551       1.18230216      12.49434528
H        2.98302836      17.28737094      16.21461925
H        1.94329389       1.33874592      13.10424550
H        1.58375306      17.35804325      13.47149571
H        1.27227906       0.82594060      14.67524640
H        5.25284738      16.64162512      16.76552758
H        7.12334873      17.39233900      15.15051594
H        7.60461233       1.15422455      13.46168223
O        0.62542190      12.36653270      14.43115855
C        2.72122149       9.25934640      14.36518128
C        2.10504755      10.44563348      14.77720326
C        2.25099906       8.64241266      13.19554527
C        1.11826488      11.13005905      14.02957519
C        3.75862421       8.59115477      15.11310230
C        1.20288196       9.31819089      12.39126114
C        0.66228227      10.54972826      12.76169469
H        2.46246585      10.86666029      15.74417339
H        2.57183916       7.67268892      12.84299622
H        3.39238616       7.85884408      15.77432729
H        4.53506703       8.19888737      14.48185886
H        4.38609773       9.22065017      15.74102214
H        0.90764033       8.88926854      11.46805814
H       17.55709350      10.97216867      12.10477533
H        0.95566422      12.56942615      15.38142869
O        8.38735459      14.23186308       9.86893987
C       10.89387593      15.54741021       7.64530546
C       10.22893237      14.61814225       8.46747893
C       10.30702651      16.82790170       7.42968790
C        9.03094328      15.00210911       9.04846136
C       12.20743904      15.05896079       7.07076876
C        9.17628531      17.23977589       8.00759915
C        8.48215356      16.28136529       8.77041664
H       10.62865468      13.66188371       8.63686619
H       10.87306716      17.49250628       6.73285904
H       12.62009430      15.80217314       6.32227872
H       12.87253036      14.93301020       7.90999451
H       11.95152675      14.13068602       6.57831501
H        8.78663034       0.46765564       7.84528962
H        7.58238260      16.59447332       9.22306877
H        7.75186220      14.59400785      10.46325525
O       10.51879967       9.62935746      17.71154798
C        7.29838641      11.28225933       0.68010650
C        8.68915896      10.91459431       0.79231657
C        6.48941869      10.66390223      17.38888622
C        9.21556442       9.99109636      17.59219813
C        6.68766303      12.35920582       1.56500128
C        7.02767652       9.78136804      16.42369506
C        8.39861670       9.46544810      16.59907046
H        9.34737614      11.42750903       1.48529599
H        5.41503480      10.94198885      17.16572001
H        7.37658130      12.75561627       2.34626722
H        6.30734580      13.27938027       0.95061574
H        5.82542130      12.02530570       2.12059655
H        6.42800671       9.32316514      15.58339241
H        8.81575252       8.84488411      15.92308410
H       10.88853342       9.14099989      16.93283431
O        8.90765525       1.92321810      14.16452598
C       10.70155347      16.52068026      13.59400351
C        9.61920709      17.43371576      13.67459149
C       11.88024569      16.74307699      14.29528060
C        9.85340945       0.95252140      14.30408272
C       10.54832861      15.21798617      12.82725361
C       12.00063103       0.15123895      15.13209494
C       11.01103055       1.17245187      15.09089890
H        8.68798210      17.26468076      13.15104285
H       12.68969752      16.05734277      14.24703337
H       11.46809856      14.59859885      12.94210942
H        9.84879380      14.62757834      13.31867365
H       10.34004244      15.40108658      11.74874906
H       12.78140688       0.19506840      15.82708603
H       11.11693964       2.03723703      15.76528711
H        8.98687785       2.61991477      14.83855864
O       16.87934000       8.85095423       3.28042599
C       16.86738715       6.63491385       6.21964435
C       17.30298929       7.24748083       5.00781681
C       15.89723430       7.29107896       7.01015901
C       16.55295464       8.39215256       4.51923593
C       17.47516197       5.34335823       6.74099872
C       15.31546311       8.49313084       6.57363616
C       15.57072249       9.02018873       5.30121903
H        0.47083219       6.99402293       4.47909917
H       15.65295213       6.89065761       7.98656040
H        0.80172544       5.34090441       6.48453295
H       17.56860303       5.38725710       7.86435326
H       16.89861850       4.47501111       6.39388613
H       14.62421570       9.06761393       7.29521831
H       15.01890341       9.87634640       4.99243686
H       17.67806432       8.58994830       2.91704333
O       12.43823151      10.62971352       2.14258585
C       11.91618809      10.15143407       5.84995396
C       12.28593215      10.78527932       4.63198924
C       11.40944519       8.81107374       5.80422128
C       12.18763350      10.09042597       3.38467476
C       12.21681490      10.88817654       7.11141713
C       11.06390269       8.16613460       4.63257872
C       11.56982723       8.80845966       3.44398427
H       12.71748565      11.79615941       4.56088907
H       11.26369622       8.29144543       6.75407519
H       11.57657014      10.61149489       7.99778339
H       13.13470951      10.56105611       7.54905904
H       12.20930610      11.93450683       6.86339887
H       10.46839149       7.27603680       4.63140823
H       11.37176325       8.30513201       2.60704361
H       12.27815478       9.94614064       1.47162713
O        9.03303693       4.11500724      16.04203216
C        5.46211989       4.14115336      16.80473945
C        6.74177892       3.74159834      16.36053273
C        5.24498332       5.50458805      17.35254273
C        7.81678846       4.60319238      16.42884890
C        4.27434798       3.23617041      16.70530403
C        6.38450324       6.35204859      17.42015545
C        7.60850096       5.89055011      16.90630029
H        6.94523967       2.81821182      15.99806874
H        4.29968027       5.86809310       0.02654832
H        3.33405568       3.83080734      16.53864036
H        4.16065627       2.58331882      15.81422212
H        4.26384125       2.63801341      17.65998953
H        6.30609886       7.35332272       0.10840682
H        8.35808451       6.71298070      16.86639530
H        9.71408772       4.77232825      16.07579064
O        5.76953732       0.38538723       1.91204176
C        2.45589003      16.62775702       2.17358539
C        3.47805506      17.52559226       1.95366883
C        2.78784549      15.32567212       2.63319544
C        4.84991892      17.18042347       2.15936500
C        1.02040237      17.02807083       2.11116779
C        4.16025829      14.98069121       2.88453507
C        5.18996042      15.87453206       2.59968016
H        3.18034904       0.76441812       1.67186627
H        2.06247030      14.61635344       2.96633479
H        0.33286677      16.37555729       2.66480410
H        0.89885850       0.36721488       2.36952877
H        0.68517402      17.03643181       1.07942249
H        4.35230787      13.95386494       3.19086124
H        6.19392275      15.50817234       2.75963226
H        6.60833430       0.11832186       1.68692377
O       10.25955052       7.62119412      12.95605851
C        6.51805597       7.88864190      12.17285805
C        7.90101491       8.22035976      12.29309819
C        6.10745270       6.70841020      12.79078068
C        8.86156826       7.35128404      12.89953679
C        5.53081843       8.69524827      11.39109437
C        7.04318300       5.87434699      13.47304817
C        8.41229901       6.15611657      13.43720557
H        8.28202553       9.12454735      11.83200262
H        5.11535043       6.30640475      12.64394583
H        4.76206371       8.03590243      10.96782257
H        5.11513311       9.40478277      12.05998338
H        6.12102572       9.16129010      10.63716546
H        6.73986979       4.96288817      13.96504370
H        9.19634383       5.45475652      13.75239613
H       10.69504393       8.25184492      12.32847219
O       15.02774001       8.46188630       1.46315048
C       14.57496681       9.43687566      15.74358587
C       14.30561058       8.91369122      17.05628241
C       15.61788337      10.32454062      15.58092733
C       15.19189690       9.12640159       0.34933512
C       13.71178017       8.99750505      14.62295718
C       16.50866345      10.57013358      16.62622234
C       16.20237941      10.09208593       0.20175672
H       13.47226497       8.20566236      17.20647324
H       15.90562495      10.70267524      14.62034788
H       13.76377535       7.93766499      14.59980260
H       12.69114265       9.22830976      14.86167363
H       13.79029987       9.47935258      13.60859756
H       17.30747865      11.26188054      16.54482951
H       16.97060798      10.27428696       0.96809856
H       15.56693327       8.80108015       2.16186210
O        9.49415986      11.68128196      10.04627911
C        6.16434190      10.85303178       8.74878901
C        7.15150057      11.42207455       9.51440549
C        6.42951330       9.71948899       7.98752023
C        8.49875300      10.90501931       9.45648395
C        4.74492517      11.38342447       8.74712447
C        7.73845322       9.18833458       7.94609306
C        8.79169006       9.79258953       8.74388561
H        6.91215163      12.34982667      10.10122137
H        5.62255733       9.26061283       7.37763626
H        4.49167903      11.87730596       7.84478408
H        4.01245600      10.56952064       8.74305975
H        4.43838191      12.05669364       9.54343740
H        7.93044049       8.26145458       7.31658121
H        9.75193433       9.43607936       8.82874042
H        9.30223666      12.63168318      10.00504377
O        0.78186060      12.09158550       1.87579435
C        1.21348939      14.50241715      16.70499584
C        0.65850638      13.74994942       0.07528062
C        2.51224341      14.18821448      16.32450207
C        1.36437875      12.87427226       0.90066909
C        0.42343928      15.48038285      15.84891311
C        3.27315438      13.40213844      17.20379578
C        2.72505584      12.72727604       0.60353622
H       17.30023651      13.78786809       0.22849926
H        2.86728579      14.67576877      15.35261128
H        0.91833758      15.46705826      14.87266153
H       17.17674987      15.01917839      15.65774780
H        0.28509594      16.39603076      16.42044527
H        4.28726732      13.27479263      17.01088550
H        3.34860109      12.03879368       1.12786574
H       17.57422185      12.35574948       2.00761095
O       16.92127315      16.27675407      13.19842763
C        0.27771565      14.20228974      10.18059600
C        0.23793860      14.71387948      11.55269103
C       17.09274576      14.68661313       9.23758459
C       16.94983834      15.68270531      11.92045613
C        1.25934994      13.08803657       9.70491487
C       16.17192596      15.68156822       9.61054514
C       16.12857229      16.20710453      10.90055303
H        0.78705965      14.34521589      12.39778989
H       16.99936047      14.25514759       8.28413199
H        1.99031085      12.86174941      10.53880014
H        0.77206502      12.09294406       9.56299114
H        1.93424060      13.32737849       8.83950178
H       15.50478850      16.20178428       8.92500426
H       15.33980751      16.92096828      11.17427280
H       16.42564442      17.09824254      13.08431085
O       13.73005287      12.89981442       0.53668983
C       12.09188899      12.13139954      15.04462467
C       12.38705214      12.13321259      16.38343219
C       13.06919259      12.68576942      14.18984235
C       13.52514488      12.83614641      16.88874446
C       10.79817600      11.59311507      14.41770465
C       14.25582050      13.19342140      14.61333162
C       14.50151052      13.32149580      15.99816727
H       11.69068942      11.67125603      17.04768439
H       12.83889565      12.67166089      13.15313128
H       10.48399991      12.42435059      13.71982423
H       11.00573156      10.65598404      13.85514890
H       10.04889003      11.42891917      15.16434377
H       15.05463346      13.58368850      13.97625049
H       15.44895988      13.69752968      16.25279616
H       13.16797383      12.32061300       1.07709657
O       10.68893986       7.56114250      15.56168209
C       12.61044641       4.48101830      15.61758650
C       12.02787279       5.70324933      15.19152576
C       12.51940285       4.00899130      16.97102285
C       11.29663705       6.48624334      16.08240409
C       13.56589002       3.75036040      14.65739872
C       11.79218183       4.84098781       0.09800336
C       11.20512518       6.06962251      17.42814323
H       12.19727496       5.91209825      14.14009846
H       13.19046459       3.20608091      17.37551212
H       13.77053882       2.74996758      15.01007262
H       13.09697452       3.57517260      13.69889421
H       14.50832559       4.28388848      14.39546440
H       11.91026518       4.54352360       1.16550959
H       10.66339068       6.66886417       0.45887038
H       10.51633420       7.35571821      14.63860379
O        5.42222012      14.50366858       8.45762955
C        2.38664776      16.48837136       8.27906633
C        3.56204862      15.93298124       8.75803121
C        1.89741088      16.04447332       6.99669270
C        4.26641953      15.00769633       7.98229490
C        1.59820079      17.47974260       9.00198224
C        2.55231211      15.03667970       6.28404002
C        3.76305760      14.57571046       6.73526865
H        3.95871442      16.23893174       9.69509021
H        1.02429347      16.39864160       6.51246620
H        1.14335611       0.56929333       8.41921186
H        0.86243545      16.90521805       9.66653015
H        2.26118041       0.28394417       9.65824035
H        2.21383714      14.83435155       5.24173290
H        4.30121964      13.96276484       6.03102086
H        6.08727138      14.15381407       7.82656689
O       12.21492844       1.77187476       1.46622666
C       10.10444826      16.61482476       0.07675023
C       11.20343288      17.44131523       0.36977488
C        8.83195118      17.21150379       0.18944285
C       11.12315909       1.06062181       0.92770939
C       10.26872773      15.25204005      17.16546026
C        8.74476855       0.87585902       0.58340873
C        9.87233446       1.64692401       0.99911598
H       12.21370405      16.95038769       0.32325147
H        7.96336620      16.60351484       0.04526801
H       10.94449225      14.57067366      17.62067811
H        9.26512502      14.80905749      17.24276018
H       10.50281998      15.36754550      16.07149400
H        7.75001890       1.32830244       0.56677015
H        9.82581617       2.62314361       1.39097014
H       11.85132889       2.51646049       2.03038829
O        7.13693792      13.22471259       6.60300083
C        9.67924823      14.15342365       3.95420639
C        8.99722642      13.41575359       4.97484721
C        9.19937899      15.46780770       3.67877121
C        7.87957861      13.99461312       5.68901590
C       10.75319809      13.53976154       3.25221045
C        8.15662732      16.02920115       4.44273612
C        7.52139994      15.30712864       5.44234694
H        9.34196265      12.40739039       5.18279735
H        9.52273797      16.14334614       2.98662182
H       10.62703603      13.72822223       2.20514841
H       11.73672046      13.98900894       3.48931055
H       10.71148317      12.46244942       3.28177911
H        7.85644418      17.01257979       4.23800096
H        6.72621152      15.77444790       5.98205226
H        7.58818660      12.47826421       6.99377103
O        6.15210590      15.41568477      11.02885352
C        6.27569493      13.55895401      14.17865539
C        6.54876282      14.46831850      13.15756446
C        5.21423647      12.61404234      13.97327968
C        5.77871476      14.51849125      11.99194113
C        7.05308187      13.49220570      15.43132459
C        4.44240301      12.64464874      12.78195339
C        4.75686595      13.58347571      11.77491551
H        7.42620163      15.10560733      13.31789505
H        5.09905398      11.77823774      14.66449891
H        8.05598360      13.02605723      15.41946107
H        7.23483401      14.53187789      15.68528430
H        6.34291233      13.10016224      16.22500011
H        3.61910661      11.91951858      12.62757448
H        4.13835951      13.62504272      10.85631318
H        5.52684744      15.24208597      10.30704459
O        6.51867231       2.97913245      11.20652871
C        9.88682905       4.52825116      10.86771285
C        8.86881405       3.63699445      11.19453567
C        9.57252533       5.66009324      10.01509032
C        7.51705064       3.80930937      10.80045470
C       11.27786642       4.16060421      11.43491617
C        8.23464887       5.92143799       9.62540950
C        7.26362442       4.95003100       9.95620208
H        9.00103448       2.81815505      11.81259691
H       10.36456416       6.34304723       9.78364840
H       11.23835041       3.38614332      12.20509854
H       11.98387410       4.04680771      10.63678978
H       11.73682785       5.06640406      11.87323966
H        8.11407284       6.75970104       9.03549818
H        6.18485368       5.07594417       9.57875368
H        6.76987310       2.32305848      11.84116966
O       14.67299515       5.57594854       2.09803628
C        0.55142013       4.78588285       2.16883116
C       17.05192253       5.50492426       1.97998532
C        0.52952344       3.51867903       2.76547653
C       15.84800701       4.96482453       2.43379867
C        1.89346634       5.20209216       1.69998951
C       17.02056755       3.02966105       3.21286507
C       15.79767686       3.73749180       3.13966678
H       17.08915785       6.49439224       1.49277698
H        1.43535458       2.93040574       2.85654966
H        1.86863804       5.74747895       0.79913271
H        2.37137690       5.87940577       2.46946570
H        2.54821004       4.37763609       1.64444506
H       17.02946651       2.02332819       3.66326045
H       14.93357056       3.32082832       3.65076984
H       14.84295867       6.27264569       1.41956051
O       15.72175359       1.12817514      13.07260956
C       16.02679000       0.67314611      16.74366801
C       15.66787544       0.42961310      15.40563215
C       16.64167670       1.92647245      17.02742997
C       16.06018731       1.33278087      14.36785219
C       15.60511491      17.50740861       0.24922601
C       17.00953955       2.82953383      16.00592298
C       16.80868685       2.52004819      14.64944531
H       15.20193626      17.17031295      15.13027969
H       16.88655690       2.14197074       0.34917210
H       16.24676049      17.55730124       1.12082850
H       14.54240134      17.68262733       0.44269350
H       15.61400892      16.44685226      17.53520520
H       17.40870901       3.75533287      16.28617449
H       17.11055604       3.22578490      13.88078941
H       15.92776602       1.90039093      12.47241711
