512
Lattice="17.7128441229 0.0 0.0 0.0 17.7128441229 0.0 0.0 0.0 17.7128441229" Properties=species:S:1:pos:R:3 pbc="T T T"
O       15.04818606       3.25828149       3.43133818
C       11.99584937       3.32211186       5.48101692
C       13.16685401       2.88267733       4.89423261
C       11.82948364       4.71366756       5.61029957
C       13.99059128       3.76427016       4.14742282
C       10.97981743       2.35505943       5.92895651
C       12.70750177       5.63149915       4.96782445
C       13.75946737       5.13805511       4.17394129
H       13.44562675       1.76052631       4.92660817
H       10.96849019       5.08640563       6.20183890
H       10.01819864       2.86542441       6.30987336
H       10.59645067       1.63835485       5.27329700
H       11.33117114       1.71026775       6.77527712
H       12.57870121       6.76273172       4.90628663
H       14.35862463       5.72171257       3.54481465
H       15.46720556       4.01048706       2.96194210
O        5.58092878       8.45417273       2.46228583
C        7.42543340       6.26527856       4.72132733
C        7.04412226       6.78353559       3.53091066
C        6.81545513       6.53222996       5.92291203
C        6.04025879       7.78515489       3.56509921
C        8.62535150       5.38007679       4.80467539
C        5.72407377       7.35096228       5.91339633
C        5.34540620       7.99720123       4.73031162
H        7.66548641       6.54054508       2.66948860
H        7.09385621       6.19570579       6.87323976
H        9.50514221       5.92692755       4.53132969
H        8.70561237       4.89633568       5.79769117
H        8.48229306       4.52263402       4.06999878
H        5.07192174       7.44910804       6.76285629
H        4.35310792       8.53717004       4.68194021
H        5.09614168       9.21678414       2.68498581
O       17.39012814       5.09450461      11.58731827
C       14.75946324       4.38060472       9.23558854
C       15.54125165       4.96468987      10.29612423
C       15.45062309       3.58235063       8.24779768
C       16.83682066       4.64675695      10.48391087
C       13.25649675       4.62580157       9.10631366
C       16.75438814       3.26731297       8.46946289
C       17.42228235       3.76300298       9.61121023
H       14.94426885       5.58071178      10.96255580
H       14.85596643       3.03422723       7.42734691
H       13.02771395       5.26000143       8.27220757
H       12.74632605       3.73209899       9.24755419
H       12.95194964       5.13954720       9.98856322
H       17.30100593       2.49700530       7.92092958
H        0.71643398       3.50190364       9.80393993
H        0.47563646       4.61158522      11.88427551
O        4.14646917       2.28794112       9.21308935
C        2.44841712       1.86012738       6.05684444
C        2.73165286       2.23815890       7.30972330
C        3.43692846       1.13803607       5.39998030
C        3.91574762       1.90331725       7.92696398
C        1.12457933       2.29809339       5.41546741
C        4.68713032       0.86707541       5.96870521
C        5.00292523       1.31146577       7.26152909
H        2.06055223       2.76003544       7.94567098
H        3.16363033       0.78270895       4.39108923
H        0.91762656       1.68848322       4.42532305
H        0.15950158       1.96965483       5.99581176
H        1.23313296       3.29007489       5.17289311
H        5.32343850       0.32898919       5.28037834
H        5.86160145       0.95807792       7.70998404
H        4.94692089       1.85817384       9.58751591
O       11.32269512       9.08776808      11.08499239
C       14.15256310      11.36886917      10.50961966
C       12.83598384      10.83125699      10.52133069
C       15.21140915      10.56302294      10.91299786
C       12.63437649       9.51750765      10.93799370
C       14.48371591      12.72909762       9.83277344
C       14.94876040       9.21247530      11.19925326
C       13.67175217       8.66823412      11.31540870
H       12.00410573      11.41103854      10.15904775
H       16.24850825      10.91048468      10.93176965
H       15.26114353      12.53918499       9.09006845
H       13.55288636      12.97630160       9.29078484
H       14.93243297      13.60213282      10.42865573
H       15.78991264       8.56808482      11.39393348
H       13.48821536       7.69822187      11.67454649
H       10.68856296       9.78864084      10.83441682
O       14.92654625      12.31022915       3.30003628
C       15.83598074      15.87759299       3.55000691
C       15.04937750      14.75519746       3.43436981
C       17.21637929      15.74844288       3.82307055
C       15.67783084      13.44675956       3.43032161
C       15.23493134      17.23683478       3.43819558
C        0.10406796      14.49698172       3.93073597
C       17.08773593      13.33310377       3.66469929
H       13.98752161      14.90366715       3.37462905
H        0.02839732      16.66608112       4.03724818
H       14.89635022      17.50072723       4.40704926
H       15.88160035       0.42131283       3.17396002
H       14.38278085      17.10655405       2.80673562
H        1.15490011      14.42936977       4.06065402
H       17.54412381      12.36112318       3.72917763
H       14.11918984      12.69180679       2.97342501
O        4.00285760      10.91152561       2.87658034
C        5.13662454      11.65596118       6.29914984
C        5.12742389      11.22622607       4.93493818
C        3.97540365      12.22732459       6.83161233
C        4.01853670      11.35032805       4.14240426
C        6.30706602      11.37367464       7.17698534
C        2.90126304      12.54727970       6.04521091
C        2.81240184      11.99491744       4.72154677
H        6.05349726      10.86515130       4.49945573
H        4.03072773      12.48156822       7.88071207
H        6.17613078      10.39972749       7.61057834
H        7.26309236      11.39221553       6.55993560
H        6.42258025      12.16159520       7.94398235
H        1.99371430      12.91876774       6.42597051
H        1.98178732      12.05144679       4.05429668
H        3.17432978      10.87599157       2.35635337
O        3.02589057       4.45515006      10.26678859
C        1.70388834       7.73782276       9.35646515
C        2.10701084       6.59221867      10.11468567
C        1.93674125       7.75529293       8.02013143
C        2.67676184       5.46300726       9.46424335
C        0.85602440       8.83470931      10.06829374
C        2.62212033       6.68925488       7.36614859
C        2.97265877       5.49690850       8.08083800
H        2.02750236       6.60982409      11.21284582
H        1.63355271       8.59768421       7.42431862
H        1.25110089       9.81531236       9.78301745
H       17.48542397       8.69975793       9.76865657
H        0.98898335       8.67089343      11.14738196
H        3.03063345       6.83423247       6.38250856
H        3.63507835       4.77452009       7.63104417
H        3.54482254       3.75202778       9.73714689
O        2.16873314       4.17645458      13.06411730
C        2.99081399       7.37917956      14.58663040
C        3.05233190       6.31521890      13.66027207
C        2.36199463       7.27561918      15.86475137
C        2.45277801       5.09334468      14.04252579
C        3.61711338       8.70458803      14.20716042
C        1.79198732       6.06448829      16.17610752
C        1.86867711       4.97911441      15.33965699
H        3.54469953       6.42633687      12.68314126
H        2.33711393       8.06655004      16.56530317
H        4.14515572       8.59772849      13.24975724
H        2.92886160       9.48871307      14.04524103
H        4.31247870       8.98464373      15.02317472
H        1.39726602       6.00440827      17.11342406
H        1.13458128       4.24079971      15.60868950
H        2.70422878       4.45963878      12.30415145
O        6.83764969       0.00544782      13.33150571
C        3.41338659      17.22343039      14.72887332
C        4.44227973       0.05544392      13.87606983
C        3.74769700      16.27580441      15.75876784
C        5.76997510      17.19453636      14.01534932
C        2.03777769       0.14276132      14.75323214
C        5.03651906      15.70264252      15.82631988
C        5.99148696      16.17510082      14.92610901
H        4.14298125       0.79949198      13.10072239
H        3.03903182      15.91345543      16.44849239
H        1.22980938      17.26881007      14.44358308
H        1.81332103       0.48223755      15.74275103
H        2.05098743       1.05447240      14.13259440
H        5.25493902      14.81976032      16.46131643
H        6.94286120      15.75743453      15.05529619
H        7.65499157       0.03407239      13.87880111
O       16.10921367      15.24379067      12.87130482
C        0.05872851      12.05544482      13.26460055
C       16.94406742      13.15849030      13.54341566
C        1.03981331      12.12914648      12.28461983
C       16.93006156      14.24620213      12.64987815
C       17.64175522      10.82673413      14.10526438
C        1.12974577      13.26042542      11.52804938
C        0.13156455      14.35279994      11.63942024
H       16.14248434      13.07092226      14.26822743
H        1.71167979      11.34782471      12.00476113
H       17.21215419      11.19002933      15.02985199
H       16.94757643      10.13470223      13.71267934
H        0.94985501      10.43986091      14.36058026
H        1.84138931      13.29213078      10.81020248
H        0.19827892      15.18818484      10.92419725
H       16.14102797      15.86953742      12.14447803
O        8.94573552      12.98654031       8.93070778
C       11.73146150      13.39028103       6.51454598
C       10.85301342      12.79276706       7.42887787
C       11.62064979      14.80644912       6.22292556
C        9.83017089      13.56405923       8.06598510
C       12.66135083      12.51010945       5.73610844
C       10.70253722      15.54606787       6.91020869
C        9.81804624      14.95529235       7.82745658
H       11.06567327      11.86062681       7.78518545
H       12.21931799      15.27514854       5.45255192
H       13.18095179      11.72413710       6.28419347
H       12.06102453      11.89509517       5.11931664
H       13.45255332      13.00638602       5.15917020
H       10.69809854      16.60966280       6.67181765
H        9.06939377      15.49413160       8.34438497
H        8.38915901      13.64224422       9.32910683
O        9.62018136       9.01031038       0.49543789
C        8.06505738      12.03118541      16.89041473
C        8.98016849      11.12672975      17.41810799
C        6.76585698      11.58065205      16.61626947
C        8.66272838       9.85210023       0.01722045
C        8.42522756      13.45696485      16.47458080
C        6.43020622      10.28094147      16.94882119
C        7.32581743       9.43777999      17.57753935
H        9.93716930      11.41730563      17.67358808
H        6.05130320      12.26748496      16.20673266
H        9.49991508      13.52654740      16.33162329
H        7.92654549      13.76176152      15.55702896
H        8.09655998      14.07050391      17.25746933
H        5.40581187       9.85911139      16.86157375
H        6.97908791       8.41844082       0.06383503
H        9.45453471       8.14370288       0.10099139
O        9.24757602       0.43113185      14.49875184
C       11.68197402      15.97242804      12.84417750
C       10.48313784      16.53900906      13.25493516
C       12.90909316      16.45663980      13.30928571
C       10.39710036      17.57028475      14.22426766
C       11.70651909      14.78094347      11.91332828
C       12.87332350      17.46290812      14.26633470
C       11.64982330       0.31567760      14.73184998
H        9.63923668      16.23961857      12.67221609
H       13.85413764      16.12583993      12.90419837
H       12.43748317      13.90694547      12.25306286
H       10.76923105      14.09003512      12.08029262
H       11.66903362      15.00134272      10.82223395
H       13.84285937       0.22082955      14.54754695
H       11.61820883       1.11964478      15.37716440
H        9.22451628       1.17060074      15.09102538
O       15.40236351       9.59393586       3.17883068
C       16.62199718       7.11002748       5.71200837
C       16.24517591       7.77152657       4.49933500
C       16.57528491       7.88008246       6.89986598
C       15.85324940       9.14519675       4.38119429
C       17.03315491       5.69155409       5.72063174
C       16.38918675       9.27578566       6.79457811
C       15.98261480       9.88783811       5.57080623
H       16.23244113       7.15034102       3.67104205
H       16.82796447       7.51740435       7.87327973
H       17.60536011       5.53512709       4.80593535
H       17.68163902       5.57764242       6.58260437
H       16.12812801       5.04949155       5.93821299
H       16.43571905       9.76667910       7.69736850
H       15.68369221      10.87794985       5.63683127
H       15.05721883      10.44372717       3.34131138
O       11.71467302       9.64735774       2.26116406
C       11.06752573       9.30590558       5.89839031
C       11.76385712       9.38302160       4.69448132
C        9.68409949       9.48965113       6.06208113
C       11.07243747       9.63047102       3.49934363
C       11.76198400       8.97142024       7.25452499
C        8.98929792       9.60138327       4.81409736
C        9.66987099       9.71487282       3.56959812
H       12.87092276       9.22197078       4.65253716
H        9.37044773       9.38934816       7.09628348
H       11.84560695       9.84971893       7.75064450
H       11.04503176       8.32680799       7.84158639
H       12.68616661       8.45488308       7.31284473
H        7.92773397       9.58505543       4.64387766
H        9.09578458       9.88753156       2.62687150
H       10.96821760       9.51924299       1.68907810
O        8.91203834       2.83226529      16.31522814
C        5.25698679       3.03102058      16.79458082
C        6.57740434       2.64601519      16.26307582
C        5.21713782       4.12295483      17.61823947
C        7.71201442       3.17871505      16.83841014
C        3.89796670       2.35970765      16.32281132
C        6.38649437       4.65524222       0.58135696
C        7.62679537       4.11665630       0.16439193
H        6.60592374       1.87898969      15.49423699
H        4.33364011       4.67796731       0.17211189
H        3.59293025       2.83254051      15.40673373
H        3.98535787       1.30896214      16.49122775
H        3.13683210       2.54348384      17.06741396
H        6.29302137       5.50006958       1.21297605
H        8.46955878       4.55767829       0.74427670
H        9.57385949       3.31792023      16.70675604
O        5.62361975      16.73157038       2.25702379
C        1.96801219      16.61827307       1.37856515
C        3.27732889      17.14015869       1.65811458
C        1.80331142      15.24007551       1.16943161
C        4.40298519      16.28449616       1.81550880
C        0.80716240      17.53633456       1.28391627
C        2.94268981      14.42579694       1.23240809
C        4.24569358      14.90045200       1.62836816
H        3.39726643       0.44230803       1.98173360
H        0.80517699      14.86920764       0.99896968
H        0.82014502       0.50002453       0.47062591
H       17.58933549      16.93726111       1.44636664
H        0.87672958       0.31385476       2.20654836
H        2.65988764      13.40629043       1.07555688
H        5.09118374      14.24419638       1.66731695
H        6.17004372      16.00253775       2.47221100
O       11.30146949       6.37527982      11.25454556
C        8.25311378       6.26817199      13.39047203
C        9.26313800       6.82341852      12.56522869
C        8.13546255       4.88272395      13.59626499
C       10.20163102       5.89799098      11.95438648
C        7.24704063       7.18230346      14.03831416
C        9.01910436       4.09835467      12.90593849
C       10.02224876       4.52430974      12.08395988
H        9.32333484       7.90156713      12.46998322
H        7.49215749       4.40756920      14.26248362
H        7.60163512       7.82723936      14.82645624
H        6.74781048       7.81357137      13.24880399
H        6.39906624       6.65687650      14.42231166
H        8.93901088       3.00378006      13.04973083
H       10.64238662       3.78563897      11.62328048
H       11.26517772       7.30570587      11.19312570
O       16.33996437       8.30751419       1.10696313
C       15.44818910       7.35403792      15.44504225
C       16.24104964       7.79743481      16.52931199
C       14.04225724       7.34899062      15.55993194
C       15.62213995       8.21275369      17.68866789
C       16.17849244       6.88890182      14.23523814
C       13.44401449       7.78850760      16.73514218
C       14.20890595       8.13889226       0.15538203
H       17.28475052       7.61939028      16.51312359
H       13.47623376       6.90803541      14.81394991
H       16.37123225       7.73197470      13.55152080
H       17.06607788       6.46401331      14.54865494
H       15.69364348       6.06470894      13.78033515
H       12.38912305       7.84983960      16.78901191
H       13.72010946       8.26882500       1.12487615
H       15.86485963       8.58712239       1.95863103
O        9.19018200      10.31772564      10.03115202
C        5.53960222       9.87566965      10.50078809
C        6.78894229      10.50996102      10.40155600
C        5.43178886       8.49221475      10.30160420
C        7.95069516       9.76554457      10.16306544
C        4.29846996      10.65019377      10.73228015
C        6.61421272       7.73246370      10.11339459
C        7.84908638       8.37581895      10.01262756
H        6.78213216      11.62250481      10.47473397
H        4.48679082       7.97525144      10.25568747
H        3.56601943      10.20842728      10.18164638
H        4.03636479      10.55263449      11.74122367
H        4.34490852      11.70031600      10.50368760
H        6.64855389       6.70139226      10.02321611
H        8.75051722       7.79299145       9.74325717
H        9.23937704      11.17040288       9.64424846
O        1.19946790       9.53780974       0.40414006
C       17.49263818      12.81194686      17.30746810
C        0.01265242      11.51111947       0.19199291
C        0.69745012      13.39442769      16.50034881
C        1.10172396      10.75110686      17.58225460
C       16.20881792      13.42722676      17.54733022
C        1.83779933      12.63609610      16.09702850
C        2.03705001      11.39037159      16.77351826
H       17.04117396      11.10416171       0.89493996
H        0.59951700      14.38554866      15.98072108
H       15.49027402      12.59446833      17.37030164
H       16.18056524      13.75618348       0.88685986
H       16.07801255      14.28799484      16.84485444
H        2.57882283      13.01980606      15.49089134
H        3.00675850      10.92377249      16.46837614
H        0.35565962       9.10076241       0.41561091
O       16.13263285      17.38361244      11.22633888
C       14.99821202      16.11310415       7.78319666
C       15.53698525      16.08634434       9.14284043
C       14.27632499      17.21804051       7.39622666
C       15.50075350      17.28323105       9.93993022
C       15.23270476      14.98211874       6.95690149
C       14.03309977       0.56814819       8.24660444
C       14.62617598       0.64078993       9.52015516
H       16.21343596      15.33494676       9.53151109
H       13.90112264      17.34011384       6.40054960
H       15.04990380      14.07890915       7.56103593
H       14.53746745      14.95069372       6.13499776
H       16.26969827      15.06031793       6.54373696
H       13.47991411       1.38678733       7.93645623
H       14.26052998       1.41878657      10.13606799
H       16.06167607       0.54314268      11.59456483
O       12.77518551      12.26094438       1.51690372
C       13.03914448      12.36244695      15.58707846
C       12.95601514      11.86726184      16.95173026
C       13.24220074      13.78048191      15.39755832
C       12.92844334      12.80623694       0.31109661
C       13.00094301      11.41814191      14.43905793
C       13.12244308      14.66810903      16.51711312
C       12.87991959      14.21370642       0.08550980
H       12.82428818      10.79349420      17.13466987
H       13.40546974      14.12557732      14.40796704
H       12.29084136      11.87895572      13.80696188
H       13.96634444      11.36001011      13.94304923
H       12.65978089      10.43106133      14.64611287
H       13.31576301      15.78917706      16.43121856
H       12.81648634      14.94891586       0.89525034
H       12.79680426      11.29373087       1.57082735
O        9.34505494       6.58433735      17.03366823
C       12.19319713       4.46027478      16.23928985
C       11.09854639       5.27184079      16.13392223
C       12.63677018       4.10646068      17.52618524
C       10.53890109       5.88011781      17.22658325
C       12.79111313       3.98887578      15.05355941
C       12.04863772       4.73154185       0.96091043
C       11.03702174       5.67200334       0.81476890
H       10.72266257       5.49147397      15.11017870
H       13.54826182       3.59121087      17.63870896
H       13.52066125       4.60955136      14.52184210
H       13.37810623       3.14213308      15.30875780
H       12.09963578       3.82372756      14.27966702
H       12.30410081       4.51282760       2.00554397
H       10.58332567       6.18206764       1.63232766
H        8.89522165       6.37392759      16.26038332
O        5.05010268      15.44536644       8.63157753
C        2.14328178      17.17114378       9.98596530
C        3.38120843      16.52185409       9.93038783
C        1.28217467      17.12629809       8.85999026
C        3.79120487      15.93460993       8.69712431
C        1.82150674       0.23244770      11.26235089
C        1.68125929      16.53898701       7.69073333
C        2.89183349      15.86352432       7.61128422
H        4.06601025      16.51472920      10.75656720
H        0.31513295      17.54800499       8.99136597
H        2.60661577       0.99317792      11.49905242
H        0.92754725       0.78616488      11.12691204
H        1.55118271      17.27164910      12.09573342
H        0.89545484      16.44256513       6.97317069
H        3.28316242      15.39067354       6.77632800
H        5.28531836      15.14312370       7.74721110
O       13.41188174       0.41571422       0.49937217
C        9.75786812       0.07923147       0.56730117
C       11.07740543      17.51582383       0.18624348
C        9.48845530       1.09642730       1.49312059
C       12.13797514       0.52216099       0.84901161
C        8.52927474      17.05529719      17.63445610
C       10.54581114       1.76329737       2.11943748
C       11.84173510       1.33403282       1.90792985
H       11.26939035      16.66618849      17.17203813
H        8.50949938       1.51918727       1.57719127
H        7.66094767      16.93410136       0.53006190
H        8.21074670      17.65256215      16.81984578
H        8.83337150      16.18700175      17.14924158
H       10.34130594       2.63150196       2.65019843
H       12.71417008       1.76721372       2.34366363
H       13.51166036       0.76725342      17.40562133
O        6.06722613      14.65623879       6.27354090
C        8.49509428      14.28642852       3.61282291
C        7.57261157      13.94381200       4.61922454
C        9.03221357      15.58247867       3.60959611
C        7.06211598      14.91083230       5.44049400
C        8.92147425      13.15324899       2.68307987
C        8.60758898      16.56454805       4.54300038
C        7.57012230      16.24188862       5.45970738
H        7.20566983      12.95054861       4.63510953
H        9.69998844      16.00830377       2.81338265
H        9.20801597      13.61368534       1.72035318
H        9.76777764      12.68953371       3.22571628
H        8.24880848      12.30111566       2.51062792
H        9.03085286      17.53329118       4.63759301
H        7.13894636      17.03913633       6.03854638
H        5.82855596      13.70787243       6.29895052
O        7.13595006      14.74595095      10.17292948
C        7.83087354      12.27432305      12.89826577
C        8.10042197      13.25295455      11.87088614
C        6.53841683      12.10348370      13.44528429
C        7.01144676      13.96436682      11.31422349
C        8.97671976      11.40111336      13.41389495
C        5.54975517      12.98992756      13.00129933
C        5.71770458      13.86462612      11.87328247
H        9.08355437      13.29351061      11.43184605
H        6.44241932      11.46212921      14.23868792
H        9.49044909      10.89120256      12.63817102
H        9.74906084      11.94677155      13.95241571
H        8.61001294      10.70343310      14.17538679
H        4.54492611      13.00023007      13.42665297
H        4.89589062      14.50890515      11.62425038
H        6.29514116      15.20398480       9.93893771
O        6.05114216       1.23573463      10.74936682
C        9.58662122       1.59949808       9.94467895
C        8.37708218       1.06913674      10.44363160
C        9.65402681       2.87428912       9.38382844
C        7.23348083       1.76898264      10.40448191
C       10.73783534       0.69119118       9.86239521
C        8.49246591       3.61368518       9.33978944
C        7.27957174       3.06479942       9.84584825
H        8.40613590      17.70511778      10.81786204
H       10.53576448       3.26785522       8.91336029
H       10.48748226      17.47458955      10.32035025
H       10.89529140       0.30358159       8.86080910
H       11.62154890       1.14527517      10.32650192
H        8.58561842       4.60087250       8.73995848
H        6.34192723       3.55618504       9.64769706
H        6.14884689       0.59715879      11.39418561
O       16.26295724       5.43742121       1.74989792
C        2.22491231       5.58019183       2.31213504
C        0.88653876       5.96096313       2.14503466
C        2.55519048       4.22907725       2.37320855
C       17.55730360       5.01839676       2.01768966
C        3.26324987       6.65440102       2.23823805
C        1.58537656       3.22282678       2.33712169
C        0.21688873       3.66494903       2.09056268
H        0.56773980       6.99029145       2.00486505
H        3.59851601       4.07538982       2.51045356
H        3.12546624       7.45762880       1.50946560
H        3.38190723       7.07835191       3.25510683
H        4.19689156       6.18664146       2.03962750
H        1.90632446       2.20870955       2.34901903
H       17.24730951       2.91584290       2.06643143
H       16.14263521       6.29134205       1.30964056
O       16.52708194       2.01814192      12.42665826
C       16.38154137       0.61247744      15.81863874
C       16.45107710       0.71444451      14.42691061
C       16.51465889       1.79633718      16.60713724
C       16.52070369       1.95567767      13.80768817
C       16.11227481      16.99239236      16.49000813
C       16.72571249       3.03018572      15.95455088
C       16.73946806       3.12175636      14.56536282
H       16.27158431      17.57740622      13.85304808
H       16.53052235       1.70678837      17.68439307
H       15.49820267      17.19263474      17.36710419
H       15.54950905      16.32137158      15.82064445
H       17.03321578      16.61737544      16.77312306
H       16.75822558       3.96310819      16.53126126
H       16.87092411       4.06974526      14.06644519
H       16.54721066       2.91237655      12.26182632
