512
Lattice="17.7128441229 0.0 0.0 0.0 17.7128441229 0.0 0.0 0.0 17.7128441229" Properties=species:S:1:pos:R:3 pbc="T T T"
O       13.77460112       3.34356384       2.70043174
C       11.60947604       2.45327153       5.44767983
C       12.13944843       2.46634466       4.17334876
C       11.90413373       3.49633566       6.31480323
C       13.06909665       3.47467176       3.82858038
C       10.78349094       1.34764388       5.93970770
C       12.70877775       4.54747613       5.95667951
C       13.41856977       4.52115188       4.76003730
H       12.00352574       1.59638952       3.53814658
H       11.43339434       3.59058022       7.27582019
H       11.07516553       1.10468239       6.99086363
H        9.72530256       1.51855421       6.15659437
H       10.79870619       0.49145015       5.23836427
H       12.78431986       5.28383120       6.72976282
H       14.05551831       5.35796413       4.52397499
H       14.21952413       4.12033071       2.41373280
O        5.14001328       7.67161780       2.81504608
C        8.22134424       6.06029549       4.13053399
C        7.35403035       6.82339227       3.32137031
C        7.69582234       5.42213631       5.33056038
C        5.96894029       6.95382111       3.64124100
C        9.67188953       5.88327163       3.64488722
C        6.35085656       5.67250364       5.71935553
C        5.48347811       6.31484901       4.79493275
H        7.69996186       7.36465672       2.51230351
H        8.44801455       4.89219631       5.86431211
H        9.66442793       5.27372110       2.78701817
H       10.31082644       6.78647976       3.36606335
H       10.35137749       5.49728083       4.43963306
H        6.01436672       5.27366125       6.68258016
H        4.41105135       6.33163770       4.99532404
H        4.57035972       8.26993633       3.34740347
O        0.80272923       4.29364179      10.59161386
C       15.12734000       3.70156026       9.25725730
C       16.15330579       4.01635356      10.14696551
C       15.50032346       3.20959190       7.93767238
C       17.54027497       3.91805211       9.68804264
C       13.65196027       3.84769023       9.55817052
C       16.83143759       3.07352265       7.45101151
C        0.10224111       3.56384018       8.30558640
H       15.92910968       4.39690451      11.05761319
H       14.82325011       2.79022362       7.13310076
H       13.13797280       4.56246646       8.85259279
H       13.22255198       2.85156039       9.48751539
H       13.49917588       4.18618856      10.64352169
H       17.10168756       2.77066686       6.46296955
H        1.05313085       3.43072651       7.88220297
H        1.66322507       4.39779551      10.16372059
O        5.61610394       2.38145220       7.76773579
C        3.88733422       1.38122743       4.77278919
C        4.15739470       1.71771361       6.06609410
C        4.82125629       1.71554069       3.82118981
C        5.38176223       2.22516973       6.42597234
C        2.56559290       0.74645515       4.32396812
C        6.11101714       2.23286649       4.15706101
C        6.42858779       2.39860891       5.46251928
H        3.53712305       1.33744906       6.85472367
H        4.61142346       1.57313145       2.80967953
H        2.43648196      17.41945527       4.63800731
H        1.76076630       1.39974158       4.68420243
H        2.33643194       0.91710272       3.24438654
H        6.79585925       2.54339430       3.37852021
H        7.38160306       2.80007752       5.78226150
H        6.61227997       2.40588077       7.88754007
O       11.53912837       8.91929037      10.10774348
C       13.85138110      11.34460516      11.56060915
C       12.70264801      10.82711446      10.92219083
C       14.95073357      10.41449222      11.75088504
C       12.61881803       9.48323893      10.65882395
C       13.92070218      12.75857076      12.01697625
C       14.87275044       9.01389456      11.51553568
C       13.67204690       8.50325456      11.03174246
H       11.85276784      11.52019633      10.70547094
H       15.86801583      10.77928780      12.30160668
H       14.67186090      13.29261884      11.44330936
H       12.95667341      13.31690158      11.94248822
H       14.28101296      12.77702864      13.03713368
H       15.64587310       8.36679244      11.66907502
H       13.59190791       7.46283639      10.83160346
H       10.79827639       9.53305993       9.82106177
O       14.91916920      12.74742868       3.31742539
C       15.12870604      16.28337990       3.93499116
C       14.59707389      15.03308296       3.52925229
C       16.41157404      16.42925981       4.47687734
C       15.45744886      13.91996767       3.65389859
C       14.22838176      17.51502910       3.72727629
C       17.13282301      15.32365079       4.67466625
C       16.70926624      14.05260274       4.25902910
H       13.63843405      15.05820143       3.06972938
H       16.70384240      17.36885351       4.77577229
H       13.47897244      17.32076024       3.08910791
H       13.82712729      17.65171261       4.73473859
H       14.64912059       0.75435165       3.30920511
H        0.44037139      15.47718953       5.01742594
H       17.40146778      13.21572880       4.41643688
H       14.07303971      12.74972086       2.84797231
O        2.92628515       9.63589638       3.91140793
C        4.96742934      11.12979460       6.60720190
C        4.60333079      10.28147838       5.50737699
C        3.98850215      11.95421030       7.24457272
C        3.23832694      10.43048600       4.97902815
C        6.38661369      11.13035310       7.09706378
C        2.66732565      12.04892491       6.69366645
C        2.37200791      11.33812697       5.54846266
H        5.30304383       9.61805294       5.06772418
H        4.32628427      12.51440385       8.08904624
H        6.74219525      12.00652555       7.73159689
H        6.33306970      10.22026471       7.67971081
H        7.14632977      10.94923180       6.35349446
H        1.94831601      12.66134522       7.19067401
H        1.43160690      11.49997856       5.09085728
H        2.06124816       9.85239538       3.63797493
O        3.44327267       4.28445375       8.83197651
C        1.82468337       7.37158634       7.84205366
C        2.30671472       6.33570061       8.66626882
C        1.48654072       7.10568304       6.48735732
C        2.84520578       5.22153689       8.05700382
C        1.37637597       8.73297578       8.45383836
C        2.04289747       5.97187172       5.90750946
C        2.72755653       5.01281896       6.63576831
H        2.46064569       6.45850345       9.73812572
H        0.96881838       7.77553453       5.79253051
H        1.31694552       9.50422589       7.62759410
H        0.37672703       8.39183264       8.89757858
H        2.02853299       9.04088531       9.32976946
H        1.96799038       5.77088576       4.85942388
H        3.27470235       4.12717297       6.24774479
H        4.10195852       3.74956109       8.40093951
O        2.89021013       3.00986238      13.39564087
C        2.37023702       6.68066347      13.59168904
C        2.59296643       5.39270901      13.04037827
C        2.17614900       6.81211479      15.00062674
C        2.54169048       4.24490651      13.84805885
C        2.14167053       7.88064237      12.60934460
C        2.10052854       5.68973405      15.80405324
C        2.26288794       4.37556263      15.22113441
H        2.65916743       5.24512159      11.97216176
H        2.14457290       7.80161115      15.46743510
H        2.75794933       8.79147925      12.82778202
H        2.42825476       7.47767500      11.59358177
H        1.09030012       8.12209606      12.58415812
H        2.09345051       5.78637360      16.85625487
H        2.23524276       3.53861796      15.82294249
H        3.34174318       3.04616430      12.57135671
O        6.14973267       0.55725722      13.69090605
C        2.85667543      16.86935372      14.35746849
C        3.89770228      17.56774250      13.73300532
C        3.11115414      16.30953838      15.65720221
C        5.16185653      17.63009585      14.34439892
C        1.49119765      16.87842033      13.60634344
C        4.42073258      16.31074503      16.21746492
C        5.44591142      16.95394113      15.50037938
H        3.79450330       0.40845323      12.81655477
H        2.27628634      15.83068338      16.05663483
H        0.69405569      16.46704364      14.25395756
H        1.29997192       0.17313294      13.40517726
H        1.52733794      16.38216474      12.65962090
H        4.62646740      15.80269874      17.14513282
H        6.50185245      16.96016133      15.84021256
H        7.00626315       0.50795175      14.06539739
O       16.49741798      14.24400963      13.44983195
C        1.08347482      11.50022621      14.55922344
C       17.64121144      12.42736231      14.48933641
C        2.15161876      11.64018082      13.66068002
C       17.62057266      13.44719751      13.48235691
C        1.20867562      10.45355746      15.56132499
C        2.07855570      12.57277044      12.57948354
C        0.98848158      13.49312101      12.57333648
H       16.80807316      12.26833565      15.21217890
H        2.99699252      10.99811177      13.57921623
H        0.88976573       9.46918803      15.26269137
H        2.25346849      10.44267501      15.83251543
H        0.72347878      10.72206125      16.46686663
H        2.96255420      12.66427916      11.92308712
H        1.02737122      14.23438763      11.82473287
H       16.52771974      14.96519381      12.75749942
O        9.16420993      13.19504555       9.25986603
C       11.73917104      13.32032707       6.57470723
C       10.83761587      12.82891045       7.53417290
C       12.01843724      14.71912454       6.68571084
C       10.06683851      13.67251886       8.31523986
C       12.61259633      12.44792946       5.67011237
C       11.27363342      15.58661353       7.45258583
C       10.23612835      15.08011987       8.20723474
H       10.75369289      11.76707882       7.70489535
H       12.74163211      15.10106747       6.12539746
H       12.11122085      11.89271838       4.82922492
H       13.49858765      12.98961563       5.35579668
H       13.05400685      11.70680564       6.27646562
H       11.43804541      16.68133495       7.46862566
H        9.64231923      15.71468583       8.76877941
H        8.64046253      13.92337943       9.53487455
O        9.76692631       9.28299684      17.00361404
C        7.00419796      11.42374905       0.46357544
C        8.25605480      10.98327661       0.07313720
C        5.99923056      10.45356032       0.51797236
C        8.42054409       9.65955673      17.35276294
C        6.68176220      12.79995045       1.02850189
C        6.17408489       9.16197748       0.06275226
C        7.37910641       8.75101489      17.28574359
H        9.14536999      11.63134953       0.16625881
H        5.01686027      10.69299070       0.87482153
H        7.67547190      13.25625638       1.20725379
H        6.14777544      13.41998582       0.25895368
H        6.19049546      12.76748665       2.02801205
H        5.25953370       8.56334609       0.11965691
H        7.77917320       7.79299074      16.92435484
H        9.92238705       8.50834740      16.54108784
O        8.56997519       1.10343300      14.86136801
C       10.78235259      16.57218823      12.94402448
C        9.57659149      17.10484440      13.48453983
C       12.07646100      17.03854124      13.36419439
C        9.74609280       0.45504613      14.40127323
C       10.60869506      15.52967551      11.80073659
C       12.15303859       0.37940560      14.31196537
C       10.98557704       0.95261970      14.79754345
H        8.65068671      16.66542872      13.10926522
H       12.92016418      16.55022672      12.88424532
H       11.43601293      15.97295279      11.13637936
H       10.93235917      14.46739825      12.07750795
H        9.63638346      15.59951511      11.25618954
H       13.04221431       0.92247342      14.61350340
H       11.05661776       1.78002192      15.43613669
H        8.70293177       2.02437363      15.01216277
O       15.74053550      10.12522479       3.29433437
C       15.95302459       7.45517810       5.98211999
C       16.02198649       8.14054302       4.69454898
C       15.66904913       8.24531528       7.11610366
C       15.78286156       9.52765416       4.54173417
C       16.18719343       5.95498727       6.05519881
C       15.47302761       9.61371856       7.01665050
C       15.49883583      10.25242275       5.74669617
H       16.14086311       7.58735345       3.72606369
H       15.57576494       7.78802829       8.06946835
H       17.02615153       5.77517740       6.68228539
H       15.40550311       5.44419029       6.56450757
H       16.31821289       5.37776526       5.13581829
H       15.17820035      10.17419907       7.90029790
H       15.35442878      11.30163831       5.67096133
H       15.60148394      11.04752022       3.55015968
O       11.67654790       9.92372648       2.01375601
C       11.35668716       8.83461735       5.55605899
C       11.95217946       9.28726105       4.30584406
C        9.92156206       8.93011571       5.67531874
C       11.11248423       9.74457253       3.24352855
C       12.09212520       8.20846249       6.68254080
C        9.13722029       9.48119818       4.62553257
C        9.68618084       9.80878944       3.36312587
H       12.99799105       9.16341109       4.21709573
H        9.45228061       8.56012048       6.60702542
H       11.47416610       7.75634219       7.39095959
H       12.79382165       7.62573075       6.24220893
H       12.63272723       9.02007457       7.09782757
H        8.09668791       9.65999476       4.76212705
H        8.94802404      10.13959418       2.55219442
H       11.21971115       9.69482581       1.22728251
O        8.81432392       3.70090103      15.55421320
C        5.42925850       3.06801819      17.16845875
C        6.64141598       2.87010620      16.46966713
C        5.41167185       4.15356409       0.37654124
C        7.72222735       3.83459619      16.41760181
C        4.21329101       2.08366622      17.03987623
C        6.46215808       5.10795181       0.37850985
C        7.70260222       4.90810117      17.33269582
H        6.65868120       1.94635698      15.85681194
H        4.51360594       4.32877600       0.99218835
H        3.80801178       1.99846004      16.03105464
H        4.51346616       1.15913142      17.46925796
H        3.53801466       2.36920424       0.13469355
H        6.35228239       5.96383044       1.03200643
H        8.54327695       5.63652902      17.40616698
H        9.45735597       4.19607714      15.98680784
O        6.10609024      16.64073583       1.72498943
C        2.66438577      15.69494360       2.44579200
C        3.76343877      16.48442177       1.98368744
C        2.78023977      14.60406894       3.31793755
C        5.03458335      16.05558954       2.34048859
C        1.28936220      16.00601830       1.83134844
C        4.08577783      14.21510765       3.71639611
C        5.11725562      14.99084418       3.23774581
H        3.56636672      17.27248973       1.20911808
H        1.84779345      14.11591651       3.74146651
H        0.93142123      17.08488690       1.97248968
H        1.50915183      15.99865698       0.75241262
H        0.56058692      15.23981572       2.15058009
H        4.19267591      13.33595063       4.41146750
H        6.09631837      14.66388683       3.48859611
H        6.95964747      16.57380209       2.16514866
O       10.17616201       6.31050508      11.05658509
C        8.15818880       8.36562338      13.49528843
C        9.14126003       7.99568698      12.58142146
C        7.20249097       7.40349881      13.90533796
C        9.21517050       6.69527182      12.01489657
C        8.11883991       9.77207834      13.99899439
C        7.29410411       6.11214897      13.33275062
C        8.37806249       5.70518267      12.53096930
H        9.85895530       8.78113198      12.31168524
H        6.41351482       7.74784445      14.55971352
H        8.39690932      10.46328696      13.16635717
H        7.19701647      10.20350771      14.36553169
H        8.96120303       9.94077122      14.67108370
H        6.61490685       5.27912988      13.59444902
H        8.43868027       4.67169325      12.27035298
H       10.80098849       6.96877356      10.78690733
O       15.29103863       8.08943097       1.38779699
C       15.85600055       7.93066824      15.52674793
C       15.73133546       7.48309978      16.86612276
C       15.62971251       9.28273911      15.17496240
C       15.40105962       8.50330647       0.08428524
C       16.35802668       6.94343291      14.48005256
C       15.28198178      10.27634704      16.15820664
C       15.02250293       9.84741078      17.45087749
H       15.94542898       6.44872359      17.18369721
H       15.62927756       9.58953129      14.08194394
H       17.11650660       6.33983948      14.96702904
H       15.54791194       6.21757634      14.30051957
H       16.65160502       7.39369351      13.51988478
H       15.02433144      11.30782872      15.92980227
H       14.65527714      10.57283195       0.48213313
H       15.08849229       8.92214516       1.91062889
O        9.43473826      10.65730430       9.62170530
C        5.89545536      10.19412142      10.53039331
C        7.12183321      10.81262294      10.23911408
C        5.70995618       8.82928963      10.13248570
C        8.23511783      10.03071041       9.78362349
C        4.73719511      10.94665048      11.09395652
C        6.76920655       8.06330149       9.56144073
C        8.03265964       8.64427284       9.36873387
H        7.09588449      11.88881932      10.55074856
H        4.79028379       8.37198931      10.28991644
H        4.85689221      11.99066784      10.96723609
H        3.73860578      10.64581094      10.67239925
H        4.74050203      10.83306224      12.14406843
H        6.72440610       7.00044938       9.29687685
H        8.81641057       8.12049768       8.94240708
H        9.19191197      11.60518494       9.53613999
O        0.79443096      10.20484964       2.47100478
C       17.68909434      13.09480545       0.33285018
C       17.44853638      12.14256560       1.30417134
C        1.29066064      13.31466367      17.49161937
C        0.86500210      11.31577483       1.68762106
C       16.55105030      13.86169658      17.51392803
C        2.34784808      12.54361553       0.19791596
C        2.15019620      11.58710037       1.17533598
H       16.45339960      11.90821356       1.62195196
H        1.59439595      13.94764173      16.64840591
H       16.85565356      14.45679268      16.64684895
H       15.59822015      13.23268970      17.32158247
H       16.29121097      14.60595936       0.51445203
H        3.33916943      12.62696168      17.40949538
H        2.93949050      10.91724425       1.43692040
H        0.01065905      10.14978292       2.97573001
O       16.75504633      16.40654073      11.70454710
C       16.27684104      14.52666085       8.68077901
C       16.62547507      14.95057066       9.98819737
C       15.69720431      15.50319559       7.82302121
C       16.40174255      16.21728568      10.42264206
C       16.72353284      13.16018220       8.25130601
C       15.36022924      16.83671419       8.21964397
C       15.81614468      17.11095288       9.50465395
H       17.02495168      14.22215933      10.63637031
H       15.52753514      15.12091294       6.84225270
H       16.21088709      12.96904504       7.30034962
H        0.05083801      13.11647488       8.11220938
H       16.44512796      12.44430253       8.99516339
H       14.84077235      17.45129598       7.43298590
H       15.60328470       0.44123653       9.93910678
H       16.84994609      17.25416516      12.13320722
O       12.95748567      12.55136671       1.55544433
C       12.20879799      12.10987154      15.66708889
C       12.41296469      11.84725723      17.03845951
C       12.29834876      13.46291785      15.29441772
C       12.73661375      12.83018938       0.22028714
C       11.94411149      11.00547451      14.65932006
C       12.63301341      14.48329121      16.25723803
C       12.92262379      14.15060082      17.54340524
H       12.39877527      10.80013093      17.32804904
H       12.26911431      13.93318535      14.22116621
H       12.16370108      11.12237395      13.64347068
H       12.48028941      10.14481187      14.87614311
H       10.95272437      10.63913670      14.75059645
H       12.70057768      15.47323579      15.91120181
H       13.12178831      14.95165069       0.44776687
H       12.50605797      11.70997092       1.75571840
O       10.01949012       7.08885154      15.38147534
C       12.72138798       4.80905876      14.57834881
C       11.57434918       5.54577072      14.44876117
C       13.25087218       4.50587518      15.87629702
C       10.94423586       6.12416251      15.56003600
C       13.46845888       4.29410584      13.33213610
C       12.52037708       4.92379452      17.01305655
C       11.35740496       5.71153642      16.87187271
H       11.28061477       5.90911243      13.42300945
H       14.26212006       4.07336347      15.96671602
H       13.77876545       5.15271024      12.75731984
H       14.34904547       3.61441565      13.44746767
H       12.74583106       3.80734604      12.71440003
H       12.85300552       4.78579870       0.36084690
H       10.87091741       6.12447203       0.04780729
H        9.88960473       7.16091423      14.42965851
O        5.58338213      15.72606925       8.47764213
C        2.65009428       0.02455163       9.31452624
C        3.98816780      17.24657363       9.39701862
C        1.71925580      17.27863732       8.37864897
C        4.33590325      16.24863772       8.53325512
C        2.29288597       1.05324874      10.40731648
C        2.11177027      16.19909235       7.49420571
C        3.42396624      15.73251087       7.60095388
H        4.75185308      17.60650980      10.04373859
H        0.72429427       0.03662457       8.29350249
H        1.51341169       1.73598603      10.01476361
H        1.91553882       0.45661095      11.22605026
H        3.06564447       1.75150988      10.87156749
H        1.56666903      15.90090792       6.62622136
H        3.77808220      14.99099810       6.97857476
H        5.89611584      15.44078602       7.64707921
O       12.91177005       1.70014401       0.95664535
C       10.01654539      17.47914556       0.04701175
C       11.35035237       0.14252177       0.16580120
C        8.90826305       0.57658327       0.50165307
C       11.59900749       1.35757451       0.78352632
C        9.70379630      16.11782099      17.22737865
C        9.26240966       1.81228217       1.12161756
C       10.59676526       2.22717674       1.18981040
H       12.20620720      17.18674484      17.60117603
H        7.79056375       0.31836000       0.26458658
H       10.14715396      15.45303337       0.20713771
H        8.65031733      16.03805184      16.98539004
H       10.20228200      16.00173539      16.23030178
H        8.35053339       2.37421972       1.45158053
H       10.94266434       3.14119138       1.68641090
H       13.10503901       2.46726456       1.57220946
O        6.84967738      14.49128780       6.43217119
C        9.36997318      14.67386197       3.74481745
C        8.44130004      14.12828659       4.68383951
C        9.44771783      16.07744525       3.49103200
C        7.62095507      15.01451982       5.47664631
C       10.20424860      13.75035784       3.00414480
C        8.56037244      16.95830547       4.23707463
C        7.70420840      16.38485437       5.21892532
H        8.38028393      13.05782858       4.79618520
H       10.02438674      16.71000156       2.75793313
H        9.60844847      12.79943095       2.91061291
H       10.40903706      14.06526115       1.99899614
H       11.13806560      13.55969782       3.48210667
H        8.49832191       0.31247677       4.13366341
H        7.06211867      17.12556516       5.70962142
H        6.87383744      13.52585807       6.62050409
O        7.26488410      14.54438040      10.30396279
C        7.61769694      13.58817590      13.82358827
C        7.82966380      13.75911397      12.42252118
C        6.29141242      13.78786739      14.30607024
C        6.91316589      14.39166203      11.61463790
C        8.71415711      13.14597978      14.74958253
C        5.27303717      14.40234350      13.51189555
C        5.61508054      14.67903988      12.14855078
H        8.72270551      13.39492941      12.00803010
H        5.95510443      13.63422555      15.35911099
H        9.68970457      13.13052078      14.20729097
H        8.74800629      13.82108726      15.63183300
H        8.48842986      12.12485611      15.13334973
H        4.23595589      14.45313550      13.88110871
H        4.90655822      15.09450588      11.48923923
H        6.44956712      14.90434787       9.97599233
O        5.20806916       2.74471454      11.74864173
C        8.47519081       2.02660673      10.17019378
C        7.25668948       1.85009551      10.91025569
C        8.56883542       3.23461480       9.37638805
C        6.28701722       2.86622850      10.95783259
C        9.43414504       0.91214042       9.98315486
C        7.54746670       4.16701616       9.37492863
C        6.37317438       4.00874142      10.14682968
H        7.16780571       1.00434176      11.49674184
H        9.30291139       3.37541958       8.64159004
H        9.05704276      17.70560482       9.53078033
H       10.16776238       1.11190751       9.21751489
H        9.89396790       0.62819879      10.91637556
H        7.67952287       5.10376639       8.92820256
H        5.69471734       4.75385258      10.16928032
H        5.42483993       2.26176498      12.60365409
O       15.41064618       5.40485014       1.74046690
C        1.33548902       5.34255640       2.12929426
C        0.02158818       5.85608810       2.14549828
C        1.53287835       3.95538475       1.98870248
C       16.65142455       4.93453369       2.02793254
C        2.47875124       6.30889147       2.33256765
C        0.48529272       3.07274430       1.86741671
C       16.88212497       3.57475549       1.87362010
H       17.57073557       6.91510110       2.06802923
H        2.57857472       3.63113661       1.91600738
H        3.10136749       6.33214522       1.41961228
H        2.12319988       7.33270177       2.54002829
H        3.09103719       6.05446183       3.19442428
H        0.66698957       2.00049631       1.98352874
H       16.01158349       2.95316570       1.79767207
H       15.46843158       6.34449918       1.56821269
O       16.64024402       1.42366843      12.47806854
C       15.68754763       0.32798892      15.84464012
C       15.74057293       0.45098820      14.43398558
C       16.23768721       1.34733524      16.58609476
C       16.51748888       1.47702330      13.83272297
C       15.11704854      16.81254490      16.49336047
C       16.98631668       2.41939803      16.01560733
C       17.11984994       2.47072868      14.62312408
H       15.38373839      17.30832968      13.82870114
H       16.17438501       1.36303950      17.62181276
H       15.02929051      15.97253369      15.79550900
H       15.75444195      16.60131694      17.40002711
H       14.11436067      17.09834612      16.80777845
H       17.28738424       3.24217503      16.65635624
H        0.09480970       3.15460979      14.15999784
H       17.10922053       2.22440989      12.24303072
