512
Lattice="17.7128441229 0.0 0.0 0.0 17.7128441229 0.0 0.0 0.0 17.7128441229" Properties=species:S:1:pos:R:3 pbc="T T T"
O       13.45326137       4.12548307       3.05133406
C       11.39540586       4.20523400       6.08282496
C       12.04276656       3.68127847       4.90237769
C       11.45500780       5.59398136       6.44815810
C       12.85432751       4.54869277       4.19133905
C       10.49288721       3.35322487       7.00086112
C       12.24750119       6.51575969       5.71496827
C       12.89965368       5.92701082       4.56242584
H       11.86999347       2.66810423       4.59634564
H       10.91281521       6.03557421       7.34422660
H       10.48662018       3.86932758       7.95830679
H        9.48518611       3.40659719       6.65329991
H       10.86821793       2.36090755       7.15356918
H       12.34943550       7.50267995       6.07422775
H       13.38650492       6.68168850       4.00469341
H       13.90752769       4.88558476       2.57132837
O        5.17897412       3.38260955       3.88182275
C        8.13652323       5.42449772       4.39484121
C        7.21338022       4.52493797       3.77067966
C        8.02715585       5.86412333       5.65083311
C        6.14837897       4.04690392       4.53746473
C        9.32513036       5.86033756       3.46309763
C        6.87589096       5.44834668       6.35366311
C        5.99043898       4.52941387       5.86281440
H        7.40281347       4.11470206       2.82495255
H        8.74950165       6.56214026       6.09480770
H        9.44196621       5.14658071       2.63277892
H        9.17396609       6.78474400       2.98198689
H       10.22752428       5.92701698       4.05426970
H        6.81535024       6.00147501       7.29865815
H        5.05797237       4.30861309       6.35428323
H        5.42298780       2.80931377       3.18120966
O       15.07375964       3.30333777      11.36411797
C       14.87692793       2.14244107       7.84479809
C       15.32473638       2.84559188       9.03510976
C       13.64082203       1.40740769       7.90479425
C       14.53014065       2.82951621      10.20923091
C       15.74386336       1.97655998       6.62548635
C       12.87948894       1.43612150       9.06703738
C       13.31838958       2.05240489      10.22155772
H       16.23602183       3.39438415       8.98750605
H       13.28231746       0.86214875       7.09539954
H       16.37761470       1.07871814       6.65918222
H       15.15701124       2.05145860       5.76969148
H       16.34462367       2.90386562       6.40307618
H       11.93226604       0.85800639       9.11088932
H       12.76303690       1.80355142      11.13751504
H       15.85834728       3.88101903      11.19330569
O        3.01991207       2.82189402       9.59944764
C        2.54169550       1.58008133       6.04487060
C        2.25448881       2.13477618       7.35427459
C        3.84625384       1.24434079       5.86905302
C        3.28555458       2.37368973       8.33786603
C        1.55447957       1.39485097       4.99799871
C        4.89829350       1.56414467       6.82190642
C        4.62508430       2.06555086       8.11404894
H        1.24843714       2.35804233       7.57411392
H        4.12498253       0.72732362       4.95277373
H        0.55189193       1.65434599       5.41809518
H        1.80165119       1.97149686       4.05305142
H        1.57417399       0.34730153       4.67727381
H        5.92176678       1.34765717       6.60684342
H        5.33319225       2.11760358       8.94822167
H        3.74488125       2.61295708      10.18503026
O       10.94681499       9.21464764      10.61607722
C       14.44992149      10.19482263      10.55813157
C       13.00356589      10.22941358      10.64018807
C       15.13713580       8.97489478      10.37322791
C       12.29763605       8.98993572      10.46170853
C       15.26278881      11.45575247      10.69694235
C       14.39462661       7.78160046      10.27526685
C       12.98110284       7.77356087      10.34255537
H       12.42426495      11.14869995      10.84616639
H       16.22908895       9.10010334      10.43626399
H       14.59037463      12.32574391      10.77338237
H       15.83149448      11.45400566      11.64277589
H       15.80834320      11.36217749       9.75296631
H       14.86824754       6.90687850      10.26345948
H       12.58008707       6.78222629      10.32484665
H       10.77382479      10.12769764      10.36772060
O       16.11712022      12.46559409       1.80642216
C       15.71840186      15.22823909       4.16905932
C       15.50005402      14.40161105       3.03440844
C       16.97791215      15.28230507       4.77328878
C       16.43981571      13.38832905       2.74626615
C       14.53929262      16.11465947       4.58295538
C        0.12820200      14.19457655       4.53940122
C       17.57086579      13.25948052       3.52255570
H       14.57619817      14.37830631       2.61312152
H       17.16496142      15.93856728       5.52722052
H       14.42724292      16.99477196       3.90251583
H       13.63596773      15.46981648       4.65827324
H       14.67046300      16.41222887       5.59612556
H        1.04584715      14.04607262       5.09467445
H        0.48870382      12.46143503       3.23305714
H       15.21290907      12.61902663       1.44670301
O        2.10818422      10.09601661       2.08208591
C        5.08096298       9.44800287       4.23114055
C        3.98709698       9.29757892       3.33605496
C        5.32191082      10.77998671       4.67810761
C        3.19177253      10.35255644       2.86736202
C        5.99802629       8.35631967       4.57818331
C        4.56466353      11.84340752       4.30326652
C        3.46988377      11.60054491       3.39115891
H        3.75127452       8.21046071       3.13275934
H        6.11491490      11.06276066       5.33770705
H        5.80844385       7.38926181       4.09103149
H        7.07576742       8.67170163       4.71350375
H        5.77075931       8.09432906       5.63625558
H        4.75333389      12.87136030       4.60821473
H        2.86519203      12.43679744       3.20554817
H        1.77021466      10.91421236       1.65547672
O        1.20721003       4.73929349       9.02872276
C        1.30872386       8.22653011       7.79185515
C        0.84596712       7.06224320       8.47921435
C        2.60371760       8.15130827       7.32935280
C        1.68608484       5.92974910       8.58152620
C        0.50549123       9.48904888       7.61386359
C        3.49187250       7.10429272       7.46695708
C        3.02153258       5.97709994       8.10447328
H       17.59990732       7.05555402       8.76651411
H        3.07132086       8.99984620       6.93069378
H       17.41062705       9.39226432       6.88552644
H        0.05913225       9.72936631       8.54298014
H        1.15759767      10.33711535       7.43354952
H        4.53229016       7.17442851       7.21752503
H        3.64053703       5.15183885       8.43667253
H        1.81372631       4.01756323       9.01244753
O       17.38288019       4.69690921      10.96357869
C       17.31015756       5.18004236      14.58818265
C       16.88151273       5.00818600      13.23124465
C        1.00455562       5.14906703      14.86052897
C        0.14478247       4.71587336      12.23274199
C       16.36971278       5.52024439      15.62846272
C        1.91363270       4.81019494      13.85452145
C        1.50372772       4.60494038      12.51564232
H       15.78576219       5.08184812      12.96051624
H        1.40363121       5.40560557      15.78223269
H       16.68828729       6.35954966      16.24901958
H       15.49788905       5.78568990      15.13903707
H       16.18395585       4.67665627      16.25842837
H        2.95067604       4.79096410      14.10267653
H        2.25328663       4.42331655      11.69572535
H        0.34512136       4.82571209      10.31141126
O        6.27831858       1.17176901      13.36299277
C        3.37848274      17.66198854      15.18566882
C        4.19636934       0.79574361      14.38156639
C        4.02297028      16.93587222      16.16910935
C        5.58714342       0.61174170      14.43811876
C        1.84853260      17.69676868      15.08369133
C        5.44428742      16.98093623      16.34811106
C        6.19847095      17.53053965      15.30655149
H        3.73006101       1.37127927      13.57504219
H        3.41407762      16.51496902      16.90869858
H        1.40927898      17.07719414      15.82771030
H        1.45697802       0.96108083      15.15402830
H        1.57282961      17.29601569      14.10753413
H        5.88503454      16.29552804      17.07110499
H        7.21859933      17.17981781      15.21201461
H        7.19981513       1.23917079      13.67733733
O        1.72479582      12.34556073      11.35269101
C        2.49417678       9.77875669      13.85954036
C        2.27411962      11.06404922      13.37422247
C        2.25632803       8.64234905      13.09245002
C        2.03711959      11.12936161      11.96792914
C        2.84912146       9.51891361      15.30427071
C        1.86616662       8.81770617      11.80060094
C        1.89067609       9.99174888      11.14568778
H        2.35469426      11.92195374      13.99194533
H        2.34649303       7.63258042      13.47473680
H        3.95925044       9.83579032      15.22679903
H        2.49580623      10.32945984      16.01372687
H        2.75910329       8.48466440      15.68126884
H        1.53780663       7.95445749      11.10861388
H        1.61658897       9.99722179      10.11761373
H        1.74322184      12.26845365      10.44117045
O        8.56740839      14.28421643       9.73537348
C       11.57047768      14.48322282       7.63238098
C       10.53439441      13.93568202       8.42465078
C       11.57736191      15.89603775       7.41150269
C        9.56555129      14.78248147       8.98612989
C       12.61716070      13.67531477       7.09413546
C       10.55641068      16.75821055       7.96388393
C        9.57799145      16.23327811       8.84121716
H       10.51026343      12.84689735       8.56754010
H       12.24203977      16.38243038       6.68143865
H       13.44595547      14.32146311       6.69791951
H       13.24657781      13.28343360       7.86015221
H       12.29037338      13.01893386       6.27662308
H       10.58732030       0.09386758       7.64588195
H        8.86634038      16.91820979       9.27701391
H        7.90391541      14.87920172      10.08716952
O       10.55304163       9.04886121       0.49367434
C        7.63535088      11.33665326       0.87317102
C        8.98441635      10.86707220       0.97681110
C        6.68646927      10.63094136       0.15443328
C        9.28036959       9.64412899       0.39466411
C        7.18463864      12.54841010       1.63461757
C        7.02938093       9.42431534      17.26176300
C        8.31024754       8.88096779      17.37983757
H        9.72762805      11.26788068       1.64121427
H        5.64272281      11.03198522       0.04572902
H        7.50848723      12.46804587       2.76538767
H        7.64558356      13.38406691       1.12373861
H        6.09646335      12.48957712       1.51925852
H        6.28007441       8.93217481      16.74799666
H        8.58234471       7.92640475      16.92401294
H       10.74912256       8.39520733      17.50143832
O        8.82826787       1.93640822      14.15918661
C       11.23952262      17.09298155      13.30457829
C       10.48130167       0.50914289      13.17587369
C       11.37205966      16.45767630      14.55418693
C        9.76039011       0.98638467      14.29965405
C       11.92305066      16.50798679      12.13746288
C       10.93348500      17.18443058      15.77291728
C       10.00413715       0.51590076      15.57270559
H       10.34161540       0.92562431      12.15948475
H       11.98745349      15.65039995      14.68574064
H       11.18235712      16.08032538      11.45880801
H       12.36973382      17.27645891      11.60116544
H       12.66237606      15.77814211      12.34191878
H       11.17887923      16.78670047      16.78681169
H        9.42909181       1.00667741      16.30460700
H        8.86845301       2.67160085      14.82174486
O       17.31481283       9.30200148       3.05812481
C        0.62721923       6.24054916       4.72582017
C        0.70490262       7.41103273       4.02334517
C       17.20773273       5.93365282       5.51782535
C       17.29211995       8.25449969       3.92442143
C        1.91423854       5.35782088       4.72914492
C       16.13055617       6.78714004       5.43111271
C       16.10678544       7.91657801       4.57863188
H        1.68003461       7.63959731       3.44617384
H       17.24211540       5.04833215       6.14190658
H        1.94735859       4.88541989       3.84489512
H        2.82822786       5.97329874       4.81839361
H        1.98131716       4.65864799       5.49558348
H       15.28498031       6.61452789       6.07299065
H       15.14696696       8.42039582       4.52014685
H        0.48448853       9.46038070       2.71122757
O       12.43105478      10.63241684       1.93004544
C       13.37456681      10.46516961       5.49180503
C       13.50853704      10.53939586       4.06357111
C       12.15407114      10.07134530       6.05096382
C       12.38562819      10.37729725       3.24039881
C       14.54314685      10.84393906       6.35250971
C       11.00570562       9.91131804       5.16753201
C       11.16172468      10.00645111       3.79374689
H       14.46063358      10.86707051       3.67603702
H       12.11234633      10.00415666       7.07032740
H       15.13993807      11.56429870       5.86911259
H       14.29750100      11.38093914       7.27172167
H       15.11829365       9.94978457       6.51774069
H       10.06555540       9.82001329       5.70139355
H       10.21207441       9.89235500       3.19830039
H       12.02875879       9.93534603       1.43003968
O        9.49208192       3.62375473      16.21396012
C        6.08221674       3.76861312      17.55369374
C        7.19160378       3.39461344      16.82245466
C        6.13122909       4.94321647       0.71797457
C        8.42583581       4.07071867      16.97880029
C        4.69528233       3.10457695      17.44840550
C        7.32845362       5.70531627       0.77106259
C        8.46853450       5.28439001       0.03597953
H        7.22271805       2.59311230      16.06846908
H        5.34880004       5.32977300       1.37920898
H        4.51118727       2.68645152       0.79733157
H        3.95354011       3.86600209      17.20874742
H        4.51765567       2.36465272      16.68963432
H        7.38698480       6.63311987       1.46950860
H        9.33834328       5.84426056       0.00677579
H       10.34932248       3.95717779      16.44500789
O        5.57465779       1.03561807       2.53684556
C        2.60377554      16.81346954       1.90094736
C        3.46817104       0.18878237       1.97668393
C        3.02054568      15.47731382       2.16529930
C        4.75243030      17.70575150       2.48822635
C        1.22180922      17.01284436       1.35251200
C        4.30234610      15.21464069       2.61001508
C        5.17247715      16.33539028       2.77963577
H        3.14463935       1.14742897       1.66072936
H        2.44444885      14.55399039       1.99422645
H        0.96437527       0.37645927       1.36493594
H        1.13306034      16.55620253       0.32808309
H        0.48311122      16.59608276       2.05441394
H        4.72645967      14.26689003       2.85266910
H        6.21728720      16.07863405       3.15848920
H        6.41634135       0.77983945       2.09698183
O       10.22187994       7.47131870      13.10538316
C        6.60234520       8.24321926      13.06097655
C        7.98273800       8.34376782      12.78024062
C        6.11391378       7.17633635      13.84139881
C        8.88393382       7.42382268      13.33390896
C        5.75061246       9.31863106      12.48549870
C        7.03508201       6.37278187      14.50144660
C        8.39575898       6.44872647      14.23325670
H        8.50161158       9.04821326      12.12560337
H        5.03905863       7.12813496      13.85146789
H        4.96966917       9.45511226      13.22091277
H        6.22257267      10.27229983      12.27644054
H        5.30649261       8.99007193      11.51199474
H        6.67720045       5.59378800      15.21248389
H        9.00412450       5.64505882      14.66223062
H       10.44610261       8.01814436      12.35063861
O       15.41846748       8.81927128       1.07939387
C       14.71246717       9.30898982      15.17909405
C       14.58476243       8.87443861      16.53801399
C       15.71684325      10.22825744      14.82220606
C       15.47468143       9.26279335      17.50621210
C       13.82321070       8.92356877      13.95929419
C       16.61510430      10.68430936      15.86552492
C       16.50596546      10.10005096      17.10412919
H       13.64728992       8.29454736      16.79594823
H       15.73154472      10.60255141      13.77424856
H       13.62142015       9.92223808      13.50336904
H       14.31034520       8.22123168      13.34974981
H       12.82530453       8.64046090      14.27487133
H       17.43839720      11.30134021      15.60407254
H       17.37349022      10.27713440       0.04397684
H       16.07960658       9.31766399       1.61522074
O        9.32221568      11.28772690      10.09086937
C        5.94481032      10.52837316       8.99409145
C        6.98906360      11.12838084       9.64434182
C        6.18654326       9.45124690       8.04502378
C        8.33315468      10.71314630       9.37843799
C        4.53253943      10.78755347       9.40452295
C        7.51293918       9.08775111       7.73093446
C        8.58657550       9.71348471       8.36749212
H        6.77101593      11.86621128      10.35484709
H        5.36464295       9.08937909       7.55270716
H        3.85503347      10.00078306       9.10017546
H        4.33828771      11.16028526      10.38079152
H        4.04072118      11.57711280       8.94402295
H        7.66320593       8.21173317       7.13030938
H        9.59650429       9.29150731       8.21618114
H        9.09384261      12.15321285      10.43853446
O        0.96398960      12.09271593       0.71256124
C        1.73693806      14.06394110      15.36770703
C        0.97488046      13.52164851      16.41293693
C        3.12289439      14.16796226      15.45649338
C        1.61932011      12.84094850      17.50254112
C        0.99802348      14.55391704      14.13987908
C        3.81385351      13.55432905      16.58398764
C        3.02875557      12.91607010      17.61596327
H       17.62585547      13.38278708      16.22071293
H        3.76819456      14.67712752      14.64658534
H        0.01606391      15.03426212      14.39820898
H        1.57902665      15.35861073      13.54656620
H        0.63289891      13.75972416      13.46733918
H        4.90536586      13.69706796      16.64616774
H        3.45532277      12.29713730       0.70455771
H        0.02040480      12.38243458       0.82706469
O       16.02379476      15.78508988      12.24364574
C       16.92137079      13.99195526       9.12540442
C       16.80101477      14.29886991      10.46281340
C       16.03537323      14.67848631       8.26507326
C       15.97824521      15.34921878      10.91399124
C        0.27478957      13.00327638       8.58255946
C       15.06830299      15.60776911       8.68568063
C       15.07798034      16.03225310      10.00565480
H       17.47581994      13.89466496      11.14915918
H       15.94955705      14.39713566       7.27192990
H       17.66036453      12.86534791       7.55473942
H        1.24449429      13.46195377       8.54849582
H        0.16518689      12.03591031       9.06430519
H       14.40497187      16.01820616       7.93455071
H       14.30809057      16.67873420      10.28821095
H       15.80100056      16.68204304      12.34788809
O       13.67318925      12.52446271       0.69110232
C       11.62487197      12.06650974      15.36500293
C       12.00674992      12.01424882      16.71323361
C       12.32264855      12.85323936      14.45777425
C       13.22773802      12.63285252      17.09040705
C       10.35581944      11.46341603      14.94682104
C       13.60591939      13.39142582      14.80557402
C       14.09158343      13.25535732      16.13639942
H       11.30569828      11.49403936      17.43356304
H       11.88126448      12.93256987      13.45963638
H       10.77930199      10.60691502      14.50259132
H        9.72653621      11.22322552      15.86401091
H        9.82014393      12.17607227      14.31982663
H       14.10360212      14.02508353      14.07782726
H       15.01840958      13.55033998      16.48177566
H       13.18370687      11.78933270       1.13386175
O       11.16731561       7.59504482      15.94714990
C       12.67545430       4.31670587      15.10752896
C       12.08275541       5.56229711      14.92761796
C       12.94851727       3.81230175      16.35056009
C       11.72348542       6.30768001      16.03713594
C       13.01740372       3.49412655      13.90427088
C       12.56856963       4.47384062      17.47545456
C       11.89757802       5.69608602      17.32414370
H       11.94986727       5.91978310      13.92616800
H       13.38562957       2.86940072      16.48791020
H       12.55730531       3.80818269      12.92528270
H       14.12796079       3.42255874      13.88142936
H       12.74741297       2.50148737      14.08091619
H       12.85348853       4.05930125       0.70959659
H       11.56917705       6.12559475       0.52449097
H       11.12616381       7.77615101      15.03439007
O        4.82396539      16.05140248       9.42042526
C        1.34584775      17.31242721       9.54756892
C        2.65972839      17.00123832       9.94835601
C        0.83310418      16.82794202       8.32757263
C        3.52066528      16.22787527       9.10719653
C        0.54663032       0.41762380      10.58693554
C        1.66739159      16.03646929       7.52877361
C        3.02401201      15.70691767       7.91765842
H        2.85296837      17.17460276      11.00822502
H       17.57566678      17.18151296       7.94001584
H        0.24224645      17.50719648      11.43876649
H        1.14391016       1.26714758      11.08855009
H       17.37140608       1.02665154      10.15974428
H        1.12683841      15.57226622       6.63118154
H        3.62337257      15.07853282       7.28257067
H        5.16811677      15.18044880       9.02750352
O       13.01397170       1.15478089       2.37777780
C       10.33844002      16.63056302       1.41410734
C       11.59072557      17.14742391       1.80048839
C        9.33587312      17.57437843       1.12297432
C       11.81479382       0.82405483       1.96840135
C       10.10593584      15.20581416       1.17927735
C        9.54127611       1.24359965       1.26808382
C       10.78441972       1.73421117       1.74753038
H       12.49351342      16.55713089       1.80249275
H        8.50505137      17.05426947       0.64033476
H        9.11526160      15.01873044       1.64830809
H       10.04690556      14.98913450       0.12057082
H       10.76629515      14.61023609       1.72886250
H        8.74892746       1.93108836       0.89972516
H       10.80584138       2.74444718       2.00205731
H       13.21507110       2.07824851       2.45173303
O        6.04552297      13.74372034       7.96928821
C        8.72312070      14.06148681       5.40319102
C        7.84859876      13.47830594       6.36995563
C        8.57305394      15.49091057       5.07583413
C        6.92321416      14.25913406       7.05893220
C        9.80588934      13.22644361       4.70403797
C        7.63481901      16.25116697       5.77579903
C        6.82615273      15.62495273       6.79123284
H        7.83420870      12.40068129       6.62246594
H        9.17200944      15.88202138       4.32046667
H       10.04080547      12.44530099       5.32015737
H        9.41180864      12.76780027       3.80670745
H       10.68678859      13.79257687       4.51471314
H        7.46566835      17.27243862       5.57312405
H        6.11999010      16.28755441       7.34220458
H        6.42413035      12.95939000       8.35467153
O        7.08142274      16.09210015      11.41202464
C        7.65521759      14.09058452      14.41555884
C        7.84109212      15.03916211      13.39676089
C        6.65037239      13.08548394      14.25097895
C        6.91836226      15.13193151      12.36269636
C        8.46227458      14.13344308      15.69308230
C        5.69114994      13.15369585      13.21226479
C        5.85043540      14.17786143      12.26573785
H        8.48834258      15.88672208      13.50403492
H        6.57225567      12.21217643      14.85113995
H        8.36244590      13.18255447      16.29821466
H        9.45831723      14.34319227      15.39989984
H        8.19831949      14.94881209      16.34661275
H        4.91388689      12.44685066      13.07632856
H        5.12468972      14.26668475      11.45996107
H        6.23071001      16.39896618      11.08214506
O        5.40411882       3.19123228      11.37163411
C        8.90857165       4.20467857      10.80535226
C        7.79752362       3.47994944      11.32430502
C        8.65513432       5.31887085       9.94409405
C        6.52193670       3.90043388      11.04466884
C       10.36691662       3.77408657      11.02980145
C        7.33106141       5.81896548       9.80374780
C        6.31086029       5.04591067      10.32275965
H        7.99014513       2.60021392      11.92204839
H        9.42777146       5.84919523       9.40687592
H       10.45567170       3.76746846      12.08037943
H       10.49693016       2.79478358      10.64010890
H       11.10401768       4.45938259      10.60397126
H        7.22905903       6.75171003       9.18221199
H        5.25681523       5.30790252      10.14286143
H        5.65281891       2.52188234      12.06268546
O       15.30615072       5.77015447       1.42633410
C        1.27483837       5.59504312       0.89839147
C       17.63555150       6.08230004       0.89559377
C        1.47277438       4.22908506       1.20803314
C       16.57757540       5.32747882       1.36555254
C        2.49299344       6.47226284       0.60089088
C        0.40986455       3.43975395       1.63885031
C       16.85068844       4.00388590       1.78392845
H       17.39266587       7.07876125       0.46476294
H        2.39794450       3.73864801       1.28133321
H        3.04630476       6.62438482       1.56709551
H        3.13809740       5.96514078      17.56874093
H        2.19702654       7.47372453       0.32765698
H        0.60688393       2.44752766       1.85462901
H       16.04254831       3.47661828       2.17799373
H       15.27065962       6.73205832       1.43490192
O       15.65903851       0.87782600      12.73766013
C       15.06030575       0.13121182      16.21467459
C       15.00861815       0.06979487      14.85389937
C       15.98209653       0.94698786      16.90173057
C       15.88905897       0.96550627      14.11568651
C       14.18948084      16.78248570      16.93673405
C       16.87820595       1.82118698      16.17066649
C       16.77654574       1.89725392      14.73957101
H       14.34516444      17.21307352      14.32780881
H       15.90889563       0.89460167       0.30523214
H       14.66284569      16.37288040       0.07322369
H       13.36020000      17.42831623      17.40747410
H       13.77670490      15.99531330      16.36338620
H       17.62312054       2.46501258      16.65970841
H       17.38070446       2.56079763      14.12992869
H       15.63109578       1.75910308      12.35845551
