512
Lattice="17.7128441229 0.0 0.0 0.0 17.7128441229 0.0 0.0 0.0 17.7128441229" Properties=species:S:1:pos:R:3 pbc="T T T"
O       12.71113427       2.83079912       5.32728302
C        9.76723773       3.99167692       7.31839880
C       10.69817166       3.15348690       6.64970634
C       10.12833858       5.38158060       7.59452655
C       11.85721843       3.64707843       6.05132685
C        8.40944581       3.48075683       7.69058794
C       11.33955343       5.86039771       7.17173751
C       12.12946809       5.03686830       6.30368145
H       10.40468241       2.16080564       6.53101369
H        9.36423791       5.99176219       8.01870831
H        7.98991152       4.24760211       8.35985289
H        7.92050431       3.43661651       6.75380882
H        8.41438711       2.50622844       8.24778519
H       11.65195933       6.84807246       7.60705991
H       12.93579399       5.50910965       5.80963814
H       13.49845466       3.27048185       4.97870756
O        8.62658985       4.48861951       1.85666115
C        9.89164237       7.27772926       3.96092312
C        9.77226774       6.33678491       2.92111880
C        9.08913066       7.11418590       5.13062571
C        8.74530275       5.34761276       2.93934323
C       10.96962664       8.30823535       4.01763819
C        7.93925653       6.21820444       5.04898588
C        7.73653283       5.40141182       3.91587592
H       10.43592075       6.45295518       2.03280950
H        9.18502610       7.82425117       5.90298582
H       10.51407869       9.17925718       4.57716799
H       11.87267776       7.86207515       4.37783758
H       11.14628839       8.74659207       3.06045907
H        7.42248480       6.07395384       5.96202658
H        6.88162937       4.70252503       3.97831237
H        8.19522941       3.77207090       2.26917604
O       16.57781405       0.37012704      11.39660965
C       14.72662499       2.17411185       8.87048500
C       15.75716472       1.79735570       9.63830008
C       13.53319568       1.49102880       8.81955348
C       15.61654309       0.65285262      10.49842809
C       14.81937058       3.46042332       7.98353285
C       13.44602025       0.28997653       9.58596421
C       14.44074844      17.61754779      10.47955839
H       16.73593549       2.35678746       9.68970692
H       12.72743419       1.89545587       8.24204170
H       15.67450963       4.05722623       8.22948395
H       14.87524696       3.11901271       6.92525155
H       13.96914026       4.05987806       8.10259777
H       12.53993422      17.38838433       9.51427494
H       14.25772862      16.67549887      11.04058855
H       17.38959497       0.90780224      11.37672492
O        3.37188581       2.13111376      10.35648505
C        2.12458535       3.48625710       7.04229139
C        2.14614612       2.95790370       8.36307533
C        3.45171483       3.80482019       6.43347530
C        3.31209784       2.65417193       9.08386778
C        0.83271016       3.55430006       6.31400642
C        4.63627055       3.52451979       7.14480481
C        4.52771732       2.97711216       8.47123284
H        1.19269972       2.70654921       8.85596027
H        3.41332183       4.31039828       5.45403497
H        0.10131873       2.69275240       6.39021033
H        0.34409107       4.46380214       6.65167354
H        0.90726391       3.69814615       5.19767313
H        5.64103013       3.74508103       6.80063451
H        5.48640782       2.74253864       8.89146712
H        4.21185299       2.16968458      10.69858243
O       11.59101303       9.08667952      10.08712227
C       15.35498955       8.78755594      10.04293073
C       14.05991977       9.40436638       9.94912110
C       15.46292914       7.34965048      10.10521087
C       12.86754434       8.52112922       9.96831090
C       16.61977985       9.62656986      10.16854974
C       14.32210213       6.59567881      10.33652234
C       13.03888393       7.14232102      10.21689187
H       14.03184044      10.49941265       9.94194391
H       16.34280537       6.73739219       9.94071017
H       17.02471250       9.81610304      11.21443178
H       17.49747367       9.16478525       9.69835351
H       16.43512333      10.62098708       9.66687195
H       14.37038856       5.50515377      10.45675183
H       12.17457825       6.49038703      10.19999494
H       11.49023629      10.01805696      10.19520308
O       15.56977388      13.56820652       2.78752846
C       14.01874101      15.81850687       5.12468846
C       14.57408105      14.59700274       4.60564242
C       13.92201939      16.98901494       4.34193169
C       14.97664109      14.65119287       3.27584151
C       13.93184577      15.92236329       6.62219965
C       14.24118731      16.92047655       2.95064822
C       14.75217893      15.72444649       2.44750514
H       14.82858456      13.75363150       5.20172878
H       13.69245384       0.26620477       4.75061861
H       14.74284596      15.32034144       7.06209395
H       14.00683782      16.94318132       6.98009342
H       12.98315781      15.42262257       6.86233865
H       13.92407794       0.04578562       2.27674357
H       14.96998348      15.69553804       1.39744843
H       14.91408657      12.98791008       2.33684280
O        3.25087145       9.54535567       2.08954586
C        3.55510865       5.92516598       2.63294859
C        3.91064526       7.25270940       2.29805819
C        2.39677074       5.67574990       3.40201187
C        3.00530171       8.32089815       2.62036428
C        4.39657171       4.72993980       2.33088468
C        1.54864294       6.75845147       3.83212130
C        1.87505066       8.11965995       3.46276563
H        4.79547769       7.45351789       1.68573714
H        2.26640959       4.57568860       3.59313977
H        3.93209681       4.13889900       1.54367916
H        5.33005945       5.10196518       2.11740683
H        4.46023124       4.21542724       3.30693850
H        0.75019423       6.46797985       4.45039951
H        1.15436525       8.82375221       3.70030177
H        2.76318912      10.30210986       2.35981895
O        1.98889261       7.86220031      10.93501048
C        2.49578109       9.56685937       7.73186005
C        2.09577668       9.30276316       9.04862257
C        3.14633808       8.57369086       7.01959996
C        2.23557012       8.01757034       9.61308065
C        2.29402238      10.90632147       7.08782825
C        3.43533609       7.32610776       7.62030289
C        3.00549230       7.02065104       8.98657040
H        1.53512978      10.09862678       9.51451263
H        3.38556678       8.80753972       6.01509349
H        1.57764071      10.73513737       6.25775291
H        1.82160750      11.63413420       7.78482047
H        3.22249631      11.18359403       6.72691255
H        4.06876718       6.63493548       7.17575632
H        3.16999796       6.05246190       9.38062032
H        1.44015403       8.58425480      11.33143521
O        1.02379680       1.78884651      11.57605370
C       16.97076740       4.60277542      13.20717290
C       17.23737246       3.42117453      12.51168419
C        0.28380027       5.32379945      13.69246069
C        0.87834667       2.99387948      12.27010712
C       15.51285398       5.06639986      13.38240514
C        1.63384812       5.03803257      13.33077931
C        1.95532717       3.88808817      12.58991366
H       16.43536369       2.72338023      12.16230817
H        0.05044670       6.31437661      14.06256183
H       14.83754944       4.32968015      13.13640381
H       15.22911760       5.54429222      14.29414164
H       15.49108488       5.91345697      12.75216275
H        2.42824344       5.72676604      13.52970816
H        3.00298022       3.66070788      12.35162799
H        1.91447977       1.91250570      11.13095493
O        6.29592742       0.27815883      12.57360214
C        2.97183837      16.44250011      13.28356298
C        4.02468148      17.04599434      12.55280558
C        3.25248728      15.96733940      14.57563519
C        5.28406214      17.27366418      13.15531679
C        1.61226729      16.32670955      12.67794126
C        4.56904415      15.98817854      15.06517034
C        5.54893602      16.66455445      14.34454687
H        3.79342757      17.62325808      11.63550079
H        2.43532036      15.55738713      15.10457077
H        1.74587790      16.45115581      11.62114483
H        1.18653862      15.34608215      12.70015880
H        0.89692075      17.06466415      13.13147230
H        4.95477073      15.58863352      15.99929485
H        6.50018177      16.65688130      14.82981440
H        7.12190975      17.65945954      12.97854967
O        2.57460741       9.14556313      17.12830304
C        5.91041412       8.59033841      15.57931996
C        4.96152323       8.80193084      16.57527585
C        5.58778725       8.24399102      14.26279344
C        3.49572780       8.80868792      16.21061184
C        7.40917064       8.61523988      16.04819698
C        4.21386162       8.23407401      13.89739397
C        3.18019266       8.55168852      14.83521063
H        5.21233858       9.08837561      17.55652377
H        6.31225134       8.02259769      13.52833710
H        7.63150978       9.59613128      16.48884755
H        7.59182785       7.86697049      16.73716105
H        7.99602158       8.56443308      15.14352979
H        3.98381750       7.91726684      12.92900926
H        2.10018126       8.50430034      14.53794374
H        2.92781258       9.14194755       0.31568362
O        7.37905903      14.51797016       8.77552767
C        9.87147254      17.01767150       7.70115404
C        8.94089626      15.96925836       7.67072376
C        9.83796663       0.17481024       8.87591454
C        8.11748749      15.64114394       8.76415119
C       10.82560761      17.29416207       6.52844129
C        8.98949705      17.61490745       9.93847327
C        8.14044771      16.47392762       9.90251908
H        9.08002162      15.32976063       6.77799920
H       10.48478509       1.04858686       8.86368345
H       10.34703899       0.09740009       5.74675817
H       11.73882530       0.15465553       6.81715217
H       11.12586024      16.34286389       6.13522278
H        8.98209770       0.51444198      10.90616652
H        7.45731772      16.29543043      10.69299310
H        6.77575792      14.34636823       9.46611720
O       11.22375241       9.96156170      17.34758492
C        8.15483723      10.54738225       1.35742093
C        9.32795054       9.90774364       0.98587298
C        7.67926511      11.79201595       0.93682573
C       10.09231911      10.57980514       0.03070348
C        7.26207517       9.77731378       2.27650876
C        8.56296775      12.46942664       0.06499569
C        9.76221252      11.93484324      17.31389406
H        9.51627580       8.93308066       1.28115922
H        6.78218217      12.24039423       1.31064511
H        7.74472719       9.52629602       3.20035908
H        6.26240545      10.21699360       2.42118101
H        7.24449225       8.79779016       1.76083782
H        8.22068663      13.50206621      17.56265557
H       10.39841573      12.50658710      16.67903345
H       11.71719536      10.60067092      16.90904325
O        8.03543435       0.59432880      14.60139787
C       11.26560018      17.48597016      13.03956514
C        9.92969305      17.36491912      13.51648918
C       12.02416713       0.94427032      13.22243062
C        9.32069984       0.70637543      14.16222199
C       11.83264315      16.26600057      12.38314785
C       11.42954754       1.99152110      13.96742825
C       10.12237822       1.83028637      14.38091867
H        9.24774782      16.47306385      13.40935660
H       13.04126815       1.06356181      12.85742074
H       11.75211698      16.50299786      11.27652151
H       12.87277592      16.12857287      12.65700957
H       11.34618355      15.37064651      12.59029389
H       11.85137193       2.90664757      14.23761066
H        9.61857445       2.71625302      14.81531354
H        7.68844877       1.35167178      15.15616086
O       14.33248128       6.87199113       2.90950344
C       16.27638272       8.20196099       5.69754221
C       15.49649870       7.30909950       4.96824465
C       16.54651236       9.47080692       5.18670329
C       15.07208936       7.70753495       3.66819973
C       16.89476093       7.76110368       6.97854611
C       16.12468266       9.81202861       3.90381579
C       15.46967097       8.94995872       3.09810769
H       15.32909566       6.26288905       5.31375698
H       17.18396726      10.24888179       5.72783945
H       16.76744222       8.45633960       7.76715122
H       16.41392044       6.78739653       7.38888062
H        0.28558766       7.62230218       6.72492901
H       16.25657643      10.81903819       3.46395016
H       15.12263108       9.27446977       2.10445013
H       14.17173015       7.36762669       2.09872097
O       11.19100590      11.57157274       2.68062305
C       12.67048538      11.56905911       6.06000340
C       12.52786638      11.48056699       4.66232820
C       11.54275473      11.93710231       6.80572634
C       11.31727700      11.73647565       4.03541196
C       13.90926536      11.09413192       6.76060421
C       10.24525232      12.23800682       6.23576377
C       10.25697550      12.17947472       4.85477124
H       13.39522657      11.29574406       4.04033494
H       11.52494659      11.97422855       7.91562263
H       13.72211875      11.20945723       7.76289631
H       14.03800080      10.04621144       6.47582136
H       14.87126929      11.57097440       6.43206612
H        9.36142591      12.51417974       6.84802275
H        9.35893014      12.43680582       4.37145478
H       10.34945293      11.97667584       2.34820025
O        7.08462056       2.55666473      16.22526638
C        3.64041892       1.32840680      16.70906548
C        5.06015348       1.39691615      16.62878472
C        2.89489509       2.44276090      16.31100668
C        5.77359029       2.56603047      16.31089507
C        2.90027844       0.11331552      17.31141902
C        3.58769013       3.60974635      15.98103556
C        4.96875572       3.69516861      16.10263691
H        5.62014692       0.52468817      16.91812526
H        1.76656119       2.42185109      16.34947177
H        2.61398268       0.46966843       0.59659220
H        1.94975598       0.00860516      16.63517318
H        3.50390655      16.98845795      17.36423913
H        2.92328395       4.43168682      15.77518247
H        5.46409223       4.66202056      16.03470889
H        7.47149940       3.38307731      16.04181420
O        7.64657544       1.87080998       2.66163453
C        5.47420737       0.37895993       5.28863850
C        6.64258716       0.82181334       4.60389734
C        4.22187564       0.69907148       4.74519629
C        6.54183291       1.50544690       3.38064613
C        5.63196109      17.41880241       6.60270766
C        4.11284250       1.25226520       3.46771112
C        5.27352169       1.63981184       2.78461782
H        7.59314773       0.53658045       5.19545659
H        3.36158746       0.29419664       5.24802402
H        5.22025345      16.45186542       6.68218942
H        6.61053770      17.25409978       6.87606345
H        5.25510308       0.21482314       7.43095395
H        3.22417390       1.50224771       2.97608735
H        5.20562015       2.06540977       1.76441823
H        8.40513243       1.44588994       3.02009257
O       11.13708770      12.11924199      14.16639051
C       11.49062765      13.36682623      10.69367640
C       11.73880118      13.00550418      12.03988258
C       10.17815367      13.24832290      10.24910757
C       10.78187364      12.47591154      12.91027705
C       12.64368032      14.02846937       9.95290905
C        9.20357123      12.68639806      11.07129407
C        9.52628801      12.28701407      12.38347928
H       12.68161110      13.04843290      12.49957490
H       10.01603217      13.64170847       9.25189643
H       13.29501369      14.56856869      10.63725822
H       13.15547551      13.43930622       9.15204537
H       12.09975602      14.76791450       9.30704361
H        8.22182886      12.56182818      10.67896665
H        8.71985675      11.85314075      13.02621027
H       11.97145068      12.34751862      14.48078173
O       13.54830991       8.01682393       0.40250739
C       15.43865909       8.75472591      15.07781717
C       14.33683222       8.63589897      15.95664046
C       16.71307617       8.36030028      15.44816698
C       14.54962320       8.09145918      17.21996293
C       15.13652942       9.24723368      13.67113839
C       16.87516475       7.68680349      16.65732593
C       15.79261143       7.52341408      17.57722098
H       13.31780991       8.65579755      15.64563387
H       17.49449472       8.50622136      14.78599050
H       14.26558194       9.97444701      13.65779084
H       16.04657339       9.75608544      13.23828795
H       14.89094795       8.43144499      13.04734120
H        0.20285940       7.27223906      16.69769556
H       16.00034671       6.93383323       0.77138523
H       12.76968780       8.42050901       0.02610907
O        6.59778896      13.45319667       6.30555452
C        6.62003800       9.94044963       7.47084752
C        6.81647002      11.31128839       7.45137725
C        6.10753145       9.30783098       6.27935955
C        6.43390829      12.07809376       6.34803747
C        7.09047727       9.07714366       8.60884821
C        5.59811551      10.10582198       5.21250777
C        5.84870700      11.48761189       5.23157298
H        7.37984628      11.92722033       8.18587478
H        6.00396503       8.23640569       6.17687912
H        8.08405672       9.35026696       9.18731734
H        6.19143774       8.90158222       9.10143012
H        7.35155744       8.02358443       8.33229630
H        5.17716983       9.71184127       4.23588701
H        5.71574765      12.11491740       4.29950686
H        7.09153617      13.79371214       7.05448690
O        2.10397234      11.88308847       3.46655542
C        1.66804553      12.52444714      17.56184351
C        1.44442625      12.14889432       1.19044977
C        2.80857246      13.24333849      17.22071457
C        2.33497591      12.43045438       2.21509731
C        0.83256261      12.06361875      16.39799811
C        3.78569155      13.55430582       0.53951185
C        3.53489427      13.13493040       1.86202387
H        0.56060588      11.52955685       1.31811442
H        3.01425146      13.44645167      16.20878941
H        1.23806374      11.00813727      16.18163713
H       17.44006454      11.91283917      16.60288175
H        0.97699807      12.69501178      15.51108057
H        4.75812875      13.95169038       0.21921340
H        4.22358223      13.47727480       2.60297168
H        1.81751761      12.55481578       4.00073952
O       15.49559647      13.63111366      12.35662502
C        1.16570380      12.24485990      11.93220077
C       17.63188845      12.49370812      12.48884739
C        1.48580943      12.75114981      10.62557613
C       16.71222197      13.30413769      11.84436813
C        2.21002957      11.47052551      12.74306635
C        0.57159984      13.53659943       9.93540285
C       17.02220015      13.80060827      10.50702386
H       17.35119775      12.10713453      13.50216854
H        2.48942304      12.68468186      10.23812148
H        2.67516255      10.56643998      12.37779250
H        3.06872006      12.00589990      13.01767218
H        1.81036873      11.16574827      13.69934395
H        0.91951952      13.99106103       8.99484454
H       16.41013212      14.42807273      10.07078929
H       15.47947231      14.32812907      13.02631287
O       13.74290289      11.69323733       1.50027482
C       13.02688297      13.95948658      16.23761883
C       12.96837792      13.37457843      17.60746017
C       13.88067294      13.36957612      15.29369482
C       13.82790461      12.35002193       0.30868402
C       12.03796476      15.04195715      15.88180957
C       14.77003973      12.33378998      15.76540945
C       14.69937278      11.81097813      17.06762691
H       12.24494454      13.86041289       0.52401968
H       13.74976919      13.68401707      14.33496658
H       12.08031293      15.93115306      16.43251899
H       11.97061813      15.25473154      14.84117418
H       11.12909659      14.58723117      16.09895146
H       15.48194097      11.86245883      15.14846523
H       15.29449567      10.98015843      17.30960604
H       12.87014096      11.60749227       1.87078112
O        8.33258807       5.27162410      16.95277955
C       10.87868701       6.36876394      14.50957058
C        9.63906824       6.07948844      15.12395163
C       12.02446686       6.04051254      15.23734698
C        9.55713540       5.50462111      16.36722223
C       11.05830477       7.05440539      13.18357651
C       11.95881957       5.38129864      16.47259111
C       10.72401477       5.04022029      17.02901114
H        8.78439964       6.40969861      14.67235493
H       12.98443218       6.25403627      14.78956455
H       11.82338402       6.50368246      12.69951153
H       10.18292031       7.09580902      12.58762029
H       11.37243114       8.07836008      13.31871940
H       12.91541749       5.15894031      16.93950730
H       10.70091539       4.38789357       0.17951589
H        8.55353456       5.11318297       0.19082682
O        4.15663654      14.01317124       7.31906439
C        1.25899243      16.23326790       7.07776828
C        2.32664619      15.54024856       7.59037613
C        0.88082284      16.13998250       5.74548845
C        3.10546910      14.68283096       6.79940230
C        0.42812024      17.17887815       8.00133963
C        1.58138612      15.16007217       4.98007007
C        2.70520714      14.49133343       5.50453015
H        2.63658814      15.65025981       8.59019181
H       17.63299436      16.51935116       5.26222045
H       17.23227575      16.62696560       8.30989999
H        1.04759048      17.35935750       8.91501337
H        0.13363954       0.37907674       7.51132516
H        1.13790450      14.84401297       3.95563078
H        3.39442498      13.86743255       4.96851078
H        4.72751991      13.58394705       6.71255650
O       10.39544067       1.85304068       3.39357053
C       12.89265396       2.20369402       0.63752084
C       12.34320930       2.21505495       1.95511383
C       12.05025716       1.73993920      17.32040246
C       10.98445204       1.77937668       2.18448383
C       14.29533272       2.65162071       0.41472785
C       10.74683274       1.22746049      17.54206633
C       10.18114425       1.27032294       1.12314284
H       13.02892874       2.46418881       2.75783947
H       12.38565347       1.61536939      16.31828584
H       14.39426456       3.66010760       0.87514446
H       14.89284794       1.86002564       0.90443275
H       14.45776570       2.81619264      17.03356678
H       10.20331494       0.80377036      16.77249520
H        9.16074968       0.83748387       1.22734745
H       11.05027081       2.12273170       4.01516445
O        5.94161710      14.96444724       4.11042548
C        9.35672821      15.42523527       2.77620496
C        8.28098202      15.21951100       3.65393546
C        9.06767389      15.74405144       1.47349382
C        6.97350890      15.34081572       3.25306968
C       10.76512334      15.33653978       3.27854590
C        7.74589123      15.97588703       1.04219565
C        6.67605823      15.83897042       1.98975003
H        8.49316901      14.89399197       4.65237402
H        9.98815332      16.00879690       0.90233202
H       11.01454618      14.89933386       4.23632543
H       11.53907706      14.74883503       2.67613223
H       11.24878534      16.30142234       3.42640107
H        7.48777756      16.37930037       0.06031678
H        5.71987872      15.90617843       1.59481771
H        6.06038526      15.16115859       5.02782922
O        5.04836840      14.24084310      10.06433931
C        5.93842631      12.47820202      13.15472492
C        5.63649653      13.57673166      12.28475789
C        5.97649420      11.13308413      12.72219623
C        5.36937715      13.29537310      10.95802360
C        6.15634229      12.64609672      14.59024643
C        5.73326833      10.86014116      11.32826779
C        5.40654018      11.94946464      10.48239004
H        5.64451359      14.59134965      12.57852764
H        6.28251683      10.37972104      13.46250108
H        7.02853340      12.19237194      15.13770236
H        6.28297957      13.74955151      14.71779128
H        5.20502482      12.30546906      15.12624419
H        5.78514259       9.93286404      10.87926908
H        5.15739084      11.88410978       9.42091940
H        4.43048263      13.92444424       9.29501997
O        5.55582594       2.95989627      12.36542290
C        8.82152257       4.14832664      11.16180352
C        7.87736666       3.27088266      11.78286972
C        8.46866467       5.44798080      10.81164890
C        6.52579573       3.77176959      11.79043671
C       10.29682565       3.76636379      11.11409602
C        7.04696799       5.88108038      10.82248912
C        6.12636891       5.01551111      11.33780392
H        8.04808775       2.28309162      12.13304044
H        9.22645521       6.05328427      10.36644967
H       10.41772193       2.69380198      11.12162586
H       10.75080105       4.12465136      10.19024392
H       10.79643173       4.29545048      11.88706576
H        6.71259434       6.81471092      10.37167155
H        5.05438252       5.21428199      11.34393723
H        5.84298020       2.05097851      12.48095428
O       14.66321055       4.37564626       4.23935195
C       17.47394829       3.70816740       1.96976663
C       16.39615053       4.35296141       2.57056293
C        0.34090248       2.47125662       2.45160002
C       15.71700203       3.72385608       3.62499131
C        0.35302388       4.45871516       0.87442931
C       17.30829070       1.87414198       3.46676486
C       16.16125679       2.47274562       4.06349163
H       16.20708620       5.37835376       2.30943414
H        1.19196751       1.96465047       2.05684237
H        0.71696475       5.41509171       1.24094648
H        1.06698921       3.87978148       0.37754328
H       17.20758117       4.53904753       0.22863298
H       17.52357582       0.83280690       3.72957419
H       15.76627859       1.90523324       4.94890708
H       14.48367633       5.20566332       3.79790520
O       15.64010975      16.66843695      13.58040707
C       16.89253690      16.32163063      17.01597329
C       16.37367011      16.02614107      15.70880269
C       16.92309844      17.71072861      17.37367979
C       16.03228300      16.98609832      14.83891168
C       17.44666054      15.18669037       0.18896340
C       16.69992700       0.99375197      16.41070006
C       16.16833981       0.60727078      15.15212255
H       16.34965066      14.97543662      15.40121927
H       17.42411709       0.37597579       0.55315844
H       17.20040783      14.15481170      17.57972726
H        0.79485752      15.14411257       0.32324977
H       17.08579410      15.35926624       1.14511466
H       17.00174620       1.96001815      16.61262934
H       15.98671665       1.38630554      14.39631057
H       16.00554817      17.26363380      12.91603967
