512
Lattice="17.7128441229 0.0 0.0 0.0 17.7128441229 0.0 0.0 0.0 17.7128441229" Properties=species:S:1:pos:R:3 pbc="T T T"
O       11.93430248       3.56746687       4.33954872
C       10.87791894       3.24190926       7.84812330
C       10.96620015       3.04149934       6.46342935
C       11.47144029       4.36072420       8.48555232
C       11.79925007       3.87917251       5.67292369
C        9.94779155       2.39694062       8.70430758
C       12.38393889       5.10960688       7.78099640
C       12.51024617       4.92433602       6.37323681
H       10.41800878       2.23548203       6.09417872
H       11.38086866       4.54524979       9.51890453
H        9.69408719       1.44437673       8.18438552
H       10.46330037       2.08385197       9.55173115
H        9.12513839       2.97108522       9.05468660
H       13.10880864       5.63831198       8.37165308
H       13.19178252       5.59818707       5.81042789
H       12.69363287       3.98346606       3.88459726
O        7.23296846       7.57833578       1.01716668
C       10.08055182       6.92774390       3.20967487
C        9.35691231       7.32564937       2.08985355
C        9.38962009       6.33940806       4.30080185
C        7.99416307       7.12096733       2.05515149
C       11.57100915       6.98982393       3.23114964
C        7.96228113       6.28958439       4.29711569
C        7.25111164       6.68826160       3.17280399
H        9.80082539       7.72352155       1.16318237
H       10.06946794       6.00409463       5.09345090
H       12.09581877       5.99573816       2.92695990
H       11.97076842       7.83082222       2.70335880
H       11.86492075       7.06851695       4.31210916
H        7.46262518       5.87506865       5.19214335
H        6.21113610       6.63785701       3.14797042
H        7.37773962       7.00478537       0.21161156
O       17.36251307       1.64764231      10.90306354
C       15.87159926       1.88110255       7.60653846
C       16.39895899       2.25557827       8.89484799
C       16.13975753       0.59488395       7.09710287
C       16.94493322       1.24552513       9.69820026
C       15.06238300       2.95462949       6.83016784
C       16.72161325      17.27288378       7.86822198
C       17.11438553      17.62031308       9.20778578
H       16.28107192       3.28503143       9.24831369
H       15.83205462       0.39935177       6.10103125
H       14.81725856       3.76086484       7.53484505
H       15.69164330       3.20218173       5.97509021
H       14.12815345       2.56907647       6.54772251
H       16.70883997      16.24762482       7.48203818
H       17.60891560      16.97494561       9.89130110
H       17.43432883       2.61731638      10.84744311
O        2.80149794       3.81125829      10.77068238
C        2.15819557       3.59798540       7.15935895
C        2.06375478       3.48328652       8.51919030
C        3.38737225       4.06487924       6.59650563
C        3.06359159       3.85041910       9.41968228
C        0.92142111       3.14931281       6.34027304
C        4.30140788       4.63037430       7.48598398
C        4.22943732       4.43377476       8.84797227
H        1.20417246       3.16729907       9.05181302
H        3.52033291       4.13974385       5.48353680
H        0.03954778       3.66594107       6.78831451
H        1.04737841       3.46340582       5.28437223
H        0.79703511       2.01348588       6.32282869
H        5.22111194       5.05150369       7.07255627
H        4.88442747       4.76339978       9.61645536
H        3.48213127       4.16140582      11.35387693
O       12.10885228       8.70110980      11.35537156
C       15.32292353       9.98137681      10.15503075
C       13.91900881       9.88076245      10.38775183
C       16.19819707       8.97992487      10.66403636
C       13.42556511       8.76420764      11.08125412
C       15.89625744      11.14621688       9.40232309
C       15.68976187       7.87180727      11.38878917
C       14.30363456       7.77138646      11.53809983
H       13.29131834      10.64936651       9.82937413
H       17.26298797       9.00545427      10.57213042
H       16.32885773      11.92578345      10.04086751
H       16.64652332      10.68776244       8.72013682
H       15.03293410      11.60407937       8.91994398
H       16.23339655       7.05049822      11.78661558
H       13.84635574       6.96163723      12.01345941
H       11.76127664       9.55480752      11.39683788
O       16.03131771      12.99436321       3.79384725
C       16.49998497      13.80650899       7.40586648
C       16.81724978      13.36322621       6.08412105
C       15.23339402      14.22532104       7.81326051
C       15.77651101      13.37642924       5.11543741
C       17.63798212      13.67160052       8.44742903
C       14.22392126      14.01366938       6.88651209
C       14.45097435      13.62901899       5.55154427
H        0.14324410      13.15082437       5.88676478
H       15.03813740      14.63434177       8.79854463
H       17.31728622      13.80760660       9.52548873
H        0.28680981      12.62769930       8.30281303
H        0.79411342      14.30110514       8.21620132
H       13.16116963      14.30324318       7.12351441
H       13.58058938      13.48230171       4.89983460
H       15.20643683      12.96436087       3.27847180
O        2.76147393       9.59293441       2.03822196
C        2.93751662       6.04036985       2.90570724
C        3.40816824       7.36548299       2.56714413
C        1.58887048       5.91116703       3.23903498
C        2.46126664       8.43297922       2.56225628
C        3.75808558       4.78433045       2.62771535
C        0.72447175       6.96661288       3.27363336
C        1.11606992       8.24746672       2.92136726
H        4.36541904       7.49115658       2.04484822
H        1.22038017       4.97622627       3.38908454
H        3.10593610       3.89893139       2.53155000
H        4.52634875       4.85661357       1.80194036
H        4.33533351       4.66730189       3.51108010
H       17.43073124       6.88121974       3.56012355
H        0.36486877       9.08194229       3.01122304
H        2.09735186      10.23873264       2.16667831
O        2.41795875       6.95523136      10.16336893
C        2.28251263      10.52110175       8.96642346
C        2.47760642       9.42597503       9.84549031
C        2.38905962      10.25770973       7.59165354
C        2.42601336       8.09382060       9.38398913
C        2.39123146      11.93172245       9.51121094
C        2.45077166       8.96140713       7.10552789
C        2.48613599       7.87110312       8.02386910
H        2.45605316       9.76439533      10.88559702
H        2.36992479      11.12473914       7.02606733
H        2.46730183      12.58912899       8.60623475
H        1.58456540      12.27571890      10.19159337
H        3.33696607      11.74636130      10.04180506
H        2.49953984       8.89070824       5.99786242
H        2.32990948       6.85790885       7.72582600
H        2.13370103       6.14460078       9.65222798
O        0.20988630       4.20362307      11.13033401
C       15.11635666       4.64452746      13.57140867
C       15.78294232       4.34341955      12.35088191
C       15.84549509       5.10567363      14.70755033
C       17.21921677       4.41145957      12.27657655
C       13.62422590       4.65127079      13.61449041
C       17.27774159       5.31979322      14.52074035
C        0.20059525       4.85272527      13.38431586
H       15.21032642       3.88740918      11.52524914
H       15.46943547       5.45933332      15.64047573
H       13.19423107       4.39129644      12.64198870
H       13.29891666       3.85582745      14.28590413
H       13.15400472       5.54644493      13.89565077
H        0.15187198       5.52224802      15.34819861
H        1.27934182       4.79924100      13.42267853
H        1.13993305       4.18137651      11.06949913
O        7.12108337      16.52221398      12.39157872
C        4.23795343      17.04686333      10.23851122
C        5.11582032      16.45861928      11.16063494
C        4.47923496       0.60513092       9.80065423
C        6.27195725      17.11653758      11.50395529
C        2.97613154      16.25329187       9.74619604
C        5.63952685       1.34624031      10.15497667
C        6.62187978       0.70566102      10.99179259
H        4.94523396      15.52686924      11.65577785
H        3.76082490       1.08777959       9.19887531
H        2.20418010      16.52501004      10.44675149
H        2.67563804      16.39952395       8.75213534
H        3.28231980      15.20257021       9.77209023
H        5.83032958       2.26049094       9.64130520
H        7.52571540       1.19744124      11.30044276
H        7.81560123      17.11141669      12.57889806
O        1.93460943       7.40459430      17.44701625
C        4.92334168       8.55671889      15.73584709
C        3.92202188       8.43495142      16.63116670
C        4.85271155       8.01977362      14.44372207
C        2.81559720       7.60239774      16.36494505
C        6.10282380       9.42518896      16.10887282
C        3.69964083       7.26600221      14.09471327
C        2.73160523       6.97578946      15.10724920
H        3.86568664       9.13231141      17.46667844
H        5.55839407       8.29652213      13.67213791
H        5.83603397      10.37152860      15.67736834
H        6.20822764       9.59513681      17.21844250
H        7.01633280       8.95258005      15.69609547
H        3.59260898       6.88988373      13.07225458
H        1.92686679       6.32909065      14.78295074
H        2.15664946       7.99891027       0.48909130
O        8.17607427      15.62226155       6.77192036
C       11.50037857      16.70085378       7.89689157
C       10.27737957      16.52375972       7.14023778
C       11.55721329      16.16434748       9.22147238
C        9.17924793      15.85123727       7.67354250
C       12.65131044      17.55838734       7.36663611
C       10.43847177      15.52871807       9.81272412
C        9.23952317      15.35696657       8.98955619
H       10.31496211      17.05430776       6.15623897
H       12.39267484      16.40674592       9.91311635
H       12.83819242       0.57793260       8.18987059
H       13.54649738      17.00363020       7.25729956
H       12.47110563       0.38759397       6.45044366
H       10.38166809      15.11014471      10.80654409
H        8.40230723      14.71927944       9.32781145
H        7.39960743      15.18490618       7.23554710
O        9.68843311      10.64215549      17.14612102
C        6.74603941      11.50934329       1.30368666
C        8.01446789      10.93681894       1.05521367
C        6.08254487      12.33407673       0.36843830
C        8.54222523      11.28942107      17.47951429
C        5.90103560      11.15180397       2.52850717
C        6.79315995      12.81625281      16.96682980
C        8.05762876      12.30280376      16.62646575
H        8.50412328      10.21028104       1.74313592
H        5.06126057      12.61134420       0.35340295
H        6.39906474      10.27991332       3.10280962
H        5.66002883      11.97790616       3.16762731
H        4.94113162      10.83316480       2.20461425
H        6.49877087      13.58855232      16.25408083
H        8.64260318      12.66979856      15.74968410
H        9.80434817      10.50153439      16.21228247
O        8.53558950       1.26954044      13.83714489
C       12.14654340       1.06436528      13.41757185
C       10.76475164       1.08234247      13.06155017
C       12.56371651       1.16986783      14.76605312
C        9.83184663       1.18100277      14.08856527
C       13.22215546       0.91530809      12.34581478
C       11.62181710       1.34961102      15.80258378
C       10.23756862       1.45607971      15.42822281
H       10.51655154       1.07453716      12.02138066
H       13.67336039       1.13247473      14.98645095
H       13.26962603      17.54706445      12.16829173
H       12.92426526       1.29899070      11.41562015
H       14.22482558       1.34217473      12.61679115
H       11.90945775       1.54992534      16.91732965
H        9.37027206       1.61635053      16.06702081
H        8.19795104       2.00107779      14.31775099
O       14.71732677       7.29818379       3.61055369
C       16.32532862       7.18242763       6.95671702
C       15.60675887       6.73300471       5.82364346
C       16.79496330       8.49644526       7.04215991
C       15.28141385       7.71265304       4.82574704
C       16.52319505       6.26604617       8.20462506
C       16.54483746       9.40771887       6.00641930
C       15.76849707       9.04128373       4.92466356
H       15.38077198       5.74938754       5.79287672
H       17.36585309       8.77498645       7.86563523
H       16.42276958       5.23710822       7.87130499
H       17.52865658       6.33002114       8.77166324
H       15.73734271       6.31599241       8.90119953
H       16.86683100      10.42009392       6.10277080
H       15.61637433       9.73471118       4.13486402
H       14.72058845       7.89604712       2.87765273
O       11.40376370      10.73728857       2.13221690
C       11.56328136      11.17209000       5.75180263
C       11.81378538      10.74710135       4.47721553
C       10.50892531      12.09829334       5.98602281
C       11.10050599      11.28594821       3.34303053
C       12.43130910      10.62870968       6.91935694
C        9.73196591      12.62199995       4.88003448
C       10.07460179      12.19797294       3.57974301
H       12.47989201       9.86636915       4.37274473
H       10.20715345      12.33829867       7.00428828
H       12.59716185      11.45547357       7.60718804
H       11.95176472       9.95390270       7.57607356
H       13.46377083      10.22956105       6.70770282
H        8.86180379      13.31733810       5.03362520
H        9.52113464      12.62292630       2.69371797
H       10.61850802      10.65729024       1.62062603
O        7.24692703       3.14797116      15.39852937
C        3.79362554       2.22253226      14.65967368
C        5.14365734       2.25106425      14.59689674
C        3.08079924       3.08782102      15.56333645
C        5.88003393       3.09859205      15.42691170
C        3.03450489       1.35473013      13.66282760
C        3.76620196       3.94202864      16.44523150
C        5.16070782       3.99714295      16.27616427
H        5.62216688       1.63647372      13.79013970
H        1.99904138       3.09350566      15.52696049
H        2.26393256       0.86868143      14.10076859
H        2.47612447       1.94945683      12.96577173
H        3.63898879       0.56918999      13.08860063
H        3.17123912       4.71650217      17.00118337
H        5.74882610       4.65408416      16.89049906
H        7.56176614       3.69737344      16.17750873
O        7.69663691       2.89333619       2.16189856
C        5.76390438       1.59883196       5.00778104
C        6.81369124       2.14255070       4.25472147
C        4.40020053       1.55707181       4.47501595
C        6.65076854       2.47510944       2.88717853
C        6.06072482       1.11369810       6.44347179
C        4.29680284       1.66387653       3.07485061
C        5.38580663       2.25071231       2.32848745
H        7.80902802       2.03687034       4.69212047
H        3.53232791       1.13861190       5.07743474
H        5.13313873       1.14060120       6.93449692
H        6.45350674       0.09364465       6.60685098
H        6.72910675       1.91601456       6.93509829
H        3.36603921       1.45957450       2.47447486
H        5.40666177       2.20979235       1.24711330
H        8.46522041       2.47698869       2.50131687
O        9.64803887      10.49650500      14.29976190
C       11.98859139      12.40876970      12.15471696
C       11.36177540      11.85206962      13.23111756
C       11.44652460      12.06168111      10.88151129
C       10.27586438      10.93056047      13.18668709
C       13.21308892      13.33024977      12.36322689
C       10.36969489      11.12202489      10.85652468
C        9.72173157      10.60536155      11.94976440
H       11.66547408      12.10805039      14.27302522
H       11.72370745      12.67773483       9.98266666
H       12.79177868      14.35140181      12.29428670
H       13.70135394      13.32854257      13.34276705
H       13.95397883      13.05821968      11.57074778
H        9.73125919      10.87174052      10.07102166
H        8.97227675       9.88723669      11.73271958
H        8.76720901      10.30451904      14.18365873
O       13.82379827       9.27692105       1.89320312
C       14.35335182       9.38746019      16.01927459
C       13.75461869       9.49876553      17.26890847
C       15.63039991       8.77070557      15.91899684
C       14.43557304       9.05493377       0.72073213
C       13.71828640      10.02559179      14.81607913
C       16.34197115       8.36575155      17.11641223
C       15.74095667       8.55205256       0.63206729
H       12.79372155       9.91167124      17.32128528
H       16.07750321       8.50410753      14.98330176
H       12.99520998      10.67325211      15.36053537
H       14.43527058      10.50896703      14.10494594
H       13.08022346       9.28851150      14.27132381
H       17.34407761       7.97186140      17.17246552
H       16.26916383       8.42586630       1.55453935
H       13.05007023       9.75902843       1.69696403
O        7.23571392      10.84408502       5.33517234
C        8.53542937       8.24964554       7.72187085
C        8.52107208       9.32346823       6.75674378
C        7.25530123       7.62171839       7.97722850
C        7.30732767       9.73206772       6.11337341
C        9.81606537       7.82929578       8.28721493
C        6.11515307       7.90338283       7.25810007
C        6.12857394       8.90380840       6.30053230
H        9.38093412       9.91441268       6.52688257
H        7.29481070       6.60752144       8.38321307
H        9.74404334       6.80432836       8.67233563
H       10.56610095       8.00865268       7.54477253
H       10.08357376       8.49442640       9.08635183
H        5.15711787       7.34134498       7.37684252
H        5.17544217       9.23090503       5.91603048
H        8.04635025      11.24978156       5.07805980
O        0.59040229      11.77881000       2.82832383
C       17.33355512      12.44421657      16.97226103
C       17.23551920      12.10299341       0.63779713
C        0.88701583      12.87326033      16.42690209
C        0.69939254      12.16232388       1.49126004
C       16.14571884      12.30140871      16.10285608
C        1.99199080      12.95843807      17.36533518
C        1.92784479      12.58234667       0.99076534
H       16.23756192      11.83801083       1.06532432
H        1.05372925      12.96114237      15.33061072
H       15.63213429      13.22976924      15.88180797
H       16.49651216      11.82696927      15.16072497
H       15.36960288      11.68562024      16.63361436
H        2.97959153      13.21186784      16.99463247
H        2.80303443      12.74311756       1.57617628
H       17.60433520      12.18357960       3.31581328
O       16.77524569      14.42111190      12.31107059
C        0.84648070      11.23309007      12.92775036
C       17.53189808      12.19823570      12.74754954
C        2.15904851      11.62283045      12.85226194
C        0.13655124      13.57008988      12.55768122
C        0.48415978       9.77348424      13.16321752
C        2.43091983      13.02889647      12.80190299
C        1.45016759      14.02004103      12.67745076
H       16.49861918      11.79134806      12.71317564
H        3.01255220      10.93701842      12.99549577
H        0.70687602       9.53147436      14.22535329
H       17.08911892       9.51483387      13.24590523
H        1.02588720       8.98900391      12.59830719
H        3.44329129      13.41155951      12.95879636
H        1.72782770      15.08538014      12.57041687
H       17.14334068      15.32386246      12.44261642
O       13.65807364      12.71681009       1.99250656
C       11.70181187      14.82887085      17.40971642
C       12.01441696      13.85653871       0.62373469
C       12.71991010      15.69381652      16.91611908
C       13.34352735      13.68905732       1.06393165
C       10.21716543      15.09350229      16.92729073
C       14.06442345      15.58368987      17.37125400
C       14.38300000      14.55604228       0.61904757
H       11.22559457      13.20628758       1.05794408
H       12.40628818      16.48779633      16.25377128
H        9.55884118      14.57818129      17.61183613
H        9.99255084      16.09611571      17.16917930
H        9.96741504      14.73473336      15.92896892
H       14.78806571      16.33536971      17.12346250
H       15.34899786      14.44547335       1.12477151
H       12.91749859      12.17489062       2.29647860
O        7.96732758       4.42560512      17.56246517
C       10.81074141       6.15213714      16.23604349
C        9.48802943       5.70660052      16.37711482
C       11.80913819       5.47243952      16.90718168
C        9.20821460       4.74499156      17.39393529
C       11.04481699       7.27541006      15.30844695
C       11.59104086       4.41868754       0.01827617
C       10.25048553       4.08256221       0.28992887
H        8.65091006       6.22691725      15.85838360
H       12.82464739       5.79961168      16.63214743
H       12.14461411       7.55303076      15.19565555
H       10.60818859       7.17240949      14.34038324
H       10.70630674       8.22726270      15.75897259
H       12.47355649       3.96037055       0.47715654
H       10.08272940       3.28090243       0.99755765
H        7.83784626       4.28480534       0.84766795
O        5.90222600      14.05467820       7.42386614
C        2.98379003      14.99143536       5.44908831
C        4.10674614      15.07271614       6.34513603
C        2.71546839      13.76969979       4.72476795
C        4.87321073      13.90044668       6.61409370
C        2.10933788      16.21992054       5.29432143
C        3.49652664      12.62604743       4.99704952
C        4.57676561      12.67680409       5.91290217
H        4.37912618      16.00668391       6.91266198
H        1.92043869      13.76221090       3.98452499
H        2.16610434      16.74527512       6.28276328
H        2.41282842      16.75267541       4.40199627
H        1.14417641      15.89144154       5.17514759
H        3.35228178      11.69873425       4.48167027
H        5.18985516      11.78602416       6.12256946
H        6.14244809      13.23856112       7.73442867
O       10.06785969       2.02454883       3.10385956
C       12.34407996      16.94533285       3.68651426
C       11.88397613       0.58311869       3.49599921
C       11.48899928      15.88168850       3.58483930
C       10.53482394       0.75763662       3.19120465
C       13.85367862      16.73904249       3.95877801
C       10.11793887      16.10498113       3.35919040
C        9.65889044      17.39616613       3.17016803
H       12.62450658       1.36448216       3.54421029
H       11.90997272      14.91501573       3.66833517
H       14.09956068      15.59826630       3.95281489
H       14.42658479      17.20695102       3.15872913
H       14.21900913      17.17828419       4.90288369
H        9.49356016      15.21420337       3.10018196
H        8.62703197      17.54041405       3.05978993
H       10.68440645       2.69600298       3.44094263
O        5.21562457      16.27107796      14.57660387
C        5.01015257      15.86986170       0.55091745
C        4.59644661      15.98101713      16.89216867
C        6.27314179      16.29535089       0.92819541
C        5.45475042      16.43667905      15.92970356
C        4.17634170      15.30439402       1.71187728
C        7.14655646      16.87333154      17.64428632
C        6.73235668      16.88492031      16.33042363
H        3.62140848      15.72562885      16.46457020
H        6.59699130      16.38785677       1.97593797
H        4.09697485      14.23121359       1.61672956
H        4.44941446      15.46517945       2.71385190
H        3.21913813      15.75565849       1.63980240
H        8.10185704      17.32075198       0.11952709
H        7.47304859      17.29144666      15.58484901
H        5.72466409      16.67311527      13.87139509
O        7.14030589      11.58242028       8.68183575
C        6.51425729      12.25247833      12.20876453
C        6.97030234      12.41897639      10.88545164
C        5.81859164      11.05571351      12.56344621
C        6.73512678      11.44046317       9.95282641
C        6.73809065      13.28607422      13.22426869
C        5.58316314      10.09200773      11.56211222
C        5.97353339      10.30077977      10.26408663
H        7.53821805      13.27164173      10.61117169
H        5.46186687      10.82016020      13.56765726
H        7.20254604      12.77128201      14.11280264
H        7.35875536      14.14993069      12.88574869
H        5.80834146      13.72565905      13.65149308
H        5.01436503       9.10459451      11.83983587
H        5.78671340       9.49051096       9.56790387
H        7.11076963      10.75122414       8.16859529
O        5.05287755       4.71128091      12.47489153
C        8.70716542       5.35901014      12.62911189
C        7.46393365       4.72491964      12.77313270
C        8.71492957       6.53738212      11.85881077
C        6.28927415       5.29461042      12.31980345
C        9.93667264       4.61736249      13.09930341
C        7.52745091       7.17339004      11.37593306
C        6.28316703       6.54227713      11.58129311
H        7.52341927       3.77968971      13.18342465
H        9.61990072       7.01975697      11.54029478
H        9.60594747       4.40810795      14.09166313
H        9.90502237       3.70375880      12.50563441
H       10.74182594       5.25340599      12.86582178
H        7.43950960       8.14160257      10.91269943
H        5.32081584       6.97730363      11.30181565
H        4.85066855       4.25021898      13.30930219
O       14.08528626       4.77786718       3.09854970
C       17.12774407       3.59371559       1.44284319
C       16.14019716       4.48336127       1.89463413
C       17.27342028       2.34425578       2.15484318
C       15.14018831       4.00239721       2.79402020
C        0.36637886       4.06302548       0.33153610
C       16.23853394       1.82647771       3.03130076
C       15.13969504       2.67628560       3.33987835
H       16.09101440       5.49899959       1.53267377
H        0.44414220       1.80605564       1.96225610
H        1.15468881       4.82919566       0.57323658
H        0.87883885       3.18377668      17.66812511
H       17.46917859       4.41804891      17.25635085
H       16.33182982       0.84755156       3.34980077
H       14.39424867       2.27328222       4.05977646
H       14.24762485       5.72295451       2.94714351
O        0.06135426      17.26399339      12.70815799
C        0.05474139      17.47378760      16.39130980
C        0.28343278      16.94370320      15.09414088
C       17.16580968       1.04815336      16.55891895
C       17.66662954       0.06798327      14.00381333
C        0.45921912      16.58348329      17.56261468
C       16.78130444       1.84747010      15.42404877
C       17.04927818       1.35850372      14.14156291
H        0.88351314      16.07716521      14.97063411
H       16.86867429       1.48602543      17.49925187
H       17.29625048      16.13294122       0.22422008
H        1.11155666      15.70379679      17.39198316
H        1.00807414      17.15692735       0.55753331
H       16.40034474       2.81980027      15.50007008
H       16.80960339       1.93795982      13.27682122
H       17.38077800       0.12126175      12.01816147
