512
Lattice="17.7128441229 0.0 0.0 0.0 17.7128441229 0.0 0.0 0.0 17.7128441229" Properties=species:S:1:pos:R:3 pbc="T T T"
O       15.70123262       2.77381231       2.37335862
C       13.30085294       3.00528255       5.15047418
C       14.03959401       2.43561957       4.08598397
C       13.57658817       4.30618714       5.60624331
C       14.99985408       3.21524526       3.45858891
C       12.09038399       2.18225615       5.70129330
C       14.62280093       5.04114406       5.03351465
C       15.32383653       4.49347064       3.94963213
H       13.89020704       1.48040680       3.66854443
H       13.00895474       4.78961805       6.44144868
H       11.27531280       2.70840390       5.23796969
H       12.28796410       1.18430955       5.35187256
H       11.96033700       2.22218086       6.80947820
H       14.82719589       6.05026786       5.33737258
H       16.10470935       5.06836408       3.52828930
H       16.20362829       3.36412286       1.84295951
O        5.65434577       7.48488565       3.03723367
C        8.45984600       5.83335586       4.84091333
C        7.48107318       6.11245045       3.77961789
C        8.49466216       6.53953946       6.01858246
C        6.55734810       7.16595132       4.05080398
C        9.49066728       4.81929829       4.67249738
C        7.65893164       7.61196988       6.20035010
C        6.64616517       7.94965942       5.23271067
H        7.40346706       5.50212720       2.79599246
H        9.26925875       6.40725674       6.79564732
H        8.99052301       3.86511640       4.73777934
H        9.83334009       5.01983408       3.66372753
H       10.31401580       4.83590571       5.41519060
H        7.63808525       8.23469168       7.12693615
H        6.00037638       8.74315612       5.39280836
H        5.25984883       8.33853551       3.19789782
O       16.69758872       2.75670417      12.27046605
C       14.83092586       4.77600069       9.85545481
C       15.18697651       4.15701144      11.05576566
C       15.78534630       4.78807927       8.76754277
C       16.35303772       3.39816166      11.17762729
C       13.49217289       5.47818984       9.64528334
C       16.99239512       4.07738687       8.88344667
C       17.22820098       3.31966635      10.04054592
H       14.58765174       4.33197627      11.95858275
H       15.49470671       5.18917516       7.83542371
H       13.11565633       5.80737692      10.59268692
H       13.56638491       6.27087321       8.86217311
H       12.80846298       4.68237934       9.36434673
H       17.68801894       4.05318086       8.06298462
H        0.43326297       2.78114315      10.18789445
H       17.60660125       2.92073491      12.47722110
O        3.71083747       2.05253422       9.32646250
C        1.73507447       1.39368255       6.25682201
C        2.07322248       1.79641940       7.62632030
C        2.82535329       1.13776442       5.38163327
C        3.45128270       1.72783787       8.03046923
C        0.34578512       1.44414298       5.82776317
C        4.14823568       0.92586419       5.83943853
C        4.46762822       1.20618747       7.19305046
H        1.25924445       2.06250555       8.20205084
H        2.58248925       0.84838807       4.41534677
H        0.14201225       0.68009833       5.14976399
H       17.41631448       1.04817142       6.62324365
H       17.68903576       2.50310771       5.53921809
H        4.84095787       0.62128027       5.07207103
H        5.42216357       0.91570918       7.60006743
H        4.59615023       1.77275568       9.58341325
O       11.85288768       9.47549804      11.53275633
C       14.21558687      10.91154733       9.04122175
C       13.03637202      10.74005894       9.79278009
C       15.29432128      10.09077543       9.25033463
C       12.97483637       9.67291960      10.75443015
C       14.24924386      12.01090767       8.11700160
C       15.21386403       8.96080633      10.09447904
C       14.04082923       8.73099935      10.82864233
H       12.21964405      11.42179895       9.69917120
H       16.25557400      10.31222689       8.75085473
H       13.63973524      12.87391531       8.42392257
H       15.22105481      12.36490831       8.00528673
H       13.90429659      11.70142666       7.11364412
H       16.08334387       8.32143311      10.09831334
H       13.91939395       7.98230606      11.51837746
H       11.37123397      10.29314388      11.45261087
O       14.83972584      11.91265983       2.35035784
C       15.60415522      15.26890973       3.51943291
C       14.88204479      14.15871328       3.11559741
C       17.00545008      15.12477070       3.77024869
C       15.49747590      12.90635863       2.93524016
C       14.89371540      16.67077526       3.68181504
C       17.59452701      13.85517309       3.71514802
C       16.85997500      12.75084506       3.25338419
H       13.83358582      14.15938441       2.85759893
H       17.53086573      16.03260860       4.06871343
H       14.55514646      17.18151478       2.73582926
H       14.07557012      16.59142079       4.36649012
H       15.64139353      17.35744898       4.19761769
H        0.90541387      13.69409572       3.97365945
H       17.32699641      11.76883139       3.14439220
H       14.02745936      12.13690162       2.00044784
O        3.56698768      11.03726125       2.99423626
C        5.06770137      11.39023564       6.28568945
C        4.94027929      11.32951815       4.87244219
C        3.89230133      11.41465094       7.07728619
C        3.67742147      11.27094018       4.27076416
C        6.36803949      11.40339562       6.94076673
C        2.62673210      11.41747889       6.48129513
C        2.48653244      11.26496776       5.09307619
H        5.81295170      11.32990875       4.31309695
H        3.89341534      11.49730422       8.16167032
H        6.74375088      10.40081376       6.84413191
H        6.93168934      12.15445647       6.43746598
H        6.29301280      11.72752352       7.98875573
H        1.76138783      11.45401031       7.18844201
H        1.48878886      11.03504663       4.61094428
H        2.71605489      10.72700046       2.70902565
O        2.49787586       4.16149682      10.06762017
C        2.33011588       7.78889692       8.99442208
C        1.98301986       6.56163164       9.67320114
C        3.43090696       7.79258496       8.12499680
C        2.81390728       5.37187234       9.48080104
C        1.56739878       9.09547451       9.20712643
C        4.12828148       6.55938512       7.86075419
C        3.91242589       5.45524695       8.60799586
H        1.09676367       6.46721178      10.24282000
H        3.70165187       8.78406613       7.67815323
H        2.03789483       9.68368139       9.96790914
H        1.50582752       9.65381435       8.30804405
H        0.57152499       8.79230388       9.59667714
H        4.92191809       6.48431655       7.16889703
H        4.60181819       4.64698207       8.41894102
H        2.99492022       3.36709701       9.68194002
O        1.70785577       3.52218446      12.54655000
C        3.05055164       6.46537243      14.45615579
C        3.01419080       5.40197920      13.45958902
C        1.98181259       6.65579706      15.37046465
C        1.88562244       4.54652670      13.45159398
C        4.13492305       7.48180073      14.48767631
C        1.03447031       5.68730040      15.36928830
C        0.90319735       4.74095052      14.40798800
H        3.73386099       5.20359051      12.72605133
H        1.95555755       7.41553193      16.13383154
H        4.97380670       7.13116660      15.04866429
H        4.53727061       7.71915211      13.50613968
H        3.61781263       8.33313710      14.95453684
H        0.29196883       5.73417462      16.10065866
H       17.71091760       4.15375605      14.44789978
H        2.17110150       3.66070233      11.72896677
O        6.26435560       1.25799891      12.79074628
C        3.03616095       0.02874188      14.27302010
C        3.93978105       0.75343237      13.39328480
C        3.53454171      16.99185096      15.31590105
C        5.34674346       0.61931407      13.59190283
C        1.61404958       0.27510901      14.24081847
C        4.93102642      16.77896397      15.37225569
C        5.78523427      17.51750743      14.56005966
H        3.51832006       1.42436455      12.65383401
H        2.81612236      16.50135475      16.03053211
H        1.24145503       0.24773318      15.25927026
H        1.38245313       1.20702152      13.68243400
H        1.05265333      17.17361668      13.68462039
H        5.30493069      16.12298938      16.07281507
H        6.83296572      17.35480995      14.63728055
H        6.97309628       1.32381470      13.42873616
O       15.09183629      12.93063455      11.47528406
C        0.09167808      10.48286964      12.29499831
C       16.48984382      11.01799236      12.03688915
C        1.29261869      11.35672435      12.14577793
C       16.34943038      12.33996684      11.64880925
C        0.14255578       9.05266134      12.75115357
C        1.15406056      12.66582813      11.71211614
C       17.54134708      13.08833458      11.46490136
H       15.69426155      10.35731448      12.15061175
H        2.28592092      11.03701224      12.37675958
H        1.02957651       8.97762287      13.42932243
H       16.99098104       8.91406962      13.38135574
H        0.16205167       8.35675201      11.91833770
H        2.03095876      13.28481554      11.60474679
H       17.30886594      14.17038266      11.14604602
H       15.04138579      13.82839628      11.84898381
O        8.87783432      13.50425492       9.64779183
C       11.18496532      13.98554002       6.77885712
C       10.33533932      13.32092268       7.68664032
C       11.41527974      15.40434525       6.88520637
C        9.58777878      14.03594027       8.63789530
C       11.81987549      13.19049986       5.64798384
C       10.60804523      16.14165938       7.75294367
C        9.78519697      15.43819913       8.66822888
H       10.12756741      12.29818000       7.63070325
H       11.95882682      15.99614531       6.15661752
H       12.68971538      13.65267254       5.22338918
H       12.08675983      12.24555993       6.09913649
H       11.06332784      13.19824471       4.88596975
H       10.60358351      17.24692863       7.64822725
H        9.27126761      16.11872391       9.25514168
H        8.18290076      14.12141467       9.88969050
O        9.88032275       9.93521728      17.67773634
C        7.37728251      12.64795389       0.51197762
C        8.60333869      11.93376447       0.19221493
C        6.26124911      11.84753583       0.97315521
C        8.71188167      10.52306296       0.33681499
C        7.26542268      14.14866710       0.16175548
C        6.41359259      10.45754558       1.17530631
C        7.63337744       9.79801965       0.85768455
H        9.45441687      12.61118787      17.65669721
H        5.27496060      12.35794316       1.19256091
H        7.65342725      14.42180228      16.93560877
H        6.33190968      14.59234227       0.20172133
H        7.86490670      14.69614931       0.82967658
H        5.57438123       9.86951420       1.49532988
H        7.79784619       8.78551041       1.02096537
H        9.80631900       8.94538443      17.58033066
O        8.63067938       1.27786159      14.12667480
C       11.23687634      16.66454484      13.01279762
C        9.98493714      17.16599502      13.26443036
C       12.30101860      17.18759020      13.77277342
C        9.83760113       0.62604576      14.05459584
C       11.37702028      15.65144840      12.05474201
C       12.18585678       0.58422951      14.57015029
C       10.90097631       1.20065161      14.77377071
H        9.11074265      16.71805681      12.91224903
H       13.22177835      16.68836515      13.61368995
H       11.06412651      14.68556195      12.36135408
H       10.92027954      16.08260319      11.05429131
H       12.43867362      15.49853400      11.72388744
H       12.98992868       0.95122845      15.14589981
H       10.73070253       2.04927171      15.43898474
H        8.53944825       1.80273012      14.95411965
O       15.94233081       9.35242427       2.66223396
C       17.44767549       7.18760725       5.28908473
C       17.23572402       7.79011533       4.02353017
C       16.73587478       7.57754766       6.44065809
C       16.15696295       8.74390988       3.89631350
C        0.80359553       6.15970368       5.47504076
C       15.68185838       8.47099029       6.31690052
C       15.46185087       9.07550450       5.06896438
H        0.24543917       7.54658509       3.27343240
H       16.88494494       7.20504687       7.47015604
H        0.91097359       5.41288441       4.65365425
H        1.82466434       6.63159502       5.73253089
H        0.47492894       5.52709789       6.31109207
H       15.14492321       8.69816093       7.23952170
H       14.74009104       9.88202858       5.10747712
H       15.55970504      10.23568408       2.75629389
O       11.60376288       9.65588649       2.24859716
C       11.35837701       8.96646803       5.71011769
C       11.86887198       9.04530891       4.42086711
C       10.15079022       9.63355656       6.11856195
C       11.09159174       9.67055338       3.50226027
C       11.98876398       8.03955165       6.69536823
C        9.39106326      10.24891040       5.11199339
C        9.87716367      10.34272270       3.84472107
H       12.80711812       8.47742894       4.17133350
H        9.77896654       9.47483669       7.08384586
H       12.99082365       7.70596036       6.46764285
H       12.04505176       8.55211481       7.74024741
H       11.31947235       7.19035759       6.73435997
H        8.52418366      10.72357212       5.54127382
H        9.31781144      10.79736339       3.10073723
H       10.85269396       9.75260580       1.66485226
O        8.31938789       3.33417926      15.76311676
C        4.75570829       3.52940451      16.58345240
C        6.00288182       3.11915159      16.00389413
C        4.69475073       4.67490552      17.34987652
C        7.20258750       3.79846949      16.27962775
C        3.49401521       2.79091493      16.21028455
C        5.89525994       5.42867531      17.52691527
C        7.14050613       5.03292979      17.01872871
H        6.05490949       2.41714781      15.28410258
H        3.76505430       5.01545748       0.10739657
H        3.18637304       2.98854785      15.21271711
H        3.55996367       1.75458052      16.44219963
H        2.65535177       3.16763464      16.80844593
H        5.82449446       6.38281567       0.27751301
H        8.05352593       5.54840669      17.25316147
H        9.15173522       3.68635334      16.12259508
O        6.53758097      16.80793626       2.78826770
C        3.03496027      17.06178092       1.61377122
C        4.35872821      17.43890026       1.96394467
C        2.60498740      15.72735380       1.59454698
C        5.25065369      16.39995699       2.44760369
C        2.04524108       0.49383843       1.27573583
C        3.47727013      14.71267805       2.08798089
C        4.81785113      15.04312186       2.49971667
H        4.52575930       0.77585270       1.78284577
H        1.58206481      15.48997440       1.30929783
H        1.85321614       0.54214063       0.18237107
H        1.09874469       0.31163681       1.83507471
H        2.28315782       1.38410778       1.78649502
H        3.13242113      13.62984452       2.01114207
H        5.53830865      14.21873506       2.70311487
H        6.75317981      16.41608935       3.62959728
O       11.39444672       6.69008422      12.41997671
C        8.06617296       7.35205322      13.91519279
C        9.36711542       7.60569958      13.39426429
C        7.42053002       6.14213717      13.56925511
C       10.14942974       6.55349216      12.85201534
C        7.41621239       8.58706114      14.58011534
C        8.17996618       5.12344393      12.94061286
C        9.51414569       5.34409883      12.64096441
H        9.83820151       8.58065001      13.55070414
H        6.37483181       5.96745952      13.73612804
H        8.04268295       9.40920657      14.82920739
H        6.60822847       8.90964969      13.95761296
H        7.01912966       8.31861506      15.51188473
H        7.78338506       4.14132428      12.75083170
H       10.01773832       4.48079515      12.31358675
H       11.61257787       7.55312492      12.12757421
O       15.92302176       7.09463761       0.85348278
C       14.57245920       6.88241316      15.20611170
C       15.20411755       6.49340776      16.44208232
C       13.73721493       8.00451676      15.17828562
C       15.11621014       7.35226346      17.49325680
C       14.89218838       6.07480836      13.95751200
C       13.48896964       8.73367273      16.34812400
C       14.21096111       8.42607278      17.52175162
H       15.76826769       5.57152290      16.38871039
H       13.35305862       8.38247993      14.24327251
H       15.60353372       5.28337551      14.02205347
H       13.90972305       5.74722515      13.51811239
H       15.32792032       6.75876140      13.19046396
H       12.85418487       9.54470512      16.27012135
H       14.08838939       8.96185389       0.71852872
H       16.09852142       7.83000292       1.49781277
O        9.62464938      10.91593933      10.23691997
C        6.22761434       9.57895060      10.63972649
C        7.32834475      10.43106868      10.67429101
C        6.46578156       8.22965987      10.39101456
C        8.58185190       9.99805150      10.32402290
C        4.80669868      10.00112300      10.97088320
C        7.78728324       7.69077047      10.24623149
C        8.86408427       8.63011261      10.11360190
H        7.12710300      11.48958784      10.71548273
H        5.59747609       7.52484933      10.45460896
H        4.28610152       9.27932957      11.59539225
H        4.79662205      11.00488152      11.49741921
H        4.20168600      10.16630786      10.10186474
H        7.94877703       6.63649924      10.23306418
H        9.89769502       8.31143019      10.01041999
H        9.43040131      11.85619611      10.26951963
O        1.11138336      10.52979382       1.70542480
C       17.44736136      11.54941578      16.29805641
C       17.54961699      11.05448274      17.55110744
C        0.92795708      12.00927755      15.61283541
C        1.10682506      11.00856588       0.48883934
C       16.05064644      11.56023833      15.67589539
C        2.23092623      11.88935581      16.22560590
C        2.32665579      11.44807615      17.55021393
H       16.63255583      10.74240017       0.33457635
H        0.74635945      12.42071782      14.69613249
H       15.84645066      10.54240039      15.30965862
H       15.22309015      11.79273162      16.38651848
H       15.95961944      12.41084958      14.94873667
H        3.19993944      12.20408551      15.70590869
H        3.27239874      11.58476818       0.43260656
H        0.18209272      10.29189907       1.96440480
O       14.97865841      16.21637343      11.81224402
C       15.05314161      16.22699600       8.10469040
C       14.83749650      15.80379735       9.44825598
C       14.95609253      17.59363043       7.83338928
C       14.82946527      16.69105455      10.54802254
C       15.30905055      15.17841202       6.98997370
C       14.66128085       0.79797760       8.89608763
C       14.68358797       0.38201633      10.22797407
H       15.00224765      14.76293218       9.66090407
H       14.88860152       0.34881444       6.85012193
H       15.78607374      14.30279648       7.30958108
H       14.36642997      14.98822736       6.53710327
H       15.95107499      15.64486249       6.28312841
H       14.45341856       1.79997624       8.57323395
H       14.30063016       1.03234418      11.00250798
H       15.24177692      16.85725886      12.46148889
O       12.35945265      12.47774666       1.41510477
C       12.46460643      12.57781171      15.56287483
C       12.18186064      12.20031748      16.89771508
C       12.66647916      13.90271706      15.32600243
C       12.41613516      13.02876271       0.21545474
C       12.19157081      11.68268764      14.37385277
C       12.76231723      14.83878013      16.41099624
C       12.66671258      14.40421057       0.02090301
H       11.81926987      11.21756013      17.02178821
H       12.77915308      14.27522752      14.35837802
H       12.15714481      12.41171897      13.54071379
H       13.17685190      11.22534601      14.30906010
H       11.41567739      11.02100854      14.62381119
H       12.84932398      15.88330345      16.18756366
H       12.70671852      15.03780507       0.87699439
H       11.94581999      11.60221006       1.41005084
O        9.43445306       7.44738784      16.78907614
C       12.29914401       5.13842107      16.93785232
C       11.17854979       5.84184498      16.42941574
C       12.57526877       5.28719149       0.61896360
C       10.45137392       6.73114451      17.22464492
C       13.01237019       4.20077297      16.04681606
C       11.84012474       6.17154947       1.50340439
C       10.71052207       6.85272806       0.92151666
H       10.73683336       5.70451269      15.46992648
H       13.39011837       4.61319844       0.89895960
H       13.11380444       4.36822892      15.03178286
H       14.06208249       4.11889012      16.31312897
H       12.69075225       3.20053929      16.06594927
H       12.00451819       6.23990253       2.55769562
H       10.15655819       7.44930395       1.59675037
H        9.19212012       7.24459571      15.92606072
O        5.31728601      15.36917623       8.44125287
C        1.91144704      16.35960985       9.38430128
C        3.28694963      16.10855976       9.47571547
C        1.22030947      15.96040734       8.18586617
C        3.98480873      15.57800340       8.36573584
C        1.18319416      17.25711001      10.39936431
C        1.91094904      15.46792239       7.09495716
C        3.27624008      15.18467799       7.16131483
H        3.80248042      16.31560985      10.33228696
H        0.18599712      16.19454449       8.15164676
H        1.06134205      16.83399718      11.44451586
H        1.66728592       0.48120530      10.46242325
H        0.12118918      17.45209465      10.10455057
H        1.29138865      15.22441091       6.21666579
H        3.71791669      14.73602174       6.32081094
H        5.70991751      15.33627775       7.62775847
O       12.77128405      17.52801398       0.69471871
C        9.24333462       0.74800909       0.37489561
C       10.37779231      17.64490020       0.34812947
C        9.24966551       2.00542713       0.98909116
C       11.62325452       0.49445465       0.80357789
C        7.99289408       0.12946757      17.54009211
C       10.45600422       2.51852328       1.49714748
C       11.62257344       1.76814221       1.41490587
H       10.32252689      16.70714371      17.56683719
H        8.35700811       2.63151001       1.05683267
H        7.57472526       0.56678288      16.65375007
H        8.10892888      16.74607783      17.49449897
H        7.14967730       0.38968373       0.49991682
H       10.44497413       3.37901917       2.02661248
H       12.59433048       2.21462707       1.72220078
H       13.51530512       0.27590211       1.09136322
O        6.45554214      14.88352552       5.98854804
C        9.35983515      15.68256125       3.84987456
C        8.40766394      14.85406561       4.50283570
C        9.64809894      17.01447644       4.17738672
C        7.54308783      15.53873424       5.42744724
C       10.32943357      15.11905446       2.81246205
C        8.81817366      17.56231804       5.15916127
C        7.87621269      16.84523567       5.84545381
H        8.27954046      13.78693653       4.27534643
H       10.46682252      17.68027495       3.85318837
H       11.25662303      15.49860216       3.08304687
H       10.28725396      13.96128310       2.91814453
H        9.94978940      15.43348549       1.83604106
H        9.02973345       0.90006620       5.51486394
H        7.46591723      17.26585843       6.72840488
H        6.52061272      13.97038362       5.77652478
O        6.95271999      15.17163680      10.75516076
C        7.42873003      12.89160676      13.63647717
C        7.73628353      13.58903615      12.46967566
C        6.09982231      12.87923434      14.09957158
C        6.71361104      14.33684842      11.84877164
C        8.53407761      12.19590265      14.41465272
C        5.09715551      13.56180862      13.48592773
C        5.37175453      14.35222627      12.36344088
H        8.75534174      13.58349709      12.14897339
H        5.87129833      12.29567537      15.03208735
H        9.14298246      11.62724610      13.74725174
H        9.26116606      12.93289791      14.84551126
H        8.16835282      11.51925037      15.19876839
H        4.09639815      13.36620424      13.74929377
H        4.58413729      14.96118457      11.85655438
H        6.25811937      15.73105128      10.41860184
O        6.26758854       1.27861702      10.13335147
C        9.76053512       2.27905064       9.90163307
C        8.60469401       1.55136638      10.23476548
C        9.77883583       3.19229819       8.79497478
C        7.39706325       1.87790449       9.67590044
C       11.01850192       2.02224831      10.61919017
C        8.52100509       3.52291625       8.21805552
C        7.39492715       2.86748349       8.68039417
H        8.62840476       0.90974523      11.17348555
H       10.72443270       3.55060471       8.47316847
H       11.11770251       0.93744703      10.47141614
H       11.90674338       2.35543642      10.12796656
H       11.00534407       2.31187920      11.66863571
H        8.53434147       4.31010420       7.49392645
H        6.46974452       3.12859644       8.11910241
H        6.24889473       1.10301057      11.14047987
O       16.77730022       4.71147808       1.05419127
C        2.35733291       6.43867381       1.70860309
C        1.02207247       6.17933464       1.24188818
C        2.99017562       5.43466233       2.41258990
C        0.33995258       4.94098859       1.40981525
C        3.05534905       7.74521380       1.37898827
C        2.42361562       4.15622455       2.47338695
C        1.04116230       3.91790190       2.09362656
H        0.50355857       6.93280032       0.61350031
H        4.03567854       5.52152071       2.72130431
H        2.53637710       8.20399249       0.57430344
H        3.15927957       8.36539957       2.26819581
H        3.99150262       7.56300804       0.90248356
H        2.90392477       3.32834777       3.00937618
H        0.65218008       2.96554835       2.35835690
H       16.48306347       5.64772535       0.84247730
O       15.53167305       0.64291296      13.40042331
C       16.22953245      16.59637665      16.50222001
C       16.03271723      16.80479334      15.13284185
C       16.37547595      17.64098341      17.41882950
C       15.86439281       0.44382526      14.71835527
C       16.20084661      15.16538418      17.05872691
C       16.14886708       1.25522340      17.00589722
C       15.82970851       1.49042355      15.61600790
H       15.99252742      15.97480791      14.38538286
H       16.56290991      17.41802626       0.75788440
H       16.02676387      15.16192438       0.41580816
H       15.44045202      14.49611669      16.58719415
H       17.26759128      14.73877225      16.85453263
H       16.07436766       2.01085496       0.02442353
H       15.46076858       2.39184803      15.16590853
H       15.69278727       1.53831688      13.06721432
