512
Lattice="17.7128441229 0.0 0.0 0.0 17.7128441229 0.0 0.0 0.0 17.7128441229" Properties=species:S:1:pos:R:3 pbc="T T T"
O       13.32170961       3.94391053       3.84266820
C       10.92499991       4.61668719       6.55785408
C       11.50741637       4.02270551       5.41539344
C       11.68880968       5.53123151       7.40497649
C       12.84620428       4.34968215       5.03698952
C        9.55323558       4.12542363       7.12639838
C       13.04508066       5.78331262       7.08313859
C       13.61816743       5.23976870       5.87501034
H       10.97891772       3.27525918       4.83102175
H       11.15662554       5.87466314       8.27902256
H        8.82045132       4.89590577       7.29717039
H        9.08707441       3.35602863       6.65705561
H        9.63677318       3.68309654       8.06090950
H       13.69250145       6.34319727       7.78281540
H       14.62190310       5.48399825       5.56842075
H       14.01516805       4.44563168       3.48921166
O        4.72748320       3.36897953       3.23181964
C        7.46939539       5.66984915       3.15677577
C        6.49557473       4.71482709       2.78135463
C        7.44206829       6.16374280       4.50320443
C        5.55263523       4.25813116       3.70016864
C        8.43752031       6.18379523       2.09550038
C        6.50416873       5.72035818       5.47628458
C        5.58198045       4.71210140       5.06949380
H        6.55948758       4.33039704       1.71574733
H        8.11114163       6.90369054       4.84258685
H        8.01878853       6.85881060       1.44655404
H        9.26975649       6.60287637       2.51696929
H        8.71537998       5.35482051       1.45528639
H        6.53521638       6.06453283       6.43020203
H        4.86639711       4.38524127       5.76022171
H        5.20955671       3.02483574       2.50969653
O       16.38156854       2.84324861      11.49981863
C       15.40091524       2.39165868       7.96750295
C       16.21463020       2.79176114       9.07336213
C       14.07985746       1.99769526       8.17162080
C       15.72830602       2.57422976      10.35512708
C       15.97642407       2.64139431       6.58192932
C       13.59359908       1.92599824       9.46976361
C       14.45774685       2.13231783      10.50479585
H       17.16944056       3.26466420       8.89631869
H       13.46010265       1.86873291       7.30001780
H       15.14506890       2.72335060       5.87315932
H       16.37598039       3.66744269       6.58437096
H       16.74141257       1.84870704       6.24166942
H       12.60118932       1.60651727       9.71922831
H       14.08742986       2.12894614      11.57126729
H       17.25710654       3.16624658      11.23038247
O        3.64983838       1.85357631      10.34889324
C        2.98872048       1.95320955       6.79835484
C        2.85487300       2.02053291       8.17087297
C        4.21398552       1.81653064       6.26678049
C        3.94640847       1.89384297       9.05293796
C        1.77596152       1.88958263       5.84634287
C        5.35006884       1.82587083       7.02619671
C        5.30973193       1.95707126       8.44577568
H        1.81073709       2.07945103       8.52057863
H        4.33441849       1.81693995       5.19997727
H        1.36305589       0.91378343       5.74279455
H        1.04460602       2.64861561       6.19843203
H        2.04095342       2.28201704       4.87658524
H        6.36718360       1.81580824       6.59972068
H        6.25857795       2.05341832       8.99504142
H        4.48483044       1.79658384      10.83933326
O       11.42789196       7.56336980      10.74774424
C       14.58101517       9.45881266      11.29541889
C       13.21396824       9.08033657      11.17876778
C       15.50480061       8.38705329      11.36530629
C       12.75685545       7.81943423      10.92870023
C       14.84842328      10.86653711      11.73984686
C       15.08753488       7.01398172      11.30043631
C       13.72759392       6.78509056      10.99332252
H       12.60912360      10.02029786      11.04495152
H       16.56612232       8.72848657      11.58126514
H       15.91751391      11.00489950      11.89835158
H       14.58070182      11.53983745      10.91282753
H       14.30314931      11.04197118      12.70072393
H       15.83118001       6.25886321      11.59981119
H       13.36481084       5.75398620      10.94406005
H       10.93354087       8.31385614      10.95993949
O       14.76424018      14.33025209       1.24537377
C       15.59919924      16.02023084       4.33013503
C       15.23139494      15.84636579       2.99053145
C       15.84582924      14.96881368       5.15268875
C       15.06503135      14.51459683       2.52800627
C       15.57078763      17.48500972       4.89893619
C       15.77417391      13.61860697       4.66516031
C       15.35535820      13.39134755       3.33525910
H       14.98553596      16.75587316       2.43872726
H       16.28762359      15.24368417       6.11193043
H       16.45729898       0.32185536       4.80156810
H       14.81371630       0.36981438       4.31404137
H       15.13775191      17.54490160       5.83308086
H       16.07084907      12.72768621       5.21052830
H       15.19243592      12.46822716       2.84214558
H       14.22842809      13.56772773       1.08578744
O        0.58770013      11.08416304       2.93884088
C        3.85859422      10.35357702       4.19176176
C        2.66491825      10.19911138       3.50690465
C        4.19110152      11.44854878       5.01190016
C        1.69654368      11.17825833       3.65188478
C        4.87552997       9.24131969       4.08350186
C        3.14831110      12.35009786       5.23599859
C        1.97990701      12.32179411       4.46478493
H        2.42383175       9.33535285       2.95881612
H        5.09895569      11.57301181       5.63674678
H        4.63703101       8.37715824       4.67820458
H        5.00765911       8.85640159       3.08134251
H        5.84787582       9.65313574       4.37849853
H        3.32014116      13.13267927       5.94691746
H        1.26773145      13.11595837       4.62778660
H        0.42680000      11.93347271       2.48823939
O        0.91148096       6.33470212      10.54666550
C        2.53095647       8.88810211       8.39906071
C        1.57740235       8.22920765       9.16285006
C        3.60225410       8.14015321       7.91652854
C        1.81509181       6.94690483       9.77284598
C        2.31186020      10.28895595       7.90160033
C        3.82548186       6.83939654       8.50051938
C        2.95351708       6.29256161       9.46587746
H        0.71492960       8.78082008       9.41851561
H        4.26591303       8.47460696       7.13887887
H        2.13322046      10.97879856       8.64814953
H        3.20255244      10.57830857       7.27804346
H        1.38934057      10.21037491       7.30572740
H        4.78119936       6.37945301       8.06864184
H        3.38346668       5.42887586       9.96372346
H        1.24854149       5.65890996      11.07703478
O        1.41136745       3.44958029      11.30605373
C        0.87801012       5.38594794      14.33024743
C        0.53809376       4.73738449      13.13477938
C        2.24558194       5.61401160      14.73471204
C        1.65296425       4.19566333      12.42166289
C       17.43028737       5.74900927      15.24339690
C        3.30234597       5.12372659      14.00476020
C        2.99217015       4.37262608      12.86890141
H       17.17657060       4.68816237      12.89330181
H        2.48064973       6.02573298      15.70966142
H       17.68694828       5.68758623      16.23804765
H       17.26075732       6.78475728      15.08564136
H       16.43346564       5.23905667      15.02183667
H        4.30830481       5.17968640      14.33829271
H        3.76094947       3.92646849      12.31392364
H        2.21911629       3.03796745      10.94535973
O        7.47309923       0.45525499      13.52119259
C        4.29957454      16.48307250      14.38831138
C        5.27754701      17.24676249      13.60569605
C        4.63473220      15.90531706      15.69348174
C        6.51774550      17.46888404      14.18902382
C        3.03309644      16.11110368      13.66847425
C        5.86556177      16.20374237      16.21462040
C        6.82234387      16.95573565      15.50840185
H        5.09957980      17.56036096      12.56874156
H        3.90260965      15.28324588      16.22008697
H        3.04649407      16.46641966      12.58934896
H        2.78689542      15.00617749      13.64252373
H        2.09330234      16.57254408      14.04036679
H        6.22416591      15.78139714      17.10510949
H        7.76076880      17.14889017      16.01938390
H        8.31529263       0.55016737      14.03439278
O        0.18545122       9.98548336      13.46950942
C        2.72376747       8.73447070      15.81482424
C        1.50491546       9.13944842      15.32032841
C        3.77902781       8.31035960      14.94296033
C        1.34608620       9.45238578      13.97472026
C        2.91117588       8.76154504      17.35791897
C        3.65723630       8.46861725      13.52624005
C        2.41158105       8.94822525      13.10451769
H        0.72413138       9.35844572      16.01736955
H        4.68453872       7.81076907      15.30434725
H        3.14482752       7.75911911      17.60473928
H        3.73748289       9.46960663      17.55319572
H        2.05078528       8.90508290       0.13396728
H        4.44761847       8.04470170      12.83049890
H        2.26482508       9.07302247      12.08653117
H       17.30313472       9.92473124      14.10108109
O        8.76836418      14.93238444       9.61744879
C       11.45157585      16.74553927       7.70921150
C       10.74385226      15.73627145       8.42739732
C       10.88469316       0.35461742       7.58657782
C        9.47614094      15.98410115       9.03134543
C       12.80807975      16.29243567       7.10650796
C        9.62074968       0.57399195       8.23617843
C        8.90478632      17.21262710       8.82655967
H       11.20911726      14.75788501       8.64057572
H       11.34394399       1.17302606       7.10059640
H       13.08622296      16.85834273       6.22821930
H       13.64519258      16.72113732       7.71182960
H       12.96835363      15.17649652       7.04087790
H        9.14895093       1.48483617       8.29071629
H        7.90171170      17.43881936       9.13881726
H        7.90318816      15.21416437       9.83963388
O        9.92515617       8.49344681       0.19941360
C        7.34098852      10.81832911       1.56864894
C        8.50694772      10.00006343       1.49888473
C        6.43635939      10.82162686       0.51821091
C        8.83760742       9.26380480       0.36310015
C        6.97970823      11.73033772       2.75096308
C        6.90157731      10.20569042      17.04076423
C        8.02516136       9.30424330      16.95925450
H        9.23729827      10.11724118       2.30102899
H        5.58651845      11.54829606       0.43319940
H        7.71719446      11.73694661       3.59838928
H        6.95486566      12.74676685       2.44989351
H        5.99905822      11.47873169       3.08192582
H        6.27528068      10.38629317      16.14894873
H        8.33207788       8.81458602      16.07349805
H       10.13751044       8.60721069      16.99351544
O        9.35675899       1.60830636      14.76948670
C       11.53034488      17.01710860      12.93540473
C       10.41522852       0.09128692      13.18337533
C       12.74550008      17.13827985      13.63364412
C       10.47472990       0.95715955      14.28644708
C       11.49131381      16.15137947      11.73105289
C       12.78599044       0.43716726      14.62277360
C       11.68524061       1.17165356      15.00266098
H        9.51725627      17.56984917      12.67462501
H       13.56014570      16.54976226      13.30899836
H       12.08342831      15.26497005      11.83927301
H       10.44686084      15.87201380      11.48989094
H       11.73687556      16.64841037      10.75713871
H       13.72253921       0.42372604      15.19529901
H       11.75320008       1.84791037      15.81470225
H        9.56424587       2.33554640      15.41117934
O       16.04706414       9.82666589       3.76178569
C        0.34992347       7.34879081       5.62114891
C       17.64748694       8.13796214       4.49173720
C       17.28901525       7.22581905       6.81437905
C       16.49952205       8.91156870       4.69105238
C        1.60807006       6.62915757       5.43458927
C       16.18763856       8.02230666       7.00294680
C       15.74670656       8.83473343       5.90174502
H        0.58601694       8.21939399       3.57402310
H        0.03092059       6.67660512       7.62500284
H        1.87396302       6.29687720       4.39492031
H        2.40538732       7.30305273       5.89833326
H        1.67481684       5.68525402       6.03887393
H       15.64291784       8.13226011       7.93902606
H       14.66675977       9.22219647       5.84533798
H       16.95585950      10.18148778       3.60003368
O       11.70349891       9.89606045       1.67272123
C       12.22203937      10.27242816       5.21473866
C       12.15402385      10.64237817       3.86768257
C       11.87248668       8.99932638       5.59847949
C       11.80191475       9.65400992       2.93812312
C       12.50902859      11.33912038       6.31626231
C       11.49885870       7.99868533       4.68494416
C       11.48281938       8.29973889       3.31595814
H       12.31523047      11.67917316       3.53675920
H       11.87441943       8.76129359       6.69566250
H       13.12743811      10.74300568       7.09324982
H       13.06928349      12.12884101       5.83511138
H       11.68890767      11.80638222       6.83515660
H       11.17759940       6.96908986       5.05176764
H       11.45444478       7.48298239       2.54883918
H       11.33813602       9.17280089       1.16984790
O        9.01565686       3.73070978      16.39132541
C        5.37808926       3.47139717      16.77056282
C        6.75447052       3.09436635      16.51243641
C        5.04242847       4.81597100      17.00090744
C        7.73360196       4.06793436      16.53003245
C        4.25321207       2.50199247      16.91029255
C        6.08442350       5.77907492      16.94261486
C        7.43702165       5.48068797      16.71938505
H        7.02382051       2.09860780      16.36967743
H        4.05862189       5.12345161      17.12703540
H        3.44551131       2.54722881      16.14835590
H        4.48728797       1.52547415      16.60274602
H        3.70296407       2.67675195       0.13881393
H        5.86579448       6.82487527      17.15413452
H        8.17546765       6.26584817      16.82421371
H        9.61048055       4.38060100      16.77228849
O        6.13235782       0.67519894       2.72548390
C        3.07300379      16.87401932       1.56267317
C        4.03862383       0.10763139       1.93909976
C        3.29533002      15.55822007       1.56578610
C        5.29301739      17.37004984       2.32374481
C        1.76376842      17.36319964       1.00539574
C        4.54105344      14.99416320       2.15780226
C        5.48304829      15.97777668       2.52893734
H        3.85428916       1.14191328       1.84704318
H        2.56058724      14.93845121       1.18380800
H        1.16006997      16.57215766       0.52004816
H        1.12120855       0.12520865       1.74996416
H        1.93430636       0.42591518       0.23367984
H        4.79498172      13.94946010       2.22030949
H        6.44628959      15.72839594       2.91073228
H        7.04987276       0.40501244       2.97287741
O       10.82826592       8.75020440      15.25294867
C        9.32553953       9.89004976      12.17443193
C       10.10283602       9.83470487      13.28484358
C        8.38840851       8.85077803      11.92656918
C       10.03547962       8.75005149      14.17415206
C        9.42343513      11.11340303      11.28308549
C        8.28009881       7.79990841      12.88699919
C        9.10230214       7.71747729      14.01256926
H       10.92782038      10.57517107      13.55743961
H        7.72505649       8.71224222      11.10104902
H        9.93624659      10.81829827      10.33533088
H        8.51897243      11.75533004      11.11365726
H       10.18553754      11.87971655      11.66689846
H        7.58329389       7.09697400      12.56541818
H        8.88072158       6.84933809      14.67759695
H       11.70973982       9.07954778      15.07421715
O       14.94646559       8.07025625       1.74772022
C       14.52397159       8.71823140      15.86560228
C       14.52466998       8.00219633      17.07442959
C       14.90711434      10.09035929      15.84486826
C       15.03669550       8.62657991       0.51978538
C       14.09513890       8.07753126      14.60027260
C       15.44054799      10.68504167      16.97470480
C       15.49709488       9.94280537       0.46979149
H       14.33337678       6.96356925      17.12163391
H       14.94978351      10.80397827      15.03732612
H       13.92861105       8.87145571      13.76444522
H       14.87795507       7.40773761      14.29270078
H       13.14727083       7.56824518      14.63200065
H       15.73948085      11.70223628      16.86141050
H       15.67839244      10.50508367       1.39230535
H       15.31436493       8.60004149       2.45880714
O        8.29713213      13.11488692       7.63078621
C        6.48783254      10.17464087       8.99095360
C        6.82665551      11.53330464       8.80997608
C        7.10334835       9.12144416       8.24194858
C        7.87867525      11.83870838       7.87271973
C        5.50431674       9.80341294      10.07614582
C        8.01627930       9.47014821       7.21508328
C        8.30792785      10.84867509       6.99769227
H        6.38190833      12.37490020       9.36705317
H        6.81005786       8.08989299       8.46966450
H        4.66767442      10.31990677       9.87037769
H        5.22005970       8.75825027      10.06268759
H        5.83028553      10.00656695      11.01571588
H        8.58194745       8.70789586       6.63246447
H        9.09024153      11.13977340       6.26273069
H        8.48886514      13.73069709       8.30898235
O       17.68727811      13.53145066       1.59641147
C        0.17999882      13.53904463      15.63980482
C       17.36685667      13.77029484      16.92593848
C        1.45157190      12.90718658      15.48887014
C        0.41253196      13.34562427       0.32424529
C       17.05906110      13.95909255      14.44289072
C        2.18589509      12.50451347      16.64144893
C        1.62713224      12.71905513       0.18514099
H       16.47139421      14.31772671      17.05939707
H        1.96800264      12.63932375      14.55678403
H       16.53879685      13.04134139      14.15857229
H       16.33749794      14.75351977      14.59414481
H        0.03408360      14.21960004      13.64954058
H        3.17398106      11.98271343      16.61202791
H        2.19386617      12.31037472       1.03388250
H       16.97728113      14.19122757       1.62390010
O       17.63608301      15.17826809      11.49192265
C       16.19040011      12.84527170       9.06735123
C       17.08674085      13.52147063       9.83300262
C       14.88371249      13.34455073       8.85811909
C       16.74733190      14.60076035      10.61995291
C       16.52761411      11.55811487       8.36041997
C       14.50801072      14.55594759       9.51352321
C       15.45849543      15.16406736      10.42369134
H        0.35542514      13.14688297      10.05970802
H       14.26128736      12.74208703       8.23385883
H       16.51596167      10.69322070       9.01571750
H       15.80764531      11.34227512       7.62887880
H       17.47484225      11.63531780       7.94806477
H       13.53507167      14.95811722       9.32476617
H       15.10418069      16.04392935      10.88423159
H       17.40339372      16.06686774      11.91266893
O       12.90547898      12.23383989       0.41378841
C       10.41589680      13.15304608      15.53710394
C       10.99534137      12.54948909      16.70905689
C       11.27885450      13.95117368      14.71036196
C       12.35060562      12.71011371      17.00564246
C        8.96587056      12.90101447      15.19212139
C       12.63722762      14.08922813      15.04281150
C       13.15602495      13.50847374      16.20572630
H       10.41835546      11.88220630      17.37296691
H       10.97011952      14.41643252      13.72209718
H        8.37681684      13.80459434      15.22555407
H        8.88969820      12.57635641      14.18242090
H        8.53083267      12.09010349      15.85567388
H       13.31696053      14.59780023      14.42574261
H       14.18148743      13.59596909      16.45449838
H       12.31909378      11.53068600       0.76651316
O       10.52781914       5.68913347      17.51418923
C       13.25545438       4.47546254      15.42873989
C       12.02363617       5.21646127      15.76416319
C       14.01428555       3.89343879      16.45642239
C       11.72647070       5.26987596      17.09361264
C       13.57211960       4.19461448      14.00883743
C       13.70746786       4.02330009       0.07197549
C       12.48720340       4.61830455       0.37802042
H       11.28326603       5.66969539      15.02867906
H       14.88579341       3.41402029      16.22201704
H       13.29257954       4.99694471      13.48249998
H       14.59166238       4.06118605      13.82772291
H       13.00974775       3.32219865      13.80046369
H       14.39884962       3.62777669       0.76562108
H       12.06496563       4.53638846       1.33924186
H       10.55869043       6.56513775       0.13674633
O        4.91822231      15.41671422       7.56452550
C        1.39470901      16.13915322       7.15038679
C        2.68376827      15.95647289       7.73591524
C        1.25272018      16.09932480       5.74578966
C        3.80599031      15.73938243       6.94182237
C        0.21700882      16.27132526       8.01536693
C        2.40781517      15.94010130       4.94697470
C        3.69960206      15.83080931       5.52933184
H        2.75020329      15.88814950       8.81103537
H        0.31523456      16.15573968       5.16163327
H       17.43308768      17.20499254       7.72448845
H       17.18205113      15.40440003       7.92976715
H        0.60392957      16.48026037       9.04661442
H        2.20401649      15.98069209       3.90854445
H        4.47488265      15.51204621       4.87811745
H        5.47540585      14.88908239       6.96154093
O       12.89158089       1.43997092       2.63501843
C       10.42707651      17.65287224       0.37298524
C       11.62914570       0.19719337       1.09017444
C        9.42135475       0.93354858       0.48052498
C       11.70798572       1.30813553       1.97926379
C       10.25636003      16.51941521      17.20985023
C        9.56952868       2.12957809       1.19998067
C       10.69744697       2.29692008       2.04868666
H       12.40840507      17.23572570       1.01207026
H        8.60919324       0.85768586      17.53533358
H       10.60385856      16.61706785      16.12862045
H       10.98537094      15.88502318      17.71155061
H        9.30537027      16.16203621      17.20776084
H        8.83606177       2.88637184       1.04816803
H       10.87213940       3.26021955       2.58112321
H       12.89789255       2.24782001       3.21227383
O        6.66705107      14.28956682       5.86854836
C        9.81922017      15.67118855       4.38952351
C        8.89908688      14.75333507       4.92530813
C        9.55117989      17.02505688       4.46035244
C        7.62428503      15.23076135       5.48786606
C       11.10204011      15.18139123       3.86953730
C        8.42641823      17.44499971       5.17200846
C        7.37787871      16.62194628       5.64367987
H        9.18103569      13.66917847       4.88107933
H       10.22459134       0.13950126       4.15669253
H       10.89256366      14.29940712       3.33110596
H       11.73220664      15.77042117       3.18058945
H       11.71588937      14.75818364       4.66324504
H        8.39591664       0.75926087       5.38827202
H        6.55856560      17.11346939       6.01358071
H        7.11819809      13.54036369       6.37190912
O        5.96345909      15.10746374      10.07848814
C        5.04184775      12.92635943      12.96395751
C        5.75623587      13.88320093      12.19057215
C        3.83172791      12.38630163      12.41136716
C        5.30796458      14.20719252      10.90465381
C        5.39198026      12.72138029      14.40053807
C        3.43723934      12.65791955      11.11611027
C        4.11315311      13.66114144      10.39184705
H        6.64805451      14.36437943      12.52619032
H        3.19632265      11.77666725      13.01195034
H        5.73585629      11.67797845      14.60742421
H        6.21739528      13.44933834      14.70854859
H        4.44834391      12.90068291      14.92244742
H        2.54827957      12.24012295      10.67906774
H        3.74834711      13.88661446       9.36841912
H        5.34344245      15.37046330       9.41346332
O        6.29115762       2.11060431      11.89131177
C        9.22775233       4.13210602      10.88864266
C        8.43697372       3.03846948      11.38656139
C        8.61896947       5.25237827      10.28320251
C        7.03454270       3.05298521      11.31089978
C       10.75536224       4.27777739      11.11700271
C        7.22639349       5.22082144      10.15606520
C        6.43002977       4.16825543      10.66262159
H        8.98262587       2.18866892      11.73550179
H        9.17357470       6.11886754       9.93504597
H       11.21957074       4.51748241      10.16170073
H       11.02177408       5.14243766      11.71503838
H       11.24061285       3.36460813      11.44233679
H        6.77449729       6.08640785       9.75143801
H        5.35086930       4.05530254      10.57180854
H        6.77386461       1.48697172      12.45053242
O       15.27494393       5.34821008       2.76868221
C        0.98802848       4.64088097       1.73992087
C       17.50611428       5.39080480       1.95210222
C        1.07304514       3.26908844       2.17659045
C       16.37626424       4.69475507       2.46665925
C        2.24864654       5.39071617       1.29819665
C       17.61593464       2.63021628       2.61191052
C       16.39981363       3.34249130       2.81076283
H       17.57567158       6.39143625       1.61811210
H        1.88538889       2.60191720       2.06454693
H        2.56446692       6.12986867       2.00452482
H        3.08867194       4.70106708       1.32344667
H        2.16265215       5.83285040       0.28564050
H       17.64119113       1.64343067       2.88957039
H       15.66047141       2.72430131       3.24465642
H       15.23748969       6.20830146       2.47994903
O       16.61791109      17.62019322      12.31431855
C       16.32875670       0.15520066      15.94915755
C       16.20463504      17.37195845      14.66192112
C       17.43677660       1.04519743      16.20439930
C       16.92612564       0.27393148      13.61250791
C       15.66431485      17.24549881      17.16015788
C        0.40846926       1.67996273      15.11190096
C        0.17874485       1.29033734      13.78695598
H       15.40052084      16.66309681      14.41986846
H       17.64018857       1.26048642      17.23760910
H       14.92524299      16.56845333      16.87174316
H       16.39031385      16.56718635      17.54000317
H       15.20097730       0.20804765       0.14664725
H        1.20922632       2.41533474      15.31241692
H        0.61269709       1.75320013      12.98353481
H       16.60593001       0.69068080      11.78403252
