512
Lattice="17.7128441229 0.0 0.0 0.0 17.7128441229 0.0 0.0 0.0 17.7128441229" Properties=species:S:1:pos:R:3 pbc="T T T"
O       12.44045445       5.05140777       3.72532980
C       11.08681643       4.60704442       7.09881139
C       11.25651428       4.54556801       5.70903653
C       11.88533645       5.67416986       7.74349577
C       12.26555202       5.35337220       5.05606701
C       10.20929824       3.53224203       7.78625909
C       12.70171329       6.55748853       7.07990798
C       13.00258683       6.39214007       5.70898229
H       10.66913906       3.86638404       5.13731441
H       11.90119839       5.64924896       8.82649407
H        9.15487743       3.76906428       7.56241141
H       10.47648933       2.55563701       7.42179711
H       10.30046573       3.61893992       8.84807154
H       13.12141453       7.36951809       7.64584770
H       13.68679438       7.01965546       5.12901092
H       13.25570650       5.58728141       3.41603445
O        5.17513275       3.28111085       3.46068060
C        7.87608473       5.78590984       3.28327074
C        6.99387930       4.74809617       2.87187044
C        7.79535342       6.25403215       4.57340248
C        6.03533517       4.24965640       3.82813108
C        8.97921911       6.35415799       2.50613008
C        7.01563215       5.61329169       5.56793915
C        6.08619631       4.66511448       5.16014628
H        7.13103343       4.44519443       1.80682013
H        8.46189271       7.07684153       4.86143326
H        8.69594825       7.33752178       2.19333601
H        9.86615612       6.20376049       3.00138363
H        9.01645595       5.76671591       1.58337237
H        7.21427572       5.81383721       6.60202988
H        5.39785574       4.29318093       5.86681571
H        5.46354347       2.74108820       2.74445399
O       16.67865591       1.92065589      11.28410021
C       14.83879941       2.95857039       8.32807368
C       15.87958900       2.83130200       9.27874958
C       13.68394634       2.22355589       8.49059263
C       15.68790071       2.04476980      10.39830305
C       14.94954918       3.84407369       7.11895073
C       13.58755839       1.24271438       9.49887812
C       14.53250091       1.28272846      10.50815603
H       16.79914943       3.31863089       9.07526556
H       12.87045502       2.23709301       7.83629449
H       14.89675011       4.89297628       7.48712703
H       15.83807946       3.59057161       6.47892934
H       14.06187242       3.62776859       6.51726146
H       12.66922950       0.72396753       9.54878957
H       14.36100035       0.53200213      11.24551690
H       17.53249443       2.14154683      11.05567085
O        3.99358028       1.50712782      10.01004188
C        2.58000972       2.17262639       6.73195827
C        2.70219753       2.06919803       8.13807600
C        3.72585332       1.86664663       5.97717893
C        3.88524472       1.59395960       8.69051392
C        1.24835870       2.62912239       6.06812843
C        4.93461557       1.57451330       6.53245389
C        5.05059991       1.43018337       7.91208293
H        1.89621766       2.31927685       8.81463475
H        3.60703657       1.94826528       4.85438103
H        0.37736365       2.97848050       6.66822944
H        1.42616598       3.48832337       5.36098843
H        0.94254222       1.81322157       5.43059410
H        5.79418513       1.72362792       5.86841527
H        6.06826459       1.20525393       8.25833845
H        4.90230110       1.39981029      10.23897745
O       11.79994173       8.43797793      10.24940935
C       15.19265308       9.50613725      11.02109116
C       13.86261560       9.48740257      10.73991685
C       15.90212717       8.33335431      11.00704635
C       13.14548157       8.31143149      10.53802731
C       15.94181923      10.78323585      11.24135870
C       15.24628054       7.16920851      10.55827439
C       13.85247764       7.15356605      10.43413135
H       13.36170942      10.51055597      10.68788985
H       16.99925669       8.30162325      11.27065111
H       16.02596118      11.02233845      12.29640133
H       16.95858755      10.80584422      10.75021835
H       15.36387496      11.63898092      10.82767646
H       15.83189658       6.28913382      10.38833905
H       13.35411681       6.20671228      10.06193918
H       11.37654371       9.02245339      10.89603577
O       15.31237658      14.64627515       1.42760237
C       14.97385494      16.29443142       4.84044222
C       15.24048749      16.20819213       3.46538839
C       14.90563534      15.13077613       5.61208521
C       15.27961966      14.91443178       2.81977317
C       14.74180522      17.57141292       5.56226227
C       15.12299632      13.87198286       4.99213730
C       15.23094972      13.74875397       3.60642510
H       15.26087287      17.15895254       2.97580335
H       14.89732462      15.18823908       6.69043330
H       15.56836743       0.54802332       5.66907530
H       14.05906542       0.39176683       4.87679670
H       14.27339500      17.43155402       6.45577865
H       15.25408806      12.98483905       5.65802700
H       15.46575912      12.71946839       3.30772716
H       14.81392889      13.89219292       1.22523693
O        0.40124328      10.94788660       2.52499433
C        3.46782511       8.83082846       3.13441534
C        2.14884769       9.19662482       2.75000002
C        4.36903330       9.84756772       3.46451888
C        1.73453555      10.55903066       2.71095414
C        3.93190999       7.38254427       3.22209270
C        3.96728460      11.19747234       3.45375392
C        2.64443565      11.53765919       3.03792883
H        1.56135397       8.38132678       2.38101508
H        5.34249960       9.54630172       3.79246628
H        3.97344985       7.10382309       4.20966622
H        3.25714471       6.64231229       2.75972140
H        4.98897928       7.40041495       2.86180737
H        4.66885640      11.90604199       3.78692148
H        2.35052152      12.60424652       2.93414208
H        0.29768280      11.80911887       2.12264916
O        0.90770588       6.30714582      10.38510401
C        2.74736654       8.33234844       7.90810904
C        1.80517104       7.94636678       8.91649031
C        3.67858458       7.43558239       7.45883071
C        1.75890376       6.59795092       9.35945946
C        2.75283681       9.73574871       7.28278922
C        3.69680494       6.17654700       8.00793798
C        2.72275084       5.70107668       8.92309773
H        0.97669921       8.56381005       9.15942871
H        4.39208670       7.79644337       6.68339341
H        2.76736916      10.37697165       8.09037589
H        3.69338002       9.70130291       6.68700258
H        1.83993321       9.87869641       6.63705056
H        4.43325305       5.46186706       7.68129830
H        2.80906341       4.71290840       9.30394849
H        1.16429788       5.50942981      10.83220570
O        1.81608805       2.84206569      11.21516974
C        0.80050203       5.32966247      13.76041879
C        0.76349412       4.36380308      12.73010667
C        1.94111457       5.41270917      14.56096681
C        1.92937199       3.65058331      12.37446647
C       17.34231691       6.20353102      14.26586365
C        3.06163758       4.59582178      14.35866769
C        3.08103977       3.74571105      13.22628719
H       17.60013481       4.24731547      12.15631636
H        2.00051204       6.10847553      15.33382996
H       16.54014466       5.58956049      14.50002649
H       17.54707684       6.82451009      15.09413737
H       16.98735586       6.93272405      13.51375818
H        3.98305520       4.69138666      14.94761185
H        4.01834960       3.18078249      13.02784767
H        2.63385426       2.45074555      10.94818401
O        7.46108353       0.09101178      13.40003711
C        4.14494531      16.34876624      13.83547109
C        5.21113314      17.03696774      13.30264184
C        4.23681303      15.82977336      15.14209097
C        6.38533275      17.16416775      14.02488922
C        2.83853790      16.32616787      13.06272016
C        5.42072280      16.01008557      15.92824254
C        6.49779160      16.70664672      15.35924355
H        5.12821110      17.39832392      12.30004025
H        3.43229337      15.23344704      15.51515912
H        2.17028613      15.85112844      13.76259696
H        2.60307201      17.36191397      12.80697745
H        2.98092288      15.72324693      12.18919099
H        5.47551246      15.77229909      16.92532706
H        7.37482505      17.02691902      15.88913811
H        8.21351521       0.38089721      13.96664884
O        0.21927980       9.43978486      13.36914831
C        3.05237493       8.58347111      15.57412688
C        1.79274562       9.09049727      15.11613654
C        3.95958433       8.07961055      14.60498847
C        1.45994138       9.09553918      13.74696495
C        3.49695540       8.71951575      17.09892654
C        3.68012427       8.07325016      13.24560656
C        2.39213034       8.50202873      12.88267533
H        1.10893341       9.43250443      15.84161826
H        4.95208682       7.69996390      14.95437022
H        4.51694798       9.11651296      17.05123323
H        2.88302746       9.47018586      17.65021753
H        3.41239417       7.78421702      17.54423195
H        4.45163165       7.53470421      12.52603483
H        1.99231042       8.31815324      11.91822088
H       17.46661560       9.90954044      14.06146026
O        7.78621415      14.33779613       9.61778174
C       10.31847024      16.78698187       8.48489322
C        9.47826587      15.64456340       8.54576224
C       10.06070532       0.14414736       9.31333489
C        8.46125082      15.51396993       9.52265727
C       11.33975406      16.97053800       7.39444292
C        8.94798489       0.13017392      10.16828492
C        8.20705555      16.66450745      10.30937192
H        9.71868738      14.75101222       7.89120808
H       10.58678503       1.04491000       9.23668322
H       11.33842071       0.21654978       6.93209222
H       12.29634829      16.55573144       7.73060137
H       11.14891234      16.24784840       6.59511413
H        8.51184969       1.00838423      10.50540520
H        7.24154360      16.60718407      10.89845453
H        7.00147098      14.46397778      10.19287125
O       10.82267139       8.94446068      17.51540859
C        8.07145990      10.13342961       1.88012706
C        9.35110531       9.68360874       1.49606215
C        7.06547738      10.17445456       0.92328153
C        9.64645030       9.43224138       0.15425056
C        7.86587478      10.77170541       3.24698219
C        7.29646760       9.83028872      17.27570455
C        8.65118905       9.66640913      16.89018424
H       10.10017801       9.42526372       2.21315851
H        6.01275103      10.40893682       1.16963662
H        7.86142128      10.12230659       4.14222828
H        8.74717486      11.46193972       3.41785765
H        6.96502467      11.41896785       3.27938446
H        6.41374744       9.81779129      16.59620625
H        8.77926639       9.32131869      15.90742852
H       10.92860381       9.22156629      16.57477678
O        9.39842141       1.34877827      14.64423777
C       11.74927983      16.75554877      12.94961509
C       10.54234844      17.45796249      13.21822583
C       12.94968943      16.99932701      13.67571915
C       10.56034911       0.70951403      14.21833732
C       11.70359376      15.67049663      11.95125726
C       12.93993139       0.29016536      14.66864045
C       11.75920918       1.02429362      14.94203016
H        9.67999443      17.09625167      12.69148163
H       13.84268852      16.44986266      13.43678458
H       12.61296781      15.06878297      11.96925532
H       10.85507101      15.00592280      12.03494868
H       11.70802089      16.24107443      11.02547336
H       13.79827525       0.61477001      15.27606593
H       11.70778093       1.76953145      15.75883910
H        9.46981811       2.19662465      14.97470534
O       15.86392362       9.76561973       3.44478082
C       17.12270472       7.35224165       5.95070848
C       17.02688806       7.97716224       4.75223455
C       16.43203851       7.87559105       6.99295011
C       16.14228191       9.08226541       4.60579252
C        0.14666853       6.01256556       6.06140479
C       15.64481661       9.06050842       6.95078095
C       15.46802893       9.60946071       5.70814670
H       17.60180762       7.64541607       3.94507872
H       16.36376707       7.34735951       7.88853571
H       17.34046825       5.21035558       5.49931266
H        1.16360740       6.03500912       5.59671031
H        0.27121803       5.76519802       7.15857211
H       15.18162792       9.46287219       7.89163520
H       14.93598646      10.47418895       5.55234970
H       16.60728351      10.34249370       3.29423069
O       12.71416357      10.21109338       2.36674351
C       12.07735779      11.31002364       5.92257933
C       12.53190287      11.29704746       4.55114410
C       11.58477548      10.13010083       6.51694530
C       12.42902160      10.14872281       3.74849316
C       12.26231258      12.51643867       6.81867691
C       11.28271125       9.02549052       5.65038684
C       11.80269368       9.00691815       4.32406569
H       12.89224686      12.24231658       4.16026688
H       11.21401162      10.07834201       7.54246273
H       12.58513046      13.46622564       6.35404363
H       11.43089864      12.66465272       7.51956665
H       13.06565427      12.32235252       7.53342234
H       10.63125321       8.20865867       6.09125981
H       11.65819556       8.12001413       3.73772285
H       13.05881231       9.37779322       2.07121408
O        9.12964503       4.21342943      15.66459762
C        5.69058151       3.46760461      16.48356157
C        6.95437868       3.31566449      15.91888610
C        5.30569456       4.71419738      17.03204005
C        7.84012935       4.36437661      16.07357310
C        4.70955012       2.30537459      16.46307762
C        6.19856170       5.72841506      17.18093647
C        7.52902821       5.60471007      16.68683317
H        7.31749754       2.31240604      15.57611614
H        4.23029581       4.84465124      17.32780115
H        4.32153986       2.08963771      15.41213105
H        5.16949804       1.38053128      16.73705189
H        3.79339011       2.37118188      17.03008943
H        5.90895720       6.62479940       0.04057635
H        8.24724985       6.40369752      16.98305620
H        9.68045436       4.96413721      15.85264119
O        6.12740046       1.02869800       2.15031227
C        3.60210200      16.14934774       1.31274220
C        4.12995406      17.46229922       1.55063854
C        4.35660838      15.03198592       1.37213396
C        5.49207930      17.55768024       1.91623025
C        2.17904854      16.01306671       0.99911896
C        5.78375081      15.19463552       1.64014595
C        6.31527454      16.43161290       1.91361264
H        3.41649916       0.56200698       1.52598366
H        3.94478819      14.07610176       1.23847116
H        2.04826119      15.63583481      17.69193276
H        1.76006597      15.25626052       1.66534917
H        1.58200447      16.93020313       1.15319063
H        6.53433958      14.37525561       1.63531081
H        7.38363545      16.51035855       2.06995600
H        7.07011236       0.79053895       2.31618545
O       11.54542074       9.28805925      14.75391802
C       10.30930912      11.00424810      11.71162991
C       11.03859090      10.76311577      12.90687890
C        9.25139611      10.10028427      11.43034824
C       10.80591816       9.62654589      13.71991916
C       10.46973228      12.18966100      10.82361260
C        8.82022646       9.08893530      12.35621802
C        9.56701704       8.87605468      13.52778579
H       11.91613772      11.30452154      13.19256408
H        8.77923551      10.04959572      10.43599198
H       10.35121127      11.86953857       9.76067392
H        9.71946997      12.96937226      11.10757337
H       11.44946489      12.66474009      10.87359377
H        7.85798264       8.66925460      12.21214888
H        9.32239517       8.16371211      14.24812080
H       12.45419523       9.59127646      14.71670535
O       14.86705775       8.50844623       1.35503866
C       14.67766173       8.26113148      15.42387550
C       14.67203698       7.93140282      16.78717373
C       15.03936427       9.57162185      15.03054302
C       15.02873089       8.88053722       0.02190633
C       14.13680000       7.28315860      14.42827636
C       15.41306424      10.52436815      15.95994887
C       15.34240198      10.20848148      17.34649543
H       14.25042820       7.00184428      17.10179512
H       15.11678323       9.71085367      13.98595262
H       13.05286576       7.20914247      14.50079116
H       14.40118158       7.63741524      13.40503685
H       14.64273385       6.34625432      14.73342538
H       15.60750511      11.52345869      15.68402441
H       15.53322803      10.70325941       0.52682927
H       15.28891095       9.08561855       1.97901038
O        8.00774125      12.73192188       7.47852544
C        6.35546238       9.95792681       9.19304669
C        6.82708035      11.26307099       8.96020664
C        6.58358403       8.92314512       8.25457437
C        7.65401155      11.49514196       7.86925984
C        5.37667561       9.62791884      10.35424975
C        7.51978012       9.16721634       7.25181033
C        8.01724517      10.48672402       6.98710455
H        6.49559497      12.10765960       9.52913477
H        6.20392631       7.91859201       8.35263992
H        5.87069343       9.44526672      11.29900657
H        4.61519854      10.51580101      10.40380942
H        4.76575960       8.72990235      10.13174921
H        7.88600812       8.43704146       6.59925271
H        8.68108679      10.69595973       6.10507225
H        8.04804516      13.33975993       8.21076329
O        0.10632825      13.24485708       1.39465778
C        0.01626944      13.40358917      15.36846397
C       17.39139494      13.60221991      16.70309153
C        1.21004894      12.80806905      15.01217398
C        0.54248191      13.09999868       0.06988522
C       16.74932331      13.79520985      14.28702746
C        2.03811208      12.26350341      16.04465645
C        1.72771643      12.38203635      17.44043302
H       16.51929755      14.21443329      16.97834023
H        1.43289213      12.72496694      13.98277595
H       16.33441950      12.92715921      13.74697439
H       15.97422886      14.51124476      14.58197354
H       17.43249677      14.30563518      13.60145542
H        3.04451654      11.93604193      15.87637471
H        2.38645936      11.99663191       0.44871269
H       16.95194041      13.72909354       1.38522770
O        0.05994225      15.60140929      11.63952641
C       16.83659926      13.53117742       8.77145759
C       17.61984385      14.30742982       9.68420343
C       15.41924067      13.62479199       8.76969091
C       16.97486247      15.04468565      10.66516619
C       17.56342691      12.67297625       7.76917947
C       14.75514755      14.42898059       9.73280121
C       15.59221512      15.17818826      10.58586123
H        0.98035843      14.29916349       9.77880877
H       14.93781554      12.83056576       8.20587856
H        0.86958262      12.51916808       8.00023416
H       17.15960632      11.66483579       7.86414712
H       17.47476600      12.93519391       6.74741141
H       13.68336918      14.44236398       9.72526154
H       15.10684248      15.78341048      11.31632658
H       17.46881189      16.10168950      12.35282809
O       13.60086311      12.32469283       1.14544982
C       10.66259611      13.07832072      16.74416623
C       11.41216817      12.60851527       0.13109476
C       11.31670687      13.72718008      15.67005982
C       12.80239903      12.72928794       0.10024683
C        9.14051748      13.04580870      16.84508239
C       12.70581848      13.92149725      15.70622854
C       13.44889968      13.41939798      16.71362000
H       10.86899389      12.07308171       0.94071521
H       10.77658656      13.94768011      14.77695298
H        8.80476467      12.72917113       0.11152427
H        8.78983745      14.02057822      16.58986691
H        8.85712554      12.31708633      16.04071731
H       13.19630445      14.52524323      14.91403133
H       14.52590099      13.54850822      16.84392261
H       13.15063590      11.72750956       1.79885742
O       10.95226792       5.90270358      16.46365214
C       13.77471436       3.92706652      15.10576099
C       12.65326780       4.79910277      15.18463941
C       14.30326783       3.38787799      16.29568838
C       12.05408569       5.10970538      16.42615635
C       14.31311046       3.62321833      13.76194802
C       13.72468193       3.61600084      17.55622984
C       12.60504706       4.45450338      17.58371516
H       12.01839713       5.07931875      14.23805800
H       15.20182319       2.74822265      16.37139287
H       15.34408758       3.45919460      13.83219876
H       13.85938286       2.78802257      13.24723421
H       14.20436761       4.46171299      13.12952403
H       14.20239557       3.06307892       0.65553007
H       12.17581135       4.62175769       0.82806621
H       10.90626432       6.63797703      17.04143569
O        4.38753827      15.41697466       7.63956527
C        1.02325891      16.68007615       7.23095590
C        2.33832056      16.53003117       7.72950504
C        0.69948739      16.27314882       5.90853011
C        3.26873056      15.87325257       6.96401452
C       17.68694200      17.32411213       8.09579723
C        1.75929956      15.75998485       5.12173330
C        3.03946769      15.58571582       5.63170976
H        2.51094241      16.81952656       8.74851006
H       17.42867271      16.27432432       5.48758512
H       17.17467606      16.64365134       8.75225068
H        0.43930387       0.45641480       8.68778253
H       17.05965224       0.09525596       7.33035605
H        1.66190358      15.67250517       4.04823194
H        3.83243954      15.12796632       5.02942761
H        5.13520276      15.08456769       7.10070438
O       12.25846397       2.22194291       2.99637590
C       10.18502715       0.19575107       0.74245825
C       11.27054600       0.59621529       1.57469014
C        9.11043879       1.10531689       0.53369157
C       11.27617261       1.88365816       2.16667188
C       10.15421278      16.52116313       0.08166038
C        9.20657835       2.35125822       1.01641721
C       10.28111990       2.79275662       1.79026893
H       12.10643649      17.67446357       1.74751715
H        8.34211706       0.76288267      17.58911556
H        9.56859344      16.45512679      16.86455331
H       11.23936697      16.19725959      17.58132720
H        9.81745974      15.78076932       0.71066770
H        8.50336133       3.09501142       0.70623635
H       10.33522305       3.79070912       2.01749073
H       12.23377069       3.11964956       3.33803475
O        6.42770264      14.54286507       6.06132142
C        9.62441888      15.64551346       4.40911752
C        8.56634863      14.82166086       4.96573992
C        9.41292194      16.98895850       4.37018150
C        7.38991150      15.38625446       5.50322105
C       10.86611534      14.93390391       3.89864145
C        8.32394118      17.59096798       5.02240255
C        7.28654774      16.78566349       5.61329301
H        8.66480641      13.76289151       4.95151141
H       10.21380073      17.64846341       4.02278434
H       10.76032407      13.82992112       4.19495987
H       11.01968109      14.97266684       2.78994480
H       11.80736465      15.39668520       4.33967479
H        8.25425148       0.95035274       4.98164520
H        6.47929746      17.23258856       6.13719517
H        6.89237380      13.69461172       6.32852557
O        5.20674424      14.97331172      10.41155355
C        5.01447793      12.40688806      13.09913076
C        5.43287734      13.52536964      12.38117208
C        3.79826509      11.79584568      12.71839956
C        4.79368261      13.90693522      11.17403263
C        5.71750819      12.03040254      14.30939866
C        3.07078603      12.24467590      11.60641678
C        3.54169487      13.33830604      10.88411002
H        6.27405012      14.14768507      12.63834463
H        3.57924818      10.89832405      13.30179752
H        6.74105932      12.16876241      14.16534326
H        5.34314201      12.57250371      15.21431440
H        5.49975647      11.00815394      14.61506155
H        2.17652520      11.77029456      11.24725323
H        2.92824003      13.72284613      10.08584000
H        4.70273850      15.14538220       9.60010236
O        6.25488994       1.79212415      11.47549991
C        9.13634830       4.06554265      11.37301104
C        8.30389348       2.97743713      11.67168761
C        8.53908489       5.09445243      10.61131029
C        7.00601516       2.91491585      11.12137643
C       10.49738710       4.13731005      12.12860291
C        7.25835624       5.00779788      10.00958906
C        6.50206633       3.83446734      10.18711146
H        8.77992234       2.21694312      12.20906057
H        9.08458241       6.09057624      10.57102593
H       10.43165828       5.09775338      12.65970870
H       10.50221016       3.34607590      12.85477855
H       11.32087422       4.12087703      11.42016112
H        6.89216374       5.81574945       9.41645371
H        5.58111848       3.81473683       9.62352582
H        6.43654965       1.36577652      12.30720387
O       14.79512133       6.14396675       2.80913537
C        0.20676255       4.56607887       2.01747525
C       16.91953548       5.53738059       2.05064159
C        0.08371423       3.37134556       2.80224499
C       15.77347872       5.24288760       2.77391059
C        1.31551088       4.80490475       1.03095764
C       16.65037092       3.07235237       3.56149894
C       15.64303963       4.07537402       3.57719213
H       16.99921133       6.38931991       1.34181623
H        0.87262315       2.58366841       2.72151445
H        1.65107469       5.83796117       1.14740967
H        2.14579801       4.17942344       1.41256590
H        1.05309352       4.75171974      17.70458708
H       16.42819908       2.15091318       4.02923006
H       14.69407633       3.92018996       4.13338391
H       15.06268441       6.90203764       2.31669626
O       16.38198750       0.06947252      13.29436863
C       17.07405670       0.55307764      16.90971226
C       16.52963519       0.05385497      15.70985305
C        0.44504805       1.44431296      16.80718660
C       16.99564698       0.44585809      14.45046545
C       16.37876916       0.18048276       0.46257171
C        1.00688050       1.67693828      15.56861694
C        0.36073802       1.28705018      14.39126612
H       15.76933880      16.96418546      15.48317362
H        0.97157594       1.90489313       0.00992964
H       16.49440779      16.81732228       0.43908279
H       16.89207419       0.62991080       1.27927317
H       15.34481111       0.37823527       0.36810457
H        1.88865243       2.22855843      15.55705336
H        0.83620120       1.75798689      13.55716502
H       16.48889812       0.64828642      12.53933330
