512
Lattice="17.7128441229 0.0 0.0 0.0 17.7128441229 0.0 0.0 0.0 17.7128441229" Properties=species:S:1:pos:R:3 pbc="T T T"
O       12.39611335       2.64357356       4.91105551
C        9.55567976       3.76586003       6.92720773
C       10.38082942       2.97582183       6.10590368
C        9.98116437       5.09006123       7.28322066
C       11.59238324       3.48630508       5.60757659
C        8.24763921       3.26710334       7.50166539
C       11.24088837       5.47752835       6.82909806
C       12.02516514       4.67312414       5.96046043
H       10.04980042       1.92895565       5.90860064
H        9.34582866       5.70883787       7.90331798
H        8.37325507       2.88999570       8.51668514
H        7.55816522       4.04247950       7.53725911
H        7.71758027       2.48056586       6.88138605
H       11.68199177       6.47118557       7.05453789
H       13.01356750       5.04648128       5.66487135
H       12.95195980       3.26677575       4.34398915
O        9.56706092       3.75637002       2.39811424
C       10.31929816       7.18007493       3.68526319
C       10.52744397       5.96263411       3.02406737
C        9.01424258       7.46296760       4.22971967
C        9.44785491       5.02290246       2.99309138
C       11.28388478       8.34878915       3.79823052
C        8.02261134       6.42844314       4.29091334
C        8.22624307       5.20344699       3.58701439
H       11.42422165       5.69922354       2.52854767
H        8.85594153       8.47238030       4.66538362
H       11.84325335       8.37985006       2.94789563
H       10.92526383       9.29223858       4.06566451
H       11.98135613       8.18728744       4.67034481
H        7.04742029       6.70393807       4.66458631
H        7.49992509       4.34651789       3.71343598
H        8.73233110       3.28221914       2.48452475
O       16.70835082       0.71780126      11.22424522
C       14.47804037       2.12005451       8.67644759
C       15.70410908       1.80862762       9.40242794
C       13.37785302       1.20795629       8.75861773
C       15.64906525       0.76442467      10.32483308
C       14.47279901       3.40335390       7.85403984
C       13.45094809       0.02830381       9.54889298
C       14.62416039      17.56015017      10.34278382
H       16.56897904       2.38282144       9.40815465
H       12.47714516       1.35028299       8.14317888
H       14.54471307       3.32661171       6.76373192
H       13.60453300       4.07974211       8.09605071
H       15.34287795       4.06950556       8.13239622
H       12.74875571      16.95501920       9.54262918
H       14.70733432      16.61754411      10.92757687
H       17.35396141       1.48981813      11.10103891
O        3.51948475       3.61528679      10.51927427
C        2.10668662       3.85549748       7.11577937
C        2.25356626       3.67865264       8.48482233
C        3.31002542       3.98562879       6.38169378
C        3.51534330       3.70845358       9.17398620
C        0.69646725       3.83305960       6.50139627
C        4.53843783       3.93661262       7.06824100
C        4.67995909       3.87683720       8.47550749
H        1.32221809       3.63741728       9.02903287
H        3.18217097       3.93337629       5.34139497
H        0.08500992       3.01037135       6.88894777
H        0.29514552       4.77308261       6.84508838
H        0.56957591       3.89266385       5.42847987
H        5.43653764       4.04430041       6.50241674
H        5.69185410       3.87816793       8.81937720
H        4.32724288       3.32984535      10.95563451
O       10.74258223       8.71718595      10.56113702
C       14.33917569       9.32014539      10.19210458
C       12.97514308       9.54203159      10.21981912
C       14.85183785       8.01711316      10.25686043
C       12.06367819       8.45030432      10.46608060
C       15.31978963      10.47700394      10.25888364
C       13.98086759       6.95956534      10.29128296
C       12.57131959       7.11794361      10.51807496
H       12.62530813      10.52486841      10.37705511
H       15.91854888       7.91944404      10.37510448
H       15.99275205      10.61264815       9.41998679
H       14.94120852      11.45494087      10.52385332
H       15.89442182      10.24858917      11.15822962
H       14.45440851       5.98163940      10.23725967
H       12.01725196       6.26329734      10.56802062
H       10.56585680       9.64161967      10.71139004
O       15.95268912      13.06542161       2.84519240
C       15.80163385      14.90742692       6.03678414
C       16.10669572      13.84120550       5.13002303
C       14.94480495      15.93505026       5.62037210
C       15.49839924      13.89520731       3.84231270
C       16.45527121      14.87206325       7.39661211
C       14.09294941      15.78641680       4.47823490
C       14.43871428      14.73889497       3.56999908
H       16.87681814      13.12361771       5.34518560
H       14.55241569      16.56737369       6.41110652
H       16.01793006      14.13407268       8.08827163
H       17.44363429      14.37275981       7.33006702
H       16.52080514      15.89133447       7.80309940
H       13.36821074      16.60311123       4.28056424
H       14.07632605      14.83282346       2.57472484
H       15.31830627      12.62382729       2.30602373
O        3.02838552      10.22600290       0.67848188
C        3.32049964       7.00944157       2.64683958
C        3.64088706       8.09149783       1.77962326
C        2.04993876       7.04322102       3.21711561
C        2.65554989       9.15340633       1.46235674
C        4.17515295       5.73879268       2.84146559
C        1.19060324       8.13436319       3.07088899
C        1.48478341       9.17074070       2.16427495
H        4.53539338       7.95941551       1.20799923
H        1.82844341       6.31372027       3.98690912
H        3.79580253       5.09352225       3.69266935
H        4.12927021       5.23946038       1.86537889
H        5.26395277       5.97877223       2.94867132
H        0.26273650       8.15263632       3.59416412
H        0.78086671       9.98081540       1.93470289
H        2.70071677      10.97589503       1.12521783
O        0.52299812       9.05766005      11.14841765
C        2.05805337       9.38073024       7.79560207
C        1.29494477       9.65053195       8.90316342
C        2.73969285       8.18867806       7.72206549
C        1.27808470       8.77844707      10.00977811
C        2.21424634      10.33578164       6.69338191
C        2.76047331       7.29988055       8.80507284
C        1.99785854       7.56391422       9.96574748
H        0.73424092      10.59401751       8.98990083
H        3.24264799       7.97353646       6.79149181
H        2.10790728       9.81553340       5.74897213
H        1.40873932      11.07781390       6.76037315
H        3.15264796      10.90948123       6.73048371
H        3.25292987       6.35855828       8.80692735
H        2.14394175       6.93457935      10.84428239
H        0.27204942       9.90060533      11.06064051
O        1.11522599       2.92000943      11.47763535
C       16.67829979       4.92087147      13.64660252
C       17.06190020       3.96955891      12.67959011
C       17.61426843       5.71280948      14.28471982
C        0.69761456       3.86361293      12.37212921
C       15.21503873       5.02994359      14.03840346
C        1.25822132       5.52318374      14.05587269
C        1.70156544       4.65125020      13.05679839
H       16.37250737       3.48746933      12.04474462
H       17.24542358       6.42418988      15.07521423
H       14.64982248       5.79165753      13.49365691
H       14.74485916       3.99016036      14.15762808
H       15.30058609       5.29941564      15.00240245
H        2.07587931       6.15015581      14.52797101
H        2.76355796       4.54870120      12.78406659
H        2.04461330       3.08481140      11.13814569
O        6.60235980       0.18801623      12.18233829
C        3.21819309      16.33804093      12.29910434
C        4.37638274      16.99563670      11.68889556
C        3.28444742      15.61113210      13.57527117
C        5.57387532      17.08874195      12.48755039
C        1.99092466      16.22597251      11.51490222
C        4.46103133      15.69446714      14.29460854
C        5.56442646      16.40301209      13.72527989
H        4.26178149      17.41229161      10.67174602
H        2.43385464      15.06736478      13.96678769
H        2.14572675      15.69536998      10.58654854
H        1.26544583      15.70587172      12.12870893
H        1.53751512      17.20897017      11.29804682
H        4.52322579      15.13692061      15.18723888
H        6.37070718      16.60255767      14.47646765
H        7.33063014       0.07321352      12.78699006
O        2.80022505       9.85437106      15.68995652
C        6.12497921       8.43259280      15.13007378
C        5.15436725       9.30716823      15.64603165
C        5.84262929       7.64535411      13.98560994
C        3.79687874       9.23207976      15.15021201
C        7.51682726       8.45526152      15.68362634
C        4.53042791       7.52736824      13.53884575
C        3.53957227       8.37528972      14.08044756
H        5.38291024       9.92048866      16.47958094
H        6.68942882       6.97355460      13.62529545
H        8.27058586       7.84427249      15.28949523
H        7.93043912       9.46408093      15.41931741
H        7.54853747       8.34086953      16.75001224
H        4.29092780       6.88234149      12.71150294
H        2.54333329       8.35329032      13.70417923
H        2.86440558       9.94192257      16.65607843
O        7.04565345      14.06761033       8.14028235
C        9.60571515      16.43065726       7.14574571
C        8.83094512      15.28661472       7.15908011
C        9.58536391      17.29643420       8.24165748
C        7.94318449      15.05187361       8.23029072
C       10.53782606      16.68101958       5.98487599
C        8.71871093      17.05867918       9.24965449
C        7.88244047      15.91244336       9.33768298
H        8.73936311      14.46935827       6.42656917
H       10.23179073       0.44251179       8.45671027
H       11.14182577      17.61846769       6.17289237
H       11.11617068      15.78021984       5.76205314
H        9.96159383      16.87649975       5.12932492
H        8.81430473      17.62587002      10.15892351
H        7.18821187      15.58278648      10.16429508
H        6.31475376      14.10064834       8.75981200
O       11.95499506      10.12409891      17.29116311
C        8.59505071      10.45204086       1.13310603
C        9.86789207       9.89282639       0.78863641
C        8.29663887      11.72338622       0.64495679
C       10.72017076      10.64549753      17.63330858
C        7.61031855       9.67865489       1.94825772
C        9.11983662      12.48129143      17.44695649
C       10.31713592      11.89351272      17.12998097
H       10.23257011       8.90471656       1.11187784
H        7.29426416      12.22899740       0.76795852
H        7.68093885       9.84418222       2.98810696
H        6.53436116       9.95932703       1.75050794
H        7.56678690       8.62097198       1.81184588
H        8.81362787      13.36790006      16.78976730
H       11.02158170      12.45507578      16.51139040
H       12.29578415      10.51075529      16.42584497
O        8.39506176       0.29334676      14.36098187
C       11.80252518      17.27300079      13.07701824
C       10.48348369      17.06330633      13.54094285
C       12.37171015       0.84542627      12.78865848
C        9.67785342       0.44768421      13.89704107
C       12.73139553      16.12779796      12.80304079
C       11.48251350       1.93490271      13.20631113
C       10.24011415       1.74125111      13.81819666
H       10.09273975      16.02490944      13.57854325
H       13.34877575       1.07083865      12.40875842
H       12.57317219      15.80078444      11.73300542
H       13.68913396      16.43499715      13.04782101
H       12.50964274      15.32339472      13.42206184
H       11.83729940       2.97232908      13.10270604
H        9.72701897       2.62191674      14.20511845
H        8.19917529       1.00244191      15.02847034
O       14.14790606       7.10179163       3.22949938
C       16.02192212       7.93747667       6.29025979
C       15.37624411       7.17488492       5.26728227
C       16.10317412       9.32668649       6.15308678
C       14.77288949       7.86857492       4.22790466
C       16.80663689       7.32923631       7.34587777
C       15.66495751       9.99308864       4.95315468
C       14.94971451       9.20836064       4.00690518
H       15.34935244       6.11327974       5.33545297
H       16.53780471       9.93349880       6.91007400
H       16.92615573       8.05146201       8.12116095
H       16.38922451       6.54698274       7.79244253
H        0.06087490       7.07330529       7.01832235
H       15.65052029      11.04716108       4.80428684
H       14.54870095       9.67763202       3.10605242
H       14.18874699       7.61062109       2.44564699
O       11.38633571      12.10963587       2.54110528
C       12.08383006      11.82998140       6.18538391
C       12.24870241      11.97287264       4.76809466
C       10.80654196      11.74115446       6.77005853
C       11.16232847      12.03186852       3.88778358
C       13.29207614      11.88981301       7.17285331
C        9.73719252      11.92509804       5.82418597
C        9.88184989      11.96117127       4.42059363
H       13.27427864      12.03287109       4.40305656
H       10.63860363      11.75838367       7.83105392
H       14.11130170      11.32151934       6.75668174
H       13.53368633      12.92869757       7.20770152
H       13.23889171      11.46058112       8.17823341
H        8.71846571      12.00989315       6.23277543
H        9.01195138      11.96172372       3.78903927
H       10.68606753      11.73168290       2.09281412
O        7.80089403       2.52946892      15.72429233
C        4.07751808       2.25702549      15.75728673
C        5.45806689       1.90965796      15.72785999
C        3.74052683       3.60624786      16.16247507
C        6.44641595       2.90942773      15.87905425
C        3.10802406       1.20817706      15.34937053
C        4.71971668       4.57885813      16.40806090
C        6.06582641       4.20330599      16.22458160
H        5.84642591       0.91361197      15.62559837
H        2.68877929       3.88789073      16.16776565
H        3.39082685       0.71405731      14.36160803
H        3.10777269       0.39639675      16.13001669
H        2.22763636       1.70621275      15.28687349
H        4.49501898       5.52781947      16.78603529
H        6.86973147       4.89195738      16.45078717
H        8.37039217       3.03921697      16.35930917
O        7.89613938       1.75153614       2.69598792
C        5.45116605       0.82866225       5.32601214
C        6.62664477       0.89026579       4.52047116
C        4.28723876       1.40363797       4.83316052
C        6.67331344       1.58216373       3.33535378
C        5.45748132       0.17085267       6.63329692
C        4.30834651       2.06664320       3.59833318
C        5.46458193       2.13630171       2.81810461
H        7.58961490       0.57539572       4.93365573
H        3.33340288       1.26500992       5.40570645
H        6.20755359      17.13625521       6.67604387
H        5.62765998       0.83755546       7.42863735
H        4.55367827      17.35001046       6.78656015
H        3.39917587       2.58440277       3.22281228
H        5.50746170       2.62296387       1.94073967
H        8.68625818       1.27592144       3.01310005
O       12.82309511      11.25040786      15.00393504
C       10.13399734      12.46145792      12.61802127
C       11.33327631      12.44334543      13.41466539
C        9.48734717      11.20588560      12.45956844
C       11.75087766      11.24844047      14.17306226
C        9.66121716      13.59974886      11.83483393
C        9.85407135      10.05317564      13.11749662
C       10.94872689      10.12085841      14.04090103
H       11.85637283      13.40005626      13.66929915
H        8.63985748      11.04500785      11.72202212
H       10.39801370      14.35819475      11.79577655
H        9.46374592      13.35956723      10.80079145
H        8.78828105      14.09896491      12.28382200
H        9.28591824       9.15422219      13.08075102
H       11.29708139       9.24050650      14.62472010
H       13.66487554      11.61354812      14.71284126
O       13.80611834       8.23239969       0.66635432
C       15.65815433       8.86274565      15.29096071
C       14.59632272       8.71126876      16.14610112
C       16.97337877       8.83549095      15.83489159
C       14.82130457       8.43043373      17.47555298
C       15.45350221       8.99261020      13.83696911
C       17.19693475       8.61332693      17.21045634
C       16.13041734       8.46284556       0.33893754
H       13.52693387       8.71492255      15.90340378
H        0.10116202       8.86069032      15.13328548
H       14.38296805       9.13312576      13.52026745
H       16.06736642       9.90372430      13.66225802
H       15.89407394       8.24372184      13.22191493
H        0.46391425       8.45454441      17.61289510
H       16.43263767       8.29351240       1.33762730
H       13.04006432       8.66225758       0.38479373
O        6.09041597      12.55037883       6.15725872
C        6.97616567       9.29308457       7.67126925
C        6.87610030      10.68100205       7.52900916
C        6.46865923       8.42672367       6.72079111
C        6.24185097      11.17500842       6.36355584
C        7.46918648       8.67199278       8.93610324
C        5.88097668       8.95252652       5.55073350
C        5.76536895      10.29470079       5.33635668
H        7.38459749      11.32841911       8.19734375
H        6.54733324       7.39965169       6.98903758
H        8.11233898       9.38195368       9.44014818
H        6.70831539       8.34509152       9.55743344
H        7.96165477       7.66773031       8.73282613
H        5.41374611       8.19102523       4.84403587
H        5.27604802      10.66958062       4.53591004
H        6.79058712      13.01384313       6.62533506
O        1.09717073      12.24609926       3.22388531
C        2.71383786      13.44395415       0.15603463
C        1.64687641      13.19094460       1.06739099
C        4.08367999      13.40868320       0.57955971
C        2.01336553      12.71356630       2.34651483
C        2.32963095      13.95939657      16.51563291
C        4.37113428      13.03595779       1.93565265
C        3.35340908      12.60869225       2.76763030
H        0.59799569      13.24341184       0.90404454
H        4.83576884      13.65102019      17.57809854
H        2.48370101      15.05039717      16.52109289
H        2.79152891      13.46718679      15.63528378
H        1.21053830      13.84282126      16.52750409
H        5.35701940      13.04032741       2.34989942
H        3.60763169      12.15989875       3.72904152
H        0.16279456      12.37558280       3.10480005
O       15.82100462      14.24219772      13.09509455
C        1.03085379      12.21590995      12.34122738
C       17.59875930      12.68755206      13.04478904
C        1.24724000      12.48812787      11.02390872
C       16.74941908      13.65218949      12.38230884
C        1.99595514      11.30091950      13.05783775
C        0.35941488      13.39590272      10.38863212
C       17.02552419      13.97525927      11.06000867
H       17.45454598      12.28601324      14.04923608
H        2.02491018      12.10658300      10.47712150
H        1.58307609      10.49344644      13.69599169
H        2.59816339      10.82071474      12.37351191
H        2.77035620      11.80124344      13.67237944
H        0.58469908      13.73788300       9.37348132
H       16.31602926      14.60767662      10.56409642
H       16.14806617      15.14430383      13.23346978
O       14.37198457      11.53892751       1.49930747
C       13.28422778      14.21915046      16.84310869
C       13.23931392      13.27203858       0.17616964
C       14.32007646      14.13552382      15.95511508
C       14.33212896      12.38295934       0.40915091
C       12.19909987      15.23404138      16.64514731
C       15.42944043      13.27341077      16.13976648
C       15.44668044      12.39336985      17.21554202
H       12.37458245      13.37631948       0.92751867
H       14.20768033      14.71844977      15.09842996
H       11.27178654      14.91249582      17.17374184
H       12.58881948      16.18568792      17.06519433
H       11.98120762      15.59381834      15.64254342
H       16.10988564      13.18737249      15.34808161
H       16.24565492      11.65268369      17.34837413
H       13.62711162      11.46663003       2.02823300
O        9.25392815       3.83591949      17.54642572
C       11.21051909       5.72707290      15.10314230
C       10.12251158       5.09508566      15.71553457
C       12.36954930       5.95140182      15.89324604
C       10.30548293       4.49161323      16.95826185
C       11.25785617       6.18207693      13.68250190
C       12.54600327       5.34126394      17.11650586
C       11.51627985       4.57868247      17.68923377
H        9.11573264       4.93158685      15.25106759
H       13.24882064       6.39572560      15.49363365
H       10.47306950       6.91689121      13.39369104
H       12.23640532       6.59744596      13.42466401
H       11.30557693       5.38320275      12.97699677
H       13.49873232       5.49036330      17.63071807
H       11.58342289       4.04561483       0.88145008
H        9.33487802       3.88908887       0.83103759
O        3.85510586      13.72986720       7.34108390
C        1.65553427      16.82324612       7.01023129
C        2.60709111      15.88391020       7.55689076
C        1.21037176      16.65780853       5.73114001
C        3.08282911      14.76785174       6.79363889
C        0.97245297       0.00145285       8.07715808
C        1.71520815      15.62136342       4.92676929
C        2.60837015      14.71556345       5.49230205
H        2.68492131      15.86800944       8.60289381
H        0.39519291      17.32771335       5.32351489
H        1.69955900       0.34093374       8.82728985
H        0.60898905       0.99698902       7.69257904
H        0.16237800      17.21693474       8.64873512
H        1.35717656      15.46413544       3.92955789
H        2.89350413      13.90431967       4.77041054
H        4.32602205      13.13955997       6.79197992
O       10.70774165       0.73373884       3.29192772
C       12.34365228       1.43790695       0.12415776
C       12.11495314       1.38773905       1.54812272
C       11.46193010       0.82665798      16.91738510
C       11.04602374       0.70998806       2.03685651
C       13.56975517       2.07293299      17.39414031
C       10.36671647       0.18483559      17.45868166
C       10.21699026       0.10745626       1.13654377
H       12.77392084       1.85511871       2.23794829
H       11.56248482       0.77046334      15.88029830
H       13.89320248       2.82248565       0.48025607
H       14.42311596       1.36420432      17.42120005
H       13.42466168       2.72957776      16.55646667
H        9.68970525      17.38968816      16.72682388
H        9.35547429      17.32374282       1.49209088
H       11.29200999       1.25866170       3.86070403
O        3.73831388      17.48912669       1.58701584
C        6.65869280      15.54334271       2.66891510
C        5.46088196      16.27942899       2.74852852
C        7.35871092      15.38558641       1.42660647
C        4.87539379      16.75786288       1.51649053
C        7.33905033      14.89283035       3.85041453
C        6.80841674      16.00292931       0.27328562
C        5.58693101      16.62446710       0.28393096
H        4.95693258      16.37470306       3.69331244
H        8.32869708      14.95025870       1.59070068
H        7.69532298      15.55329994       4.66836335
H        6.49410705      14.37005351       4.27117784
H        8.09868298      14.08447488       3.56361772
H        7.27795741      15.85973271      17.03024477
H        5.22027308      17.12383334      17.09070350
H        3.52597298      17.60562619       2.50578522
O        4.68097232      13.78221405       9.80025306
C        6.03756354      12.17799246      12.83554462
C        5.74690301      13.17545603      11.89723632
C        5.85456430      10.84354048      12.49867538
C        5.04084015      12.86185841      10.73446881
C        6.70218347      12.53504799      14.17831865
C        5.28706014      10.44934430      11.29989107
C        4.79136721      11.49733731      10.47541053
H        5.99755820      14.19602294      12.06591398
H        6.20187747      10.07710270      13.18506980
H        5.97365103      12.67550203      14.94571534
H        7.42033397      11.73593749      14.34619052
H        7.13655545      13.51019375      14.08751204
H        5.21063152       9.40688708      11.18611812
H        4.25679627      11.17587809       9.55452469
H        4.31710531      13.46761564       8.90923550
O        5.84933228       2.81459996      11.76840797
C        9.23777290       4.12139064      10.90919851
C        8.11344796       3.24417380      11.21794948
C        8.98749352       5.50839880      10.81968746
C        6.83654634       3.72571591      11.48889511
C       10.55943729       3.50083758      10.42129560
C        7.68489041       6.03424199      11.18585889
C        6.64454171       5.15489928      11.49835106
H        8.13107987       2.17096984      11.34014149
H        9.85801283       6.13493612      10.52982305
H       10.45594068       2.47071481      10.12044251
H       10.91957453       3.97190130       9.46402153
H       11.43819160       3.54935837      11.10154137
H        7.55323689       7.06853706      11.25196595
H        5.65689361       5.57542672      11.78034920
H        6.05730636       1.85027452      11.82335953
O       13.96973474       4.34635330       3.42014289
C       17.21331271       3.77094418       1.81412977
C       15.98699781       4.33164740       2.23676575
C       17.55350821       2.49342124       2.44246187
C       15.13972135       3.66020175       3.15728805
C        0.47175202       4.40769872       0.85049699
C       16.62819043       1.74942475       3.20758980
C       15.41641378       2.37489030       3.60509796
H       15.59080602       5.26922275       1.84920530
H        0.76931719       2.01483530       2.22518069
H        1.24998214       4.91338318       1.39148976
H        0.93387710       3.61460715       0.33748790
H        0.00547351       4.99519985       0.11627466
H       16.82706460       0.66697650       3.49404488
H       14.77242945       1.80669914       4.20907480
H       13.99452200       5.30054276       3.39513734
O       16.86409711      16.61059299      13.44379806
C       17.19181404      16.77281646      17.16564759
C       17.13630885      16.26824320      15.83948257
C       17.06248298       0.42725101      17.35611139
C       16.97145410      17.12385733      14.68769949
C       17.41488937      15.91969621       0.71882494
C       16.86198998       1.30423244      16.24177463
C       16.81037661       0.80424860      14.91727612
H       17.33392380      15.21323231      15.57350572
H       17.10838695       0.67263038       0.67937777
H        0.54095798      16.48762453       1.21330401
H       16.45018553      15.78324021       1.17141098
H        0.03530242      15.03493918       0.26737324
H       16.69340522       2.31058528      16.50140925
H       16.62253005       1.41384503      14.04649402
H       16.59513559      17.29456787      12.79389739
