512
Lattice="17.7128441229 0.0 0.0 0.0 17.7128441229 0.0 0.0 0.0 17.7128441229" Properties=species:S:1:pos:R:3 pbc="T T T"
O       13.55423200       3.20514664       4.03522760
C       10.34278267       3.27495729       5.73085109
C       11.61214017       2.77643175       5.27801041
C        9.99065640       4.66717633       5.68034051
C       12.43543223       3.69118667       4.57258697
C        9.34777918       2.36036533       6.38090953
C       10.81665024       5.50014100       4.81290450
C       12.04044072       5.05323328       4.34793074
H       11.93793456       1.76849836       5.41661389
H        9.04123135       4.94137528       5.98845246
H        9.21610941       1.54491273       5.70395585
H        9.64479497       1.90023649       7.29988481
H        8.36851210       2.83346689       6.49211324
H       10.53144715       6.51104160       4.64726774
H       12.64664944       5.75600345       3.80598572
H       14.13699815       3.77025876       3.49043902
O        4.48394937       8.65526872       3.52481369
C        6.49762044       5.42794849       3.33013379
C        5.86844446       6.65364115       2.90235968
C        6.33104268       5.05384621       4.70174489
C        5.10470521       7.43754994       3.84262542
C        7.36506835       4.67436196       2.34584623
C        5.47742477       5.68650771       5.56826310
C        4.81116691       6.88082457       5.11490116
H        6.03213828       7.07597531       1.92366510
H        6.64092192       4.08711043       4.99997044
H        6.75185719       3.82589167       1.87975143
H        7.80458030       5.39086341       1.58932495
H        8.27924894       4.17986743       2.79667331
H        5.15824062       5.32560188       6.52272781
H        4.09509455       7.42031595       5.67954105
H        3.81646151       8.89499009       4.11211610
O       17.28681471       1.62502658      11.10719510
C       15.66974796       4.69207113       9.73110192
C       16.14322184       3.81278775      10.75157882
C       15.81166966       4.40459393       8.31705374
C       16.76181928       2.58709071      10.29590868
C       14.98552635       5.88919384      10.19628243
C       16.42561137       3.22362322       7.86335987
C       16.80442419       2.28810847       8.88415900
H       16.02731999       4.04181786      11.87507514
H       15.52649271       5.13800336       7.59480261
H       15.49648639       6.62287212       9.59464149
H       13.88261490       5.99728286      10.12310815
H       15.19205802       6.16867646      11.23591339
H       16.59475512       3.01398152       6.78649266
H       17.31607587       1.39992032       8.50657326
H        0.48846240       1.72726076      10.99824349
O        4.34660131       2.78791616       9.00711541
C        3.50578166       0.96561268       5.76330851
C        3.34694626       1.63582782       7.01509042
C        4.82848097       0.76817662       5.27421043
C        4.45419251       2.06688257       7.83165017
C        2.33664864       0.13511408       5.16045167
C        5.94886474       1.23641467       6.05524986
C        5.79677738       1.83074355       7.31202561
H        2.41211682       1.78234372       7.50009587
H        4.98514062       0.10091784       4.44031592
H        2.54037347       0.28552307       4.04337979
H        2.35543590      16.74473685       5.34393605
H        1.38357212       0.59569012       5.40783598
H        6.93139096       1.21459926       5.58798672
H        6.70502991       2.28378274       7.70772010
H        5.10225929       2.84541775       9.53260057
O       11.31038742       8.85383614      10.97646831
C       14.32530584      10.99311051      10.97235866
C       12.99134901      10.55034886      10.78901581
C       15.31419026      10.12052937      11.42205751
C       12.58738453       9.25736197      11.12255134
C       14.57299002      12.45226234      10.92543185
C       14.90238220       8.84313791      11.78945787
C       13.56998051       8.37978407      11.77613384
H       12.30264998      11.24851198      10.41050870
H       16.38836871      10.52224152      11.55820961
H       13.73641193      13.02619226      11.41872391
H       15.51740407      12.69064028      11.20462110
H       14.53219818      12.69959185       9.93402133
H       15.79960078       8.25499701      12.08355168
H       13.36969242       7.44283643      12.03708814
H       10.70618954       9.49499178      10.55124671
O       14.52481290      12.16010967       2.91383603
C       14.67687171      15.60710135       4.05931059
C       14.18590940      14.33755547       3.58627979
C       16.02135612      15.72207996       4.25092983
C       15.05122468      13.27364923       3.28419929
C       13.86819734      16.72451078       4.38896937
C       16.89774882      14.68716708       3.86292536
C       16.40464758      13.48068273       3.43362299
H       13.09817021      14.21722869       3.46924492
H       16.45274419      16.57591939       4.63599521
H       13.97663687      17.53705496       3.67232940
H       12.81988481      16.53247563       4.36924577
H       14.06120096      16.97812496       5.48737075
H        0.21682099      14.82854402       3.84895093
H       17.25132611      12.84236220       3.16922030
H       13.67201066      12.34747964       2.47393304
O        1.36073964      10.97247100       4.60079202
C        4.77833122      11.76644678       5.45789778
C        3.53665933      11.10674083       5.37613634
C        4.90514166      13.11089188       5.00322005
C        2.49372426      11.68389577       4.67987395
C        5.94555188      11.00774275       6.10845713
C        3.80318716      13.65374457       4.27001862
C        2.61123046      12.94214953       4.06608441
H        3.45245365      10.18510409       5.92258786
H        5.82171173      13.60909500       5.05798589
H        6.66782199      10.77567404       5.27331707
H        6.49797646      11.65357024       6.75698069
H        5.67815433      10.00816732       6.46200223
H        3.85595209      14.63496057       3.89239055
H        1.79389150      13.40273496       3.63221558
H        0.94250492      10.78989040       3.75595521
O        3.66726758       5.66523812       8.48051899
C        1.04798606       8.00147183       7.33975517
C        2.13412503       7.45651048       8.05413927
C        0.29968951       7.11961316       6.46147027
C        2.61353124       6.12842769       7.74540322
C        0.65838857       9.41952454       7.51615443
C        0.60579160       5.75980415       6.34883995
C        1.78792313       5.23356724       6.94624896
H        2.82001609       7.96210267       8.70588193
H       17.28896539       7.55642304       5.76116546
H        0.18515645       9.80099249       6.55731836
H       17.68543651       9.55950483       8.28503327
H        1.42725093       9.98960202       7.96555242
H        0.05130810       5.23008119       5.67263286
H        1.98137389       4.21700654       6.83809449
H        3.69377491       4.72713296       8.61799708
O        2.40748813       2.69651012      11.11830228
C        1.71195203       6.17624005      11.93232041
C        1.71429728       5.00108024      11.17188125
C        2.44539955       6.22254407      13.10210976
C        2.48998416       3.93565909      11.62537564
C        0.93024593       7.40581371      11.60470344
C        3.14955469       5.15496545      13.60606821
C        3.21461855       3.99647866      12.80572842
H        1.09378906       4.87333513      10.32411661
H        2.51744845       7.22139874      13.67787218
H        1.49548778       8.30205295      11.46219229
H        0.41162841       7.38124491      10.65989745
H        0.18438879       7.50669384      12.39923043
H        3.63392809       5.17872591      14.61535960
H        3.84289284       3.24278672      13.25143325
H        2.89797876       2.57277163      10.34744955
O        7.25189500       0.55660064      12.31600802
C        4.05993631       0.13002505      14.02606141
C        4.97776317       0.45836729      12.99164557
C        4.44886586      17.42632951      15.34779447
C        6.36520821       0.21028307      13.24083275
C        2.53402525       0.21099618      13.91094174
C        5.85525663      17.40190935      15.59900880
C        6.80040265      17.59916069      14.53538855
H        4.56847680       0.89970620      12.03645536
H        3.73390606      17.19343402      16.12874321
H        2.38932632       0.73896041      13.04429258
H        1.98547508      17.06273196      13.67294573
H        2.09518397       0.84154538      14.72979854
H        6.17062504      17.13926780      16.62590871
H        7.88645330      17.43699127      14.68610909
H        8.03994107       0.89440434      12.87134625
O       16.90035499      13.24813215      13.21878129
C        1.65422014      10.66884979      14.19439207
C        0.45091779      11.32453425      13.94818161
C        2.88213017      11.20449898      13.73683731
C        0.37813651      12.60923021      13.42628124
C        1.54835517       9.47994377      15.02120233
C        2.83470194      12.50746046      13.16950745
C        1.58137135      13.21468634      13.04178825
H       17.23494850      10.82565470      14.18642906
H        3.76497452      10.58929335      13.76389853
H        1.26630843       9.71895499      15.98089274
H        0.79442503       8.82931767      14.67924791
H        2.50700392       8.95304141      15.06779923
H        3.74009394      12.83651093      12.65700359
H        1.32223646      14.19361766      12.60103394
H       16.94919031      14.19716069      13.02721048
O       10.09779797      13.40063299      10.62048486
C       12.22465461      14.18887102       7.81410759
C       11.49449900      13.47588066       8.76713938
C       12.17902868      15.57638611       7.71289536
C       10.64298758      14.14897621       9.63345006
C       13.14997285      13.49325472       6.86826032
C       11.21001901      16.30084555       8.51355978
C       10.45561834      15.56147549       9.48698831
H       11.56592988      12.44812595       8.82781307
H       12.71111797      16.05376694       6.93168183
H       13.44699674      12.52882966       7.17331898
H       12.56250805      13.37841964       5.94739211
H       14.04173099      14.12523680       6.61314667
H       10.99844399      17.30446461       8.25794130
H        9.70353651      16.14948482      10.08304140
H        9.47088107      13.87649235      11.24166155
O       10.01328023       9.02054733      17.23181019
C        6.55103401      10.27394961      17.56713722
C        7.88926875       9.97943860       0.19029183
C        6.11794078      10.24898659      16.24069668
C        8.74395491       9.40330091      16.95541498
C        5.60880088      10.78166733       0.95025901
C        7.03471679       9.86629661      15.23309320
C        8.31210334       9.42880487      15.59898304
H        8.17928438      10.12692202       1.20782828
H        5.12245453      10.49077172      15.96456768
H        4.62394551      10.46712938       0.63956956
H        5.78992691      10.30585467       1.90647286
H        5.63490758      11.94907346       0.93595745
H        6.84253710      10.00426252      14.14159571
H        9.02022601       9.29762664      14.77733788
H       10.40563922       8.44160352      16.64733020
O        9.13923492       1.84265939      13.83904348
C       11.88070586      17.10844465      13.56149537
C       10.61403460       0.00891015      13.38170454
C       12.75208603      17.68423063      14.55197333
C       10.25057607       1.16039280      14.07394128
C       12.37050690      15.90630858      12.79663797
C       12.33299048       1.04395312      15.30200324
C       11.13678251       1.67184338      15.10010114
H        9.87698224      17.28447653      12.71700280
H       13.73395497      17.26372831      14.71514135
H       11.89599611      14.99308904      13.15449491
H       12.36702688      15.96911746      11.69265916
H       13.38918982      15.73913272      12.90201955
H       12.91443536       1.41417887      16.16922688
H       10.81989857       2.50157879      15.72551028
H        9.00132466       2.60643676      14.28790016
O       14.95698677       9.67571525       3.88072988
C       13.41325063       8.14552716       6.90712162
C       13.60702342       8.45072590       5.52930850
C       13.98726524       8.88678924       7.91701454
C       14.44415453       9.51715036       5.17511962
C       12.54068793       6.98030035       7.28394120
C       14.77610817       9.99085923       7.54023636
C       15.04073275      10.30387247       6.20260453
H       13.05487832       7.85140734       4.85388489
H       13.82282727       8.70750811       8.96414465
H       12.24968635       6.98654577       8.31135425
H       11.59823425       7.18952436       6.69985638
H       12.92545622       5.95754825       6.97425940
H       15.26940131      10.61074524       8.28469491
H       15.77262139      11.04856455       6.00306313
H       14.79914289      10.58161413       3.57349113
O       11.44748845       9.61067876       1.67959523
C       10.37012427       9.91510469       5.15335293
C       11.08534525      10.06970559       3.96822247
C        9.26859687       9.02364549       5.30162461
C       10.71066285       9.37505329       2.83688001
C       10.94742095      10.56715521       6.42855464
C        8.91827326       8.28732369       4.09618223
C        9.65721811       8.40715493       2.90051299
H       11.90445887      10.75049356       4.01208377
H        8.73168783       8.71523917       6.17403226
H       10.80710575       9.84691736       7.24439478
H       12.02313313      10.81899498       6.23475923
H       10.39227103      11.53214259       6.61995244
H        8.22573397       7.43622884       4.19429494
H        9.42631482       7.74685296       2.04967443
H       10.99368083       9.23152396       0.89968148
O        8.69318651       4.08996795      16.23540301
C        5.11697825       4.22265078      17.14500392
C        6.38261727       3.70579781      16.73527040
C        4.88769935       5.59580561      17.17940354
C        7.41430413       4.58486650      16.50855165
C        3.94688463       3.25448307      17.35367032
C        5.94697524       6.46262187      16.78418506
C        7.24749673       6.01933866      16.56453566
H        6.60466235       2.65116435      16.76111193
H        3.87938670       5.96957818      17.55183640
H        3.87996575       2.72706621      16.35481931
H        4.03306290       2.35711837       0.39983651
H        3.02694325       3.80570570      17.61199147
H        5.78530112       7.49760989      16.71024714
H        8.05845434       6.68585559      16.51675547
H        9.40645702       4.72224693      16.18545021
O        6.88003426      16.95412321       2.12119955
C        3.34100909      16.80397516       1.11669459
C        4.59605762      17.26791329       1.51940907
C        3.22506141      15.38234151       1.02306668
C        5.72686000      16.36280277       1.72746999
C        2.18209225       0.01715323       0.81722571
C        4.33492956      14.52616135       1.16561617
C        5.52800278      15.00684368       1.63207792
H        4.76419009       0.59458083       1.55707486
H        2.26580189      14.95078165       0.70631519
H        2.10915922       0.28353188      17.48583735
H        1.16693554      17.43559553       1.04986719
H        2.23683718       0.86556279       1.48168365
H        4.10821060      13.47961371       1.01611719
H        6.30992636      14.35855478       1.99323326
H        7.57449211      16.36407862       2.45663903
O       10.55780702       7.10984319      12.99429687
C        6.94948840       7.21941494      12.40846343
C        8.27616803       7.64614099      12.58269716
C        6.58572744       5.82906157      12.41397548
C        9.27540166       6.72948753      12.90771877
C        5.79976460       8.22370313      12.15100905
C        7.65618584       4.95874105      12.75696729
C        8.95052588       5.39120391      13.11546577
H        8.52886302       8.63988231      12.37727426
H        5.54142739       5.52070466      12.17635077
H        5.34182149       8.09019054      11.21853069
H        4.99062634       8.16231706      12.88118082
H        6.14290939       9.21882458      12.31015733
H        7.38334086       3.89307427      12.81960205
H        9.72615788       4.62800372      13.39309072
H       10.72401145       7.75449518      12.32243563
O       14.42490546       7.39796577       1.99844723
C       15.66724745       7.29020428      16.20954642
C       15.16850737       6.85471271      17.48446177
C       15.67315671       8.68333075      15.87056764
C       14.82071105       7.81095667       0.74776111
C       16.36962398       6.30756006      15.24442907
C       15.11637866       9.59010423      16.80050003
C       14.72820463       9.17912360       0.44629410
H       15.01359544       5.82846211       0.24258357
H       16.01334415       9.17406579      14.93565975
H       16.56668235       5.35628461      15.73764928
H       15.71225245       6.17285534      14.42480958
H       17.27406007       6.76705402      14.80641347
H       15.02905628      10.61310884      16.49827176
H       14.48647913       9.91679517       1.21831414
H       14.20094941       8.15326683       2.58902738
O        9.55415262      10.80717563      10.15292548
C        5.92803210      10.79153382       9.45192618
C        7.22847512      11.17526186       9.93537449
C        5.77491356       9.53773965       8.90460214
C        8.33063752      10.37009895       9.77666385
C        4.76285210      11.71043377       9.58231225
C        6.89097091       8.63956535       8.71602283
C        8.18241604       9.06116210       9.17611399
H        7.36213789      12.17907094      10.21106318
H        4.85563712       9.21501355       8.48986860
H        4.97815047      12.38687525      10.44672260
H        4.43079621      12.12282188       8.64904773
H        3.89396737      11.19735245       9.98997785
H        6.66243058       7.70977831       8.21923249
H        8.99942018       8.33228207       8.99649245
H        9.52014854      11.66211971      10.40214611
O       17.63514496      10.02882938       2.37295364
C       17.63087175      12.81363268      17.54154325
C       17.19261971      11.86949527       0.86560233
C        1.23175686      12.84336354      17.10348409
C        0.38465539      10.91660998       1.38152159
C       16.51288660      13.56824944      16.81530119
C        2.15085031      11.87149772      17.71268692
C        1.69544740      10.85664543       0.88012245
H       16.06436599      11.72567355       1.10048204
H        1.53307763      13.55831494      16.37948523
H       16.44265944      13.12351755      15.87261310
H       15.64065231      13.37991145      17.40512881
H       16.73943182      14.60185667      16.74656098
H        3.24832757      11.92924793      17.45420724
H        2.47601094      10.14145102       1.27866496
H       16.68119708       9.81809768       2.29798468
O       16.34547134      15.68565833      12.09236768
C       16.63456797      14.52991745       8.59864866
C       16.86530963      14.63432675       9.98058712
C       15.92652089      15.54077004       7.95063281
C       16.30333166      15.63802871      10.75027209
C       17.18692886      13.39853762       7.77370906
C       15.27175553      16.58494382       8.74540681
C       15.36918839      16.53412351      10.10556865
H       17.45387143      13.83193105      10.35760077
H       15.82351788      15.65966373       6.90782810
H       17.22749336      13.58162553       6.75327589
H        0.49072536      13.24068151       8.08132725
H       16.60139053      12.52865740       8.02195761
H       14.69201162      17.34278521       8.25360461
H       15.06753149      17.39062775      10.68392771
H       16.44805760      16.58218002      12.49574152
O       12.18793095      12.15979489       1.40049222
C       12.63972747      11.83565468      15.46606029
C       12.30125324      11.48124974      16.78217207
C       13.12845042      13.16871600      15.21291667
C       12.41109283      12.46798828       0.10722932
C       12.68771407      10.82732040      14.31144553
C       13.33536931      14.12780209      16.27073848
C       12.82813111      13.79677450      17.51936715
H       12.03314711      10.50209993      16.97103816
H       13.27865902      13.40367410      14.22701279
H       13.66483250      10.31229417      14.47797995
H       11.86155558      10.15988407      14.24105584
H       12.60744127      11.18578104      13.27169468
H       13.70497777      15.15590877      16.04886002
H       12.84382439      14.51352618       0.61844236
H       11.95707369      11.20017519       1.42455995
O       10.83972007       6.84356537      15.75137916
C       13.47070813       4.36034159      15.28267932
C       12.66173473       5.46668888      15.03114170
C       13.58909183       3.84025274      16.58719017
C       11.72638800       5.88946194      16.06764292
C       14.33435747       3.72089657      14.21041366
C       12.73967945       4.25922816      17.61093025
C       11.72051054       5.26223629      17.32442533
H       12.77032119       6.07413859      14.16532200
H       14.25180465       2.99094836      16.84118539
H       14.05528392       2.72126179      13.90999060
H       14.42517739       4.32344651      13.30760709
H       15.36808170       3.72904024      14.53738951
H       12.87990056       3.76999047       0.85671514
H       11.02703643       5.53729231       0.42384304
H       10.91940935       7.10559377      14.82762239
O        6.79879441      16.31469678       9.02472579
C        3.16313749      16.27521309       9.70992507
C        4.51934898      16.55282505       9.83231899
C        2.66353392      15.34879897       8.83952027
C        5.49284809      15.98365053       8.94070107
C        2.10636434      16.99030103      10.58173483
C        3.59508696      14.84404558       7.85335821
C        4.95992688      15.21053324       7.85790632
H        4.93707493      17.05938617      10.70787820
H        1.57198963      15.21239646       8.70080443
H        1.18752379      17.29532810      10.12839568
H        1.87811553      16.39335676      11.41025507
H        2.66678207       0.06112341      11.09558350
H        3.25245021      14.18956520       7.15106211
H        5.58445526      14.78221228       7.14633450
H        7.16511109      15.93755535       8.22125465
O       12.51740984       1.44107581       1.86922352
C       10.11309566      17.45131749      17.41801146
C       11.23520216      17.65010403       0.41355450
C        9.04137007       0.65061242      17.48810439
C       11.37841612       1.16870811       1.17498193
C        9.91999706      16.19477792      16.58075789
C        9.06731053       1.72538126       0.66330420
C       10.23655392       2.01315612       1.38278020
H       12.17409873      17.16984997       0.31567924
H        8.17064763       0.42208292      16.87898296
H       10.97217810      15.84448523      16.30946315
H        9.46096270      15.35204541      17.09256853
H        9.43674261      16.49658888      15.65184500
H        8.20020437       2.33174562       0.83166909
H       10.40529678       2.86213221       2.03400833
H       12.61600494       2.39066213       2.05291497
O        8.07437043      14.56907237       7.18145889
C        9.17201091      14.31275538       3.70274279
C        8.79733911      13.98954364       5.00233937
C        9.22676765      15.65542628       3.35105235
C        8.48694142      15.04799976       5.96549170
C        9.53554315      13.28180294       2.69139253
C        8.84119255      16.67735919       4.24929667
C        8.47160009      16.38072074       5.60552953
H        8.60044578      12.99249273       5.22193118
H        9.51021002      15.93907587       2.38729809
H       10.07674355      12.38222303       3.14268565
H        8.56538801      13.01899037       2.14267696
H       10.17159894      13.77171050       1.95945307
H        8.87997249      17.68589487       3.89581682
H        8.10201710      17.13883179       6.26608864
H        8.45016279      13.64685717       7.36096662
O        7.84942656      14.91662124      11.35707532
C        7.73749031      13.50882792      14.70580101
C        8.19038214      13.87390097      13.39484369
C        6.39639329      13.63377174      15.05630508
C        7.31260455      14.54863820      12.56072720
C        8.71149031      13.04795321      15.78810026
C        5.54577150      14.21643749      14.13279237
C        5.98770657      14.72850842      12.91299863
H        9.29003686      13.69879158      13.14098749
H        6.06612341      13.27006359      16.03933441
H        9.63798818      13.65624589      15.80925282
H        8.45067848      13.27452929      16.84141531
H        9.03090355      12.00329409      15.54718719
H        4.48827191      14.40212420      14.40268687
H        5.34155033      15.29767346      12.34929678
H        7.15665938      15.26404419      10.81660713
O        6.72583494       2.50197801      10.24001500
C       10.34136494       3.03451546       9.86102427
C        9.10760513       2.39561770      10.15971647
C       10.34253612       4.35063254       9.47942847
C        7.90921232       3.08572917       9.98105029
C       11.66504730       2.23265798      10.06885506
C        9.10704370       5.07517182       9.26806486
C        7.95747766       4.44769369       9.56959857
H        9.09771093       1.42402130      10.51611350
H       11.32687329       4.73859619       9.27248421
H       11.42489396       1.18371218      10.08267327
H       12.41641738       2.34769516       9.31252338
H       12.15535143       2.38342385      11.03358432
H        9.13083943       6.04030217       9.04553870
H        7.00503998       4.94955484       9.47025811
H        6.65948463       1.74926865      10.86942046
O       15.11427313       4.86030435       2.72553054
C        1.09494234       4.85624143       2.37939747
C       17.46284440       5.30766657       2.41423781
C        1.34818072       3.51212728       2.67133338
C       16.40871880       4.39531903       2.73458815
C        2.22380728       5.85792023       2.24814135
C        0.30043664       2.54779456       2.88675176
C       16.68093405       3.05026472       2.99819056
H       17.23870916       6.38894083       2.24168978
H        2.34908077       3.15767799       2.80081506
H        1.88081194       6.49622505       1.41077756
H        2.34567117       6.29129888       3.29318674
H        3.20815360       5.47949095       1.87221102
H        0.56559543       1.54785557       3.04008829
H       15.95676259       2.27574121       3.22712503
H       15.00558754       5.71930453       2.28535748
O       16.63412585       0.18104576      13.33149121
C       16.53467634       0.82832970      16.91777613
C       16.46343588       0.18911806      15.70637574
C       17.27115284       1.98152633      16.99785544
C       16.81151271       0.81415444      14.49954407
C       16.04676503       0.15880926       0.49251179
C        0.00032251       2.71328786      15.81466257
C       17.36272210       2.09261188      14.58757408
H       16.24196283      16.90672970      15.61707812
H       17.52225821       2.42560896       0.29453237
H       16.48931058      16.87637403       0.59447791
H       16.33923819       0.72824640       1.41959085
H       14.95497116       0.16229159       0.39540815
H        0.52989136       3.70224344      15.86289421
H        0.01084790       2.55514971      13.64860570
H       16.97999355       0.75638871      12.63187979
