512
Lattice="17.7128441229 0.0 0.0 0.0 17.7128441229 0.0 0.0 0.0 17.7128441229" Properties=species:S:1:pos:R:3 pbc="T T T"
O       12.80993869       3.83932275       3.22033070
C       10.66518395       3.69492412       6.21671005
C       11.20221851       3.38502832       4.98785629
C       11.41517957       4.51263028       7.07604534
C       12.37564047       4.01857449       4.46561319
C        9.31792601       3.12190271       6.60303414
C       12.59204631       5.07432339       6.59013587
C       13.14552055       4.80919074       5.33670403
H       10.69145665       2.72176734       4.36446749
H       11.05574159       4.71881234       7.99126345
H        8.87327775       2.55388535       5.75322405
H        9.32777494       2.49261083       7.54991605
H        8.62492415       3.91417418       6.92481842
H       13.18401384       5.66026738       7.31478738
H       14.01728774       5.33749247       5.08734535
H       13.08936509       4.63383400       2.85465854
O        4.85989662       3.41728700       3.53217550
C        7.83049916       5.65825224       3.44814699
C        6.76237948       4.85985358       3.05554661
C        7.87504901       6.01247288       4.81668899
C        5.90729273       4.21351758       3.90835566
C        9.06264929       5.92541668       2.59238893
C        6.95574128       5.46428372       5.80381798
C        6.09547101       4.44912358       5.30777838
H        6.59442715       4.63452178       1.99066447
H        8.82017750       6.47749844       5.21227446
H        9.77701318       5.07388340       2.59570829
H        8.67296022       6.01946648       1.57028834
H        9.51767555       6.91901722       2.78669014
H        6.86583232       5.71617065       6.79333368
H        5.58572728       4.05183903       6.13722597
H        5.09173948       2.87162410       2.78886512
O       17.09897144       0.98793496      11.51822781
C       15.18912244       2.44877221       8.82029620
C       16.31909255       1.98149673       9.54829508
C       13.89151224       2.29504331       9.34557582
C       16.05327160       1.34849085      10.77492011
C       15.39847241       3.10197687       7.49426675
C       13.62526997       1.66824038      10.58760112
C       14.73125217       1.04343803      11.24525689
H       17.27632353       2.07543209       9.07360901
H       13.01089232       2.73546895       8.86572609
H       14.67017990       2.79455787       6.72123195
H       15.29303604       4.23196919       7.57098896
H       16.42477268       2.90103755       7.10748869
H       12.62206929       1.59692738      10.92260856
H       14.68170523       0.48735913      12.15863699
H        0.19682421       1.47163855      11.33702280
O        4.07345268       2.04943503      10.32588966
C        3.63330571       2.05969765       6.72818487
C        3.43831309       2.22107212       8.08594413
C        4.92187152       1.67092005       6.24664581
C        4.48647998       1.97948299       9.00411735
C        2.48420956       2.46507433       5.78160251
C        5.89795757       1.31394844       7.16520175
C        5.67539116       1.43604559       8.54181690
H        2.47620632       2.68591413       8.38309795
H        5.10733870       1.58969993       5.14399657
H        2.15540883       3.46151357       5.94840945
H        2.94204094       2.31295558       4.82139868
H        1.65914365       1.71487833       5.75322947
H        6.88322147       0.97503054       6.85097931
H        6.40176153       1.21631899       9.32602514
H        4.85813294       1.98166230      10.93400230
O       11.59435823       8.48373770       9.88434497
C       14.97703792       9.43210345      11.02708617
C       13.59689339       9.49072445      10.77662343
C       15.66696187       8.16599181      10.96846613
C       12.90228828       8.35244441      10.29754795
C       15.67519472      10.75655493      11.31412918
C       14.89885533       7.01967264      10.72048305
C       13.50475787       7.09227125      10.31339537
H       13.04058563      10.40291682      10.79988318
H       16.72627601       8.04903838      11.08832575
H       16.57522384      10.74536328      10.74459281
H       14.98683980      11.54090477      10.94096821
H       15.93005416      10.79882357      12.36127735
H       15.31655890       6.07135216      10.67447895
H       12.97354003       6.26240829       9.95702954
H       11.28461096       9.39238453       9.88055355
O       15.60980043      12.69956483       1.88004112
C       15.10117890      15.81613566       3.85311281
C       15.01400265      14.87541462       2.75446031
C       15.90876123      15.47917069       4.93215331
C       15.77536952      13.63595955       2.85260761
C       14.35366896      17.12886669       3.80772411
C       16.71745749      14.35590892       4.95264901
C       16.66061085      13.40164644       3.90449509
H       14.32555907      14.94992731       1.94121870
H       16.00565356      16.07196795       5.83369324
H       14.02561019      17.40322334       2.78040838
H       13.44351113      17.05255824       4.51801622
H       14.94173247       0.26256684       3.94803674
H       17.36332349      14.13160809       5.79467757
H       17.31371823      12.54846959       3.92915503
H       14.64245730      12.51655209       1.82329307
O        0.94251714      10.63821872       2.60476721
C        3.46084861       8.29173775       3.82965221
C        2.28054842       8.79976800       3.23429400
C        4.42634754       9.19466812       4.29770973
C        2.06428673      10.19274797       3.20161020
C        3.59267084       6.77203631       3.86728184
C        4.23917961      10.58673522       4.18430159
C        3.01798375      11.08159345       3.68582418
H        1.47760160       8.13182755       2.81299386
H        5.23938934       8.92439473       4.89358434
H        3.27165870       6.24919804       2.97364389
H        4.57893766       6.54018538       4.20287911
H        2.89161577       6.37765817       4.59022538
H        4.87689868      11.39977264       4.53592912
H        2.85349788      12.15943452       3.58802842
H        1.07237186      11.43546963       2.10279993
O        1.66215848       7.07778972      11.21575291
C        3.13558346       7.97302039       8.00058504
C        2.34519142       8.02558055       9.09926217
C        3.96605402       6.79446878       7.85709822
C        2.35696136       6.98557810      10.08356838
C        3.14244742       9.15007742       7.09265638
C        3.80671128       5.65131624       8.71389830
C        3.10163266       5.77622393       9.90585856
H        1.65769267       8.81673657       9.34755308
H        4.54696873       6.59536506       6.95381117
H        2.54414013       9.95864280       7.43357012
H        4.14837384       9.61200122       6.80078085
H        2.70273635       8.82903779       6.23685395
H        4.35918904       4.78406799       8.51561093
H        3.08330315       5.00865534      10.61541708
H        1.91405563       6.40879578      11.84044454
O        1.53152422       2.42305937      11.32666092
C        0.93124724       5.31329230      13.46758975
C        0.69113357       4.26812598      12.53360539
C        2.16299853       5.41002453      14.15339253
C        1.75204103       3.35125380      12.29815923
C       17.47832790       6.23831117      13.77630734
C        3.16740565       4.45509723      13.84183677
C        2.97065731       3.44989737      12.94656667
H       17.43463433       4.12947236      12.08599324
H        2.45502041       6.21337839      14.81353369
H       16.78559297       6.32002420      12.96948025
H       17.07751331       5.69940649      14.58870009
H        0.05897372       7.32145102      14.05346288
H        4.18603197       4.54266235      14.16145403
H        3.75124002       2.77706166      12.76532802
H        2.37441554       2.13493079      11.01437624
O        7.06957116      17.62554591      12.89853049
C        3.53972329      17.32019201      13.68439808
C        4.73968237      17.55102885      13.03430089
C        3.43049275      16.93142986      14.98069324
C        5.97179395      17.38682498      13.65774898
C        2.32523986      17.35874447      12.80330213
C        4.69139855      16.66990072      15.61091905
C        5.92157973      16.97466974      14.95758298
H        4.71396481      17.64646034      11.95778175
H        2.51731258      16.66700893      15.53529491
H        1.70213423      16.47222731      12.89724037
H        1.67880570       0.48948009      13.14673294
H        2.50736949      17.52423046      11.69392884
H        4.74202233      16.17367231      16.58988486
H        6.80362809      16.65548909      15.46729865
H        7.84023597       0.21083164      13.47674435
O        1.06413682      11.53827002      13.10068445
C        2.72171334       9.70875497      15.84439080
C        1.81128368      10.56622509      15.17626661
C        3.46577153       8.83419012      15.02804550
C        1.74853939      10.59367768      13.79355764
C        2.67293976       9.66040840      17.42176564
C        3.53144539       8.92550531      13.64843119
C        2.49782870       9.71974643      13.03823807
H        1.13339054      11.19622947      15.74168214
H        4.13696752       8.07559593      15.45049241
H        3.61572870       9.24447107       0.00895602
H        2.49907502      10.71143720       0.10457376
H        1.84471742       9.07069937      17.60001344
H        4.11988622       8.11881129      13.07849472
H        2.44110415       9.78548838      11.94690481
H        0.50723393      12.25248248      13.54400460
O        8.39710687      14.57030876       9.47313627
C       11.08124666      16.70125844       7.92173124
C       10.28882719      15.57922266       8.37047518
C       10.71455853       0.25699110       8.44399116
C        9.12426219      15.73087290       9.12990610
C       12.26475103      16.64389517       6.94029977
C        9.65825172       0.33027234       9.42979365
C        8.81931746      16.93501279       9.75559917
H       10.56886769      14.62958950       7.91168298
H       11.29281753       1.11519400       8.26710110
H       13.02485317      17.32387110       7.22275248
H       12.55137708      15.58827172       6.95819757
H       11.95500081      16.95207429       5.94402544
H        9.35966539       1.28836656       9.82064383
H        8.05479258      17.06140790      10.46062231
H        7.54474742      14.87888851       9.80728670
O        9.84916439       8.11972389      17.08338195
C        7.70134774      10.02386059       1.78229353
C        8.81369126       9.28639722       1.24981539
C        6.64559065      10.29498283       0.92587837
C        8.76085541       8.81511510      17.63415329
C        7.75307320      10.67066232       3.14442215
C        6.65554939       9.95675331      17.29775681
C        7.68129256       9.20158943      16.82489481
H        9.62792005       9.15590927       1.90338450
H        5.80581348      10.75648628       1.37439758
H        7.27854021      10.01084051       3.86820744
H        8.82013847      10.98191115       3.45332348
H        7.19410606      11.54858390       3.18118066
H        5.83048429      10.21260715      16.60199704
H        7.66530529       9.09098463      15.74251750
H       10.24252910       8.61448814      16.34308701
O        8.99175972       1.32536857      14.28492192
C       11.51592783      16.67221899      13.01776217
C       10.30173128      17.41648312      13.10702079
C       12.63195822      16.92087008      13.84695774
C       10.17160021       0.63981402      14.12854416
C       11.50347175      15.41750861      12.07461407
C       12.44277654       0.13481448      14.89652655
C       11.26555359       0.85773896      15.04266956
H        9.44631048      17.27435529      12.50765931
H       13.54633972      16.29964003      13.91463966
H       10.96459689      14.57023834      12.48399670
H       10.99481684      15.69727936      11.15335410
H       12.56139858      15.14894350      11.87570362
H       13.33620826       0.37977619      15.49108193
H       11.12096078       1.56396362      15.80545655
H        9.01244133       2.00697230      14.90398700
O       16.26716503       9.19962813       3.45535615
C       16.95142418       6.83665678       6.30453705
C       17.04100411       7.51882300       5.03055394
C       15.77102883       7.03934374       7.04725822
C       16.17472350       8.50682584       4.64901681
C        0.48569880       6.16624941       6.86471364
C       14.80037060       7.95265504       6.63859949
C       15.09293647       8.67138154       5.51226886
H        0.14956906       7.31390870       4.39079072
H       15.53742930       6.61923971       8.05104869
H        0.35127199       5.13003441       6.64912037
H        1.30587823       6.44538694       6.24029548
H        0.71913481       6.38183142       7.91115209
H       14.02487999       8.18090197       7.32524201
H       14.36482966       9.43214460       5.23514784
H       17.17954984       9.34668010       3.20640532
O       12.13866300       9.58121779       2.42414830
C       11.46769963      10.63142044       5.88148937
C       11.83136579      10.64018607       4.50552338
C       11.26773809       9.40720674       6.50922437
C       11.87088442       9.47908808       3.76099456
C       11.57248715      11.97959077       6.63252871
C       11.37106408       8.25239403       5.75878800
C       11.72004934       8.21994494       4.38673543
H       11.99129623      11.60856282       4.01043729
H       11.03026952       9.34670832       7.55259917
H       11.44706432      11.76430626       7.68815483
H       12.48888410      12.56966139       6.47140633
H       10.79663693      12.64042958       6.23668339
H       11.30657413       7.31739576       6.37812301
H       11.86403319       7.34989546       3.76933219
H       12.58470845       8.86753156       2.00771737
O        8.46224665       3.69512725      15.35209331
C        5.05366946       3.31040117      16.54474787
C        6.21742376       3.05208231      15.80416850
C        4.84960975       4.59274257      17.12554592
C        7.24367649       4.01162632      15.84963480
C        3.99404725       2.25788411      16.74030554
C        5.82777530       5.59190846      17.17730036
C        7.04080784       5.28192526      16.47255452
H        6.37140411       2.12935999      15.33548635
H        3.92264906       4.70502783       0.01450960
H        3.96080601       1.91467561      15.67196304
H        4.53462717       1.55757432      17.29829500
H        3.07977419       2.68262426      17.12219479
H        5.50363034       6.55940514      17.57299160
H        7.79382291       6.00136990      16.43329096
H        9.06298959       4.42757325      15.45156365
O        6.00101913       1.16362860       2.42663341
C        3.24510576      16.55541763       1.51515661
C        3.99909380       0.03024037       1.81808667
C        3.87838632      15.36702322       1.35638682
C        5.38331620       0.02626125       2.06126107
C        1.79537606      16.86926546       1.09573983
C        5.28400787      15.35811428       1.59475901
C        6.06725803      16.50235767       1.89115031
H        3.39412425       0.92976938       1.91850159
H        3.35890482      14.43592292       1.37481774
H        1.34306767      17.43404152       1.87788426
H        1.69434059      17.33468620       0.15127341
H        1.22289894      15.95756394       1.04237420
H        5.77753165      14.45491764       1.58935079
H        7.09508080      16.48098600       2.08399238
H        6.95673195       0.96084856       2.42487165
O       10.96088542       9.90706000      15.31418505
C        9.72000592      10.95590926      12.08822243
C       10.39963730      10.90398846      13.34375599
C        8.96955080       9.84534656      11.69552296
C       10.37842310       9.75237396      14.08462145
C        9.85950002      12.18397607      11.25992177
C        8.95406458       8.62124021      12.43327733
C        9.63139648       8.56007293      13.65559099
H       11.08190008      11.78005784      13.67581642
H        8.58135280       9.73863884      10.68590065
H        9.29422930      13.07022632      11.47812650
H       10.91532933      12.48661652      11.27971156
H        9.74728926      12.11341533      10.19173571
H        8.59725264       7.76782277      11.85666846
H        9.66148620       7.62253666      14.29009968
H       11.11399185      10.84495388      15.41134379
O       14.59572388       8.63222898       1.48311249
C       14.17379055       8.70529417      15.61311782
C       13.92564686       8.37933640      16.99025738
C       15.10956855       9.71041359      15.30464990
C       14.77580101       9.00698069       0.21952242
C       13.45290805       7.98777431      14.53874324
C       15.88216078      10.36229943      16.26563465
C       15.72785915       9.99626689      17.60340999
H       13.19684966       7.62216106      17.27809062
H       15.20304040      10.03496697      14.30528599
H       12.48896077       7.79367740      14.94446510
H       13.27130576       8.60356532      13.63825410
H       13.74138448       6.97648987      14.14193275
H       16.57174465      11.09953484      15.96261104
H       16.38432327      10.33932761       0.60720421
H       15.16854153       9.10065040       2.09503156
O        8.15946220      12.67273196       7.50224443
C        6.42220219      10.13913422       9.55541061
C        6.94834125      11.35717996       9.14889901
C        6.52186708       8.96933843       8.76742599
C        7.61039613      11.44709221       7.89661030
C        5.74288268      10.07160064      10.83454659
C        7.18066247       9.08527644       7.52641862
C        7.71509199      10.32448494       7.07551326
H        6.74626014      12.24669370       9.68777924
H        6.02551555       8.11460336       9.10454996
H        6.25831403      10.51340361      11.63304410
H        4.74883386      10.60962195      10.66911348
H        5.47665496       9.03076351      11.23331136
H        7.14705489       8.19867097       6.89924700
H        8.00858789      10.42559813       6.02982762
H        8.33777462      13.22047212       8.28124498
O        0.53381271      12.98681636       0.98482413
C       17.40595641      14.12765351      15.29704029
C       17.31441219      13.78687396      16.68638239
C        0.97126880      14.12654455      14.65541415
C        0.74537323      13.48997015      17.43499605
C       16.19789393      14.60746601      14.49663337
C        2.08164231      13.80631787      15.45108799
C        2.00635611      13.55158693      16.86048269
H       16.33262045      13.79128590      17.12766128
H        1.09657959      14.56543744      13.66012198
H       15.57076185      13.74346798      14.41275291
H       15.60184472      15.32631559      15.08206408
H       16.37785261      14.99056594      13.46171801
H        3.05681617      13.88059943      15.02943565
H        2.98337695      13.49865463      17.30515015
H       17.32912957      13.06126727       1.23273562
O        0.12165988      16.02505036      10.94484063
C       17.18058661      13.03670791       8.89764733
C        0.15010714      13.99421186       9.71577308
C       15.81659954      13.18589479       8.66450679
C       17.12150001      15.07086313      10.27894739
C        0.28699982      11.92229927       8.35219538
C       15.06604640      14.25390154       9.16987198
C       15.74124089      15.16068280      10.01566883
H        1.17425408      13.80205835       9.94520412
H       15.23874701      12.52014534       7.99088024
H        1.28186037      12.40433747       8.14969513
H        0.06727187      10.99029648       9.00996344
H       17.63795382      11.74227343       7.35939961
H       13.98541795      14.37820152       8.97158673
H       15.23525050      15.98096726      10.47753137
H       17.31535317      16.84089748      11.15317220
O       13.32463343      11.84977445       1.35935495
C       10.39717691      12.88517848      17.08957752
C       11.21301420      12.22881510       0.37580696
C       11.01624137      13.65812858      16.06986976
C       12.54750412      12.39772697       0.35671897
C        8.90874748      12.76417336      17.18570163
C       12.42524614      13.73391025      16.00580081
C       13.17703884      13.12767229      17.01638448
H       10.82326515      11.51235387       1.16026273
H       10.37945290      13.96970244      15.24084756
H        8.60091693      12.18163563       0.27778707
H        8.30278167      13.63600996      17.20878240
H        8.50233189      12.15639619      16.31483839
H       12.97998082      14.21267828      15.22530393
H       14.23350336      13.19977471      17.00807892
H       12.75604655      11.08117084       1.72889144
O       10.05473780       5.71867185      15.80800386
C       13.42084799       4.24236009      15.09221882
C       12.04990113       4.63915671      14.98347605
C       13.97682184       4.28670117      16.37575370
C       11.31185879       5.15106877      16.02954121
C       14.22310775       3.77965508      13.87893810
C       13.19746017       4.78250472      17.47420716
C       11.86718137       5.26079956      17.30456937
H       11.63954634       4.61657894      14.00864841
H       14.94245125       3.79373873      16.61299840
H       14.10102083       2.71303487      13.58105344
H       14.05695673       4.26415314      12.97048747
H       15.27698175       3.94279925      14.10721595
H       13.72765400       4.68663096       0.69417767
H       11.35336708       5.56811326       0.51633881
H        9.88536173       6.41540913      16.38521824
O        5.24297995      15.05110276       7.63687482
C        1.87969416      16.67767289       7.14968180
C        3.10828787      16.22954900       7.73623479
C        1.60695011      16.28446716       5.82388293
C        4.02923272      15.41344678       7.05629594
C        0.96832362      17.54214100       8.01818414
C        2.49449655      15.48501085       5.10508175
C        3.73019951      15.14310521       5.67639681
H        3.31715575      16.54146649       8.76445207
H        0.66113100      16.52942696       5.36864145
H        0.23817860       0.36547952       7.39713291
H        0.59961951      16.84088654       8.73483571
H        1.45004951       0.52067317       8.62168128
H        2.30992650      15.27093755       4.04877541
H        4.56049165      14.59868264       5.16446297
H        5.90872726      14.78504172       6.99886687
O       12.57483746       1.57231631       2.15555764
C        9.63169144       0.18345921       0.35406349
C       10.88747177       0.20766096       1.06014666
C        8.83788938       1.44485930       0.27262489
C       11.34941913       1.46522150       1.57266571
C        9.20375145      16.50317463      17.53634944
C        9.36266864       2.64109609       0.65030202
C       10.63282613       2.62847502       1.29546957
H       11.52952471      17.06970462       1.11707927
H        7.96970481       1.61275847      17.27929508
H        8.15088604      16.41957782      17.24982761
H        9.80692187      16.07688530      16.61975978
H        9.39828549      15.78993290       0.61498756
H        8.91835482       3.55225435       0.47356538
H       11.05606487       3.54963827       1.67333730
H       12.56843966       2.49032785       2.55172148
O        6.71524275      14.11717615       5.61079026
C        9.85129609      15.42040325       3.98303102
C        8.87014083      14.53282323       4.46836975
C        9.58937163      16.79728732       4.07059845
C        7.65900905      14.95448494       5.04629547
C       11.20803172      14.87868891       3.40675399
C        8.40146256      17.24416688       4.67781701
C        7.47377162      16.32595709       5.23110794
H        9.06401152      13.48520894       4.59380618
H       10.28220324      17.52746260       3.50755628
H       11.58559041      15.65985885       2.71384605
H       11.87854956      14.88191847       4.22897972
H       11.07997332      13.98655568       2.92672497
H        8.20295298       0.58916772       4.63214265
H        6.59202682      16.80901998       5.77798344
H        7.08794452      13.43790364       6.11788641
O        6.10466508      15.43104481      10.40369617
C        5.56675732      13.13102787      13.18557252
C        6.09790466      14.18949240      12.40307110
C        4.32239836      12.61016180      12.87512451
C        5.47116044      14.58912547      11.22272952
C        6.27442019      12.68230792      14.46822444
C        3.66275509      13.07035975      11.72694717
C        4.22256331      14.08766957      10.98272726
H        7.07149799      14.56924892      12.63333777
H        3.87206792      11.92210935      13.61287839
H        5.67900491      11.86859489      14.88167277
H        7.22898190      12.32226507      14.20826317
H        6.34139914      13.56663561      15.15025018
H        2.77333783      12.54540141      11.42037475
H        3.69015717      14.47462299      10.14049753
H        5.80282372      15.24664336       9.50662225
O        6.30003167       2.47245928      11.71446519
C        9.40227052       4.19344703      11.01853940
C        8.49592902       3.23701909      11.50562558
C        9.04862193       5.46732461      10.58203462
C        7.11948889       3.49511647      11.39158221
C       10.88132368       3.89055112      11.02593030
C        7.64270973       5.68130378      10.39354035
C        6.73948414       4.67013439      10.80404086
H        8.83095884       2.27964808      11.82195189
H        9.71706090       6.20394667      10.28178921
H       11.49472417       4.74223446      11.34740911
H       11.10335564       3.16709444      11.84607133
H       11.19426047       3.54761613      10.06884828
H        7.08679578       6.58871298      10.17134097
H        5.67979950       4.76761035      10.70732699
H        6.76624369       1.71058262      12.18455758
O       14.71017331       5.66819760       2.61612616
C        0.57862738       5.69323100       1.51798879
C       16.87711602       5.91000346       1.62442109
C        1.13018840       4.77363103       2.48557651
C       16.07629185       5.38930933       2.61477248
C        1.46823113       6.29153988       0.40518587
C        0.37272864       4.34246696       3.56991325
C       16.72276460       4.67315420       3.60965656
H       16.39820382       6.52011023       0.87929279
H        2.16791506       4.52127534       2.29871870
H        2.40379159       6.90541584       0.74170771
H        1.84298858       5.41243438      17.53944063
H        0.95547957       6.95652204      17.42014504
H        0.80408930       3.70690142       4.25541206
H       16.10209854       4.35301346       4.43761125
H       14.54216899       6.60431239       2.54813040
O       15.94509389       0.11607233      14.23216275
C       16.50533129       1.55416244       0.00232002
C       16.02877302       0.74452851      16.66359666
C       17.40708605       2.66315952      17.40163934
C       16.38386661       0.90513859      15.28344536
C       16.00258454       1.42126847       1.37151777
C        0.10517126       2.82413504      16.02600667
C       17.33849005       1.90487083      15.04567583
H       15.31428778       0.02674958      17.04522907
H        0.10287714       3.31905406       0.45532749
H       15.01928127       1.83615454       1.33011250
H       15.89887325       0.37707122       1.68502517
H       16.57628967       2.19562261       1.91909744
H        0.77451437       3.60563709      15.72111978
H       17.55377006       2.01891646      14.03526025
H       16.42192834       0.45033014      13.43599316
