512
Lattice="17.7128441229 0.0 0.0 0.0 17.7128441229 0.0 0.0 0.0 17.7128441229" Properties=species:S:1:pos:R:3 pbc="T T T"
O       15.23862440       2.70007488       1.73565504
C       13.09571688       2.47509304       4.76938091
C       14.05039834       2.15478810       3.77082363
C       12.60057683       3.83551513       4.85889492
C       14.41486734       3.14693797       2.78919130
C       12.54164315       1.43838360       5.74057064
C       13.18267866       4.81320872       4.00857369
C       14.05532613       4.51385018       2.96411281
H       14.46252097       1.16044947       3.60861103
H       11.84327347       4.16309730       5.57144146
H       11.73566157       1.79726471       6.41185543
H       12.06827713       0.66624514       5.26793609
H       13.27940894       0.92028264       6.41985339
H       12.80224014       5.84420854       4.00131748
H       14.32738563       5.28661290       2.26143323
H       15.61096371       3.49345783       1.28185534
O        7.10607243       7.65651344       2.70910514
C        7.17475030       4.33084516       4.01437375
C        7.42276439       5.41099810       3.21912148
C        6.56547185       4.50230904       5.22060782
C        6.94980328       6.65602019       3.58424585
C        7.53408858       2.95212618       3.54226846
C        6.12458797       5.76722604       5.74571417
C        6.42231828       6.84176351       4.92202491
H        7.98268319       5.54472491       2.34156979
H        6.41277077       3.58158201       5.81095619
H        7.24141435       2.73833427       2.54789187
H        8.56945501       2.72140022       3.70349356
H        6.95618777       2.22332515       4.16021428
H        5.57788616       5.77651773       6.68602703
H        6.12962182       7.93614452       5.26486351
H        6.45084868       8.33796647       2.85780250
O       17.05649468       3.63194741      10.91932653
C       14.27092984       5.53751984       9.44438608
C       15.33044824       4.67619935       9.59835909
C       14.16090396       6.59580204      10.31911581
C       16.16600160       4.66269129      10.71061988
C       13.26398424       5.32599069       8.28241133
C       15.06133319       6.66292336      11.37010322
C       16.04303414       5.67172875      11.56753873
H       15.36948947       3.78685703       8.92028677
H       13.32932635       7.26236999      10.13601742
H       13.13003171       6.17554511       7.58966085
H       13.53344517       4.42735618       7.69376565
H       12.42627566       4.91539534       8.84111581
H       14.88983648       7.44154034      12.07529378
H       16.82488909       5.80108017      12.26415618
H        0.15195549       3.85170736      11.44422444
O        3.50549807       3.20675169       8.57030100
C        1.04373807       2.57123788       5.98495090
C        1.77626026       3.19144444       6.99535447
C        1.54776082       1.42061882       5.31284188
C        2.88790047       2.54259248       7.56411948
C       17.42583136       3.22221575       5.51941370
C        2.71943958       0.81193200       5.84585451
C        3.35306425       1.39202062       6.96832747
H        1.47240273       4.14838419       7.41737552
H        1.07092841       0.90716214       4.50721197
H       17.41946151       4.29905916       5.27474175
H       16.94313707       2.67155910       4.70989675
H       16.81840539       3.12036912       6.43420542
H        3.04342607      17.60190040       5.39945119
H        4.05322146       0.76373867       7.57072282
H        4.24520236       2.75243983       9.04464040
O       10.22473436       9.79216457      12.26936469
C       13.27145407      11.12208984      10.77468162
C       11.89365636      10.82597152      10.95759593
C       14.21367853      10.58570506      11.68604970
C       11.53238772      10.02958441      12.05520601
C       13.74413237      12.04613022       9.70983079
C       13.81443941       9.73781203      12.72553137
C       12.43478008       9.42010553      12.93994963
H       11.17044622      11.23315580      10.25126622
H       15.21641783      10.81970824      11.62255343
H       14.87034922      12.20550165       9.77398807
H       13.39531199      11.93005412       8.68126422
H       13.33840589      13.03629314      10.07019235
H       14.42076382       9.28541458      13.44861132
H       12.07385878       8.91165328      13.81890321
H        9.60906941      10.05409258      11.55192759
O       15.68983573      12.76327739       3.00964728
C       17.20502893      16.14900018       2.95329624
C       16.19762683      15.11942087       2.97361831
C        0.74949069      15.86643941       3.48642678
C       16.61538413      13.76228988       3.16879755
C       16.79670598      17.49286290       2.43411352
C        1.05515945      14.57109260       3.95418429
C        0.21589270      13.50865500       3.59705172
H       15.15871551      15.33352525       2.65565344
H        1.54700964      16.55404783       3.38256448
H       17.55238845       0.25166425       1.76912221
H       15.86035643      17.23712735       1.93318622
H       16.42944794       0.38161276       3.27681810
H        2.11367571      14.34267739       4.32570893
H        0.43536748      12.45342056       3.77782910
H       14.96081175      13.02598374       2.50160304
O        4.58709514       9.31760090       2.74761378
C        6.35514240      11.20472418       5.40301673
C        6.10266266      10.34112008       4.37343017
C        5.24573413      11.74721185       6.10479950
C        4.83172353      10.05402640       3.88280760
C        7.76516935      11.53247333       5.72080249
C        3.92416900      11.49205184       5.60914201
C        3.70147188      10.68047940       4.51168794
H        6.96851054       9.96325983       3.87678209
H        5.46904192      12.50061531       6.88828585
H        7.90693950      12.44166491       6.33069299
H        8.16872206      10.64636232       6.27795693
H        8.36064281      11.81531197       4.83870305
H        3.08050689      11.84628217       6.17912230
H        2.74215862      10.68795587       4.26169767
H        3.73027012       9.48814073       2.39484994
O        2.37826871       5.55554045       9.87759764
C        1.01061145       8.76810659       8.64908821
C        1.21674629       7.67113577       9.50971952
C        1.59190885       8.77562382       7.38104182
C        2.08147434       6.57959020       9.08217414
C        0.23618877       9.94183851       9.17472648
C        2.33305539       7.70631654       6.94397480
C        2.65929281       6.55207972       7.74652494
H        0.72494221       7.63562575      10.45142214
H        1.46627773       9.54242466       6.72133532
H       17.18940730       9.62666325       9.84838437
H        0.87132925      10.52824048       9.78599050
H       17.56961714      10.64297148       8.38908522
H        2.59476954       7.62695542       5.87859765
H        3.15282445       5.69209419       7.28168163
H        2.83022292       4.73600229       9.49919766
O        1.49226255       4.58142383      12.25620210
C        3.20938469       7.06980069      14.45872908
C        2.73437638       6.45594560      13.27260576
C        3.07883992       6.43487433      15.74783444
C        2.05530363       5.18414200      13.35738296
C        3.80651063       8.47352592      14.42957808
C        2.50417218       5.09471258      15.74991789
C        1.95951883       4.54987473      14.60144716
H        2.86247857       7.00934009      12.34494718
H        3.46710137       6.81000454      16.68006390
H        4.23741052       8.62720013      15.44145914
H        4.55596168       8.68803521      13.65778652
H        3.05137082       9.19619894      14.46931969
H        2.47289958       4.46361000      16.58180734
H        1.48022864       3.56660055      14.61343957
H        1.68739468       5.11758946      11.45738881
O        5.88305346       0.33776849      12.17482650
C        3.10709495      16.52758705      14.06622458
C        3.78404779      17.30082464      13.10884443
C        3.84747548      15.74366879      14.94845125
C        5.18928600      17.28490187      13.09332998
C        1.58660619      16.52648762      14.20129573
C        5.23887662      15.80048335      14.97396929
C        5.97585401      16.59509065      14.05875079
H        3.08489076       0.01369664      12.43966184
H        3.41595513      15.09767738      15.61741848
H        1.10656630      16.35491719      13.16979860
H        1.28296511      15.73557865      14.93531288
H        1.24562910      17.54999223      14.49523991
H        5.78551158      15.19192409      15.75385740
H        7.06020709      16.52757845      13.98744630
H        6.76149532       0.45662207      12.50321612
O       15.31344483      14.42126439      12.49006415
C       17.45987145      11.76826169      13.68453300
C       16.40628495      12.70668317      13.58871192
C        0.82267392      11.81756554      12.76523530
C       16.38011666      13.62120110      12.53065907
C       17.46094218      10.64590670      14.68019765
C        0.82181328      12.77822145      11.73589067
C       17.46053899      13.68536103      11.70315903
H       15.57438696      12.69560514      14.30954857
H        1.72725350      11.20516899      12.93043509
H        0.10053653       9.76706080      14.16529799
H        0.31131760      10.79777332      15.60258907
H       16.44721039      10.50147536      14.98327493
H        1.70910960      12.97146733      11.07876601
H       17.49243696      14.42223521      10.89201080
H       15.28284052      14.93816552      11.66076039
O        8.49261090      13.10124514       8.82563908
C       11.48307898      14.63953902       7.20931194
C       10.29939021      13.80822421       7.34320251
C       11.96509081      15.45629923       8.25873871
C        9.58128363      13.91128243       8.53190328
C       12.25986704      14.46049110       5.97488768
C       11.18087998      15.51159086       9.42070723
C        9.94212892      14.79469397       9.57510118
H       10.03658166      13.15434669       6.55346896
H       12.89530401      16.00250219       8.12629760
H       11.69714465      13.77122883       5.31755254
H       12.43189968      15.42078689       5.60005155
H       13.26397916      14.05747001       6.26219321
H       11.58037611      16.16900730      10.14977718
H        9.41082946      14.84808489      10.57489860
H        8.11586917      13.46240519       9.62330286
O        9.53228828       9.38997625       0.97847576
C        8.83091502      12.52209945      16.76935086
C        9.55402931      11.40919840      17.28931580
C        7.48231548      12.74083078      17.22675863
C        8.93234947      10.51013802       0.49415450
C        9.46276021      13.59832936      15.92957108
C        6.87816441      11.87133435       0.47513016
C        7.56669350      10.71369015       0.85520549
H       10.57836737      11.35383724      16.95049264
H        6.86530157      13.56199521      16.74254852
H       10.06153871      14.19369046      16.58307106
H       10.15716464      13.19279568      15.18286805
H        8.73961769      14.20161998      15.29345680
H        5.87154375      11.97531878       0.83180769
H        7.08976682      10.06189321       1.57724786
H        9.84589611       8.75628474       0.32128345
O        8.35180405       0.71371691      13.18901635
C       11.01234005      16.01233767      12.76192102
C        9.68889980      16.52436542      12.88065173
C       12.16179999      16.87772104      12.60887326
C        9.59280528       0.19558064      12.97369790
C       11.27191742      14.46547329      12.72001870
C       11.97149902       0.52742615      12.71772362
C       10.70178015       1.04811952      12.98796968
H        8.80217340      15.92285322      13.06629840
H       13.15867943      16.40088535      12.56007979
H       11.95667611      14.17690641      11.92877848
H       11.63021068      14.02401998      13.68974865
H       10.28683976      13.95488790      12.69056683
H       12.81067202       1.16871257      12.61571398
H       10.59174489       2.08003668      13.24353771
H        8.38394478       1.53635344      13.70009120
O       15.19544943      10.20397186       3.83796918
C       15.94737549       7.81119079       6.48807642
C       15.86840649       8.41926082       5.21834920
C       15.73446191       8.54600112       7.63541442
C       15.28576051       9.68156610       5.08777795
C       16.59281490       6.49209108       6.76821089
C       15.07536793       9.79465840       7.49067379
C       14.83083057      10.38445580       6.25065490
H       16.27085444       7.84583961       4.46592331
H       15.78284912       8.11743233       8.66314669
H       17.36120717       6.38309141       5.93586186
H       17.12247478       6.48379643       7.69919957
H       15.90994422       5.65202450       6.75856773
H       14.71295433      10.15534417       8.41882456
H       14.40915482      11.38329329       6.24373361
H       15.02931800      11.12852352       3.87863795
O       10.72038967      10.04739523       3.35682476
C       10.97115658       8.63523066       6.63385312
C       10.93330764       9.56422187       5.62937212
C       10.71550212       7.29938009       6.36515058
C       10.60354288       9.13639532       4.37728135
C       11.27408660       8.93187373       8.11728107
C       10.28133144       6.82860058       5.12834731
C       10.28007532       7.74876390       4.07787143
H       11.28029569      10.55150007       5.76549147
H       10.86525242       6.59181648       7.19668728
H       10.98763717      10.03071487       8.13698294
H       10.59598616       8.42135004       8.76403438
H       12.28089223       8.79385034       8.48408227
H        9.97732150       5.78950504       4.95988765
H       10.04792559       7.55879195       3.03279966
H       10.25150441       9.89585492       2.55245843
O        9.07859187       3.11187999      15.33456987
C        5.61960183       2.95161216      16.47152884
C        6.75049840       2.68825347      15.71432426
C        5.56794748       4.03930429      17.37181901
C        7.97548075       3.38386796      16.04454629
C        4.37151766       2.20222680      15.96256637
C        6.70498918       4.83591763      17.64570478
C        7.93471859       4.42379909      17.08038614
H        6.80400531       1.96747381      14.88757829
H        4.58588527       4.30925875       0.08690897
H        3.69974371       2.21017377      16.82719100
H        3.84754738       2.53399770      15.01029029
H        4.70115616       1.12333608      15.85922260
H        6.54420546       5.71755759       0.62348206
H        8.83081683       5.10752762      17.35655934
H        9.86816252       3.58236696      15.55973500
O        6.59768456      17.27008791       3.14848830
C        3.66325376      15.94865730       1.46159047
C        4.64086178      16.80928793       1.89829889
C        3.66765670      14.61075722       1.91019116
C        5.61327507      16.38394917       2.81552748
C        2.51591599      16.42990279       0.50517933
C        4.63551161      14.18369325       2.80745286
C        5.65016654      15.07593630       3.17364288
H        4.59870787       0.09064697       1.55016523
H        2.86398567      13.93292367       1.71903442
H        2.21562038      15.51397164      17.63784954
H        1.61688809      17.06813924       0.93082732
H        2.98026026      17.20410065      17.59358281
H        4.78171057      13.22047574       3.19655681
H        6.45476731      14.75836121       3.78863093
H        7.18596844      16.89532475       3.77273463
O        9.08656726       8.11559432      13.91147128
C        7.61523172       4.95350782      12.86652194
C        7.71730756       6.20485147      13.47944654
C        8.64307232       4.31254533      12.23386775
C        8.92148067       6.87287082      13.39050498
C        6.20562769       4.40679326      12.68263694
C        9.94283829       4.96489899      12.21909683
C       10.08499842       6.25275806      12.79887794
H        6.89809585       6.56282419      14.09461304
H        8.58980060       3.31108435      11.70753559
H        5.40167394       4.90436129      13.23852751
H        5.91122439       4.74540012      11.66749717
H        6.18269545       3.20976219      12.69730207
H       10.77924129       4.48461663      11.78913459
H       10.93414359       6.80464328      12.78238446
H        9.59243392       8.72996623      13.32486048
O       17.10507452       9.12411155       2.32481492
C       16.48184467       7.49256140      16.82242095
C       17.15279349       8.15512465       0.15215835
C       15.11452018       7.10948471      16.91765627
C       16.46195169       8.47432519       1.31827527
C       17.21146528       7.31449094      15.51757222
C       14.46154462       7.38285349       0.46283731
C       15.10636823       8.07034788       1.48586289
H        0.44009870       8.43076696       0.04632274
H       14.53649611       6.55345942      16.16276503
H       17.44144795       6.23628715      15.46691128
H       16.74034514       7.71640853      14.63013014
H        0.54621010       7.63641894      15.52969810
H       13.36112539       7.24817639       0.39084310
H       14.63671255       8.26002975       2.39547699
H       16.54466649       9.46759440       3.00059294
O        8.76770601      10.65164574      10.13511732
C        5.23936073       9.97857314       9.83567590
C        6.48571371      10.55303142      10.12773264
C        5.18570715       8.60579948       9.42941969
C        7.68221528       9.92727654      10.00483156
C        3.99376041      10.80988304       9.96248735
C        6.42921510       7.88738036       9.39055059
C        7.65711729       8.57082312       9.68692598
H        6.50642826      11.52266288      10.47807004
H        4.28304162       8.10054486       9.05077754
H        3.55401572      10.86110579       8.98786367
H        3.33122981      10.28535655      10.66575678
H        4.10664637      11.83310323      10.28905860
H        6.39179221       6.82727105       9.06575551
H        8.58836295       7.98371173       9.43668162
H        8.59725898      11.39975926       9.51901613
O        1.91849967       9.25025854       1.94815398
C        1.36538636      12.15981149      17.48278797
C        1.14428199      11.18052420       0.73006116
C        2.51517123      12.16519947      16.65570393
C        2.08791434      10.10352620       0.91631042
C        0.20551968      13.13380631      17.30202086
C        3.47857683      11.20108813      16.85803257
C        3.26142691      10.15698188       0.12443324
H        0.28512534      11.19357962       1.35877071
H        2.62009985      12.90686060      15.87357500
H        0.48026258      13.86976816      16.56825275
H       16.88932649      12.71950088      17.12939128
H       17.67801773      13.69382769       0.55948852
H        4.37080366      11.28417829      16.35340131
H        3.96460235       9.34703501       0.32021908
H        0.97003382       9.23017665       2.11248060
O       15.30193494      16.69698378      10.75752785
C       15.78189445      15.37756847       7.41621569
C       15.45635596      15.46707349       8.76703385
C       15.90694614      16.60955809       6.64596774
C       15.37151564      16.70860779       9.45808476
C       15.90143929      14.01846001       6.75654427
C       15.77871596       0.14575843       7.31871513
C       15.48679200       0.18548243       8.69155971
H       15.36525999      14.57177518       9.41834358
H       16.18611396      16.49752980       5.59862026
H       16.94757272      13.57856796       6.83156467
H       15.39168704      13.13968291       7.12439419
H       15.55160969      14.07762209       5.67499691
H       15.85167984       1.07499726       6.78976681
H       15.44415910       1.15502878       9.21734978
H       15.45890172      17.54783230      11.11691278
O       12.32407956      12.37698734       2.75386290
C       13.25424865      12.10958554      16.89024194
C       12.94954863      11.77683986       0.50348238
C       13.17458092      13.46223254      16.53989490
C       12.59572501      12.74640117       1.41051742
C       13.41626898      10.98448543      15.90803899
C       12.96425121      14.51458433      17.46575269
C       12.65977581      14.13996323       1.10972099
H       12.82798262      10.74198310       0.79454591
H       13.30102534      13.61686899      15.45572897
H       14.46834669      10.78470272      15.67688789
H       12.92093614      10.10587204      16.29055351
H       13.13888573      11.27440279      14.92574460
H       12.90296277      15.52062312      17.13803940
H       12.30969467      14.84796245       1.85854668
H       11.85923269      11.48481286       2.74603701
O       10.25476879       8.11611972      16.26676962
C       12.14438516       5.03116841      16.00758122
C       11.45949834       6.23956597      15.67321298
C       12.11491026       4.55113667      17.36518876
C       10.74780750       6.87391111      16.66808112
C       12.90756101       4.17697444      14.91218644
C       11.35122545       5.23211741       0.64930844
C       10.75074295       6.43085118       0.26729531
H       11.43884735       6.62119718      14.72453024
H       12.65271344       3.75011404       0.02399621
H       12.70023571       4.67326220      13.99106469
H       13.96760990       4.05679239      15.24061840
H       12.53465078       3.10483468      14.85986901
H       11.34666539       4.85604569       1.70845891
H       10.39713218       7.08501346       0.96607081
H        9.85023978       8.18877341      15.38037609
O        5.81966978      16.12892118       9.37869473
C        2.10730908      16.76067198       9.44643171
C        3.54539266      16.97590333       9.56484964
C        1.71633417      15.45779254       9.04181507
C        4.51107660      15.97052522       9.19438637
C        1.19575965       0.18185161       9.75255385
C        2.63412991      14.42765371       8.76405251
C        4.05882978      14.68461573       8.80887592
H        3.82899197       0.19453707      10.06799059
H        0.66940103      15.39355092       8.90165611
H        0.28762470      17.40927077      10.05557258
H        1.52296577       0.74390896      10.66028812
H        0.89615300       0.82517808       8.92081577
H        2.20969583      13.50870875       8.38879893
H        4.70894694      13.82965650       8.56350001
H        6.28691972      15.86863041       8.56455392
O       12.20422551      17.70009023      15.61576374
C        9.13435544      17.55136863      17.59446767
C       10.09280290      17.29210626      16.61388668
C        9.47759901       0.64113431       0.95157142
C       11.35919548       0.12181556      16.61602635
C        7.72422315      17.00339745      17.46895641
C       10.81572477       1.12770505       1.12038640
C       11.76616595       0.84914563       0.08441294
H        9.88825633      16.74151032      15.75709695
H        8.77430007       0.77835557       1.73456886
H        7.90954516      15.93405787      17.33661610
H        7.18766698      17.18369948       0.64045296
H        7.12478762      17.45526997      16.69398512
H       11.15347048       1.70096066       2.01091452
H       12.85879956       1.15397130       0.19803649
H       11.84826092       0.06372456      14.74016885
O        6.81473299      14.86089746       6.92213938
C        9.09643416      16.69165677       4.71128669
C        8.41174095      15.65086828       5.39361938
C        8.86137103       0.30843500       5.04307598
C        7.40724189      15.90399268       6.32633813
C        9.98615428      16.35648117       3.53393526
C        7.85469127       0.53549155       5.98773894
C        7.14778219      17.24867931       6.62295477
H        8.60403207      14.55669385       5.17721080
H        9.16318521       1.06743250       4.39855033
H        9.47240758      16.28741110       2.55497742
H       10.76002835      17.15012194       3.46009273
H       10.51459399      15.40357983       3.61210576
H        7.50579819       1.56479603       6.06951820
H        6.37822106      17.54139528       7.17452008
H        7.45734279      14.18532631       7.01756414
O        7.18440677      14.63160463      11.03046810
C        6.65200793      11.96422344      13.40772358
C        7.33260408      12.82393144      12.49188887
C        5.28764009      12.18393926      13.66942216
C        6.53971295      13.83279068      11.86469288
C        7.31149396      10.70632599      13.93948851
C        4.49607651      13.08367111      13.05041548
C        5.10964053      13.96537503      12.07724759
H        8.42216567      12.69539164      12.19636318
H        4.80287322      11.36361779      14.22325945
H        7.31760288       9.89243431      13.14739314
H        8.35354662      10.86276651      14.19996345
H        6.75314778      10.29518672      14.84085218
H        3.47404583      13.18419898      13.32637848
H        4.43638522      14.69063411      11.68291250
H        6.53158016      15.08243564      10.49287842
O        5.62607911       1.99205295      10.07086904
C        9.03312589       1.90479682       8.90715399
C        7.79298642       1.50396382       9.44648191
C        9.15478927       3.20130000       8.38911982
C        6.73136999       2.40665561       9.42536691
C       10.20819205       0.96795028       8.92064310
C        8.03132045       4.11784786       8.43958308
C        6.79413102       3.68558080       8.94717147
H        7.82940404       0.55353876       9.92463164
H       10.13194685       3.44916780       8.02233184
H        9.89701625       0.09403669       9.46503509
H       10.50171438       0.52596273       7.90192337
H       11.18980919       1.34721922       9.25947418
H        7.97353255       5.11756992       7.98557138
H        6.03685112       4.42722353       9.10099053
H        5.81605057       1.17047202      10.59305862
O       16.86595240       4.69200508       0.79423349
C        2.55055827       5.06325931       2.12477289
C        1.25375582       5.43046156       1.67390010
C        2.83039935       3.71643877       2.39830353
C        0.39381169       4.44431357       1.32056654
C        3.57982250       6.09584135       2.63295333
C        1.91887499       2.69880467       2.15219012
C        0.71209183       3.06405474       1.52797012
H        0.88668048       6.45254320       1.70023642
H        3.81307027       3.58911860       2.93617375
H        4.57434509       5.67364718       2.53181020
H        3.57878759       7.00030530       1.96813482
H        3.24446923       6.49731607       3.61799786
H        2.19679886       1.68825260       2.50701095
H        0.03046847       2.24067660       1.35820185
H       16.71226442       5.56892062       0.38535499
O       15.86667445       1.63601350      11.96209617
C       15.92744138       0.34227648      15.44025883
C       15.74425851       0.44827323      14.04849366
C       16.20437396       1.59701960      16.18653976
C       15.91821157       1.58063646      13.32038172
C       15.62129132      16.75152175      16.16106455
C       16.44150188       2.78705816      15.43225513
C       16.20001088       2.76889316      14.04464241
H       15.40758954      17.31540864      13.46250304
H       16.32550562       1.59763320      17.26415202
H       15.74631123      15.88362258      15.59959665
H       16.12375288      16.82015988      17.14212653
H       14.61551061      16.93528897      16.47131935
H       16.61895932       3.71591149      16.03172202
H       16.30893814       3.79488100      13.61305258
H       16.19992018       2.48357371      11.78802353
