512
Lattice="17.7128441229 0.0 0.0 0.0 17.7128441229 0.0 0.0 0.0 17.7128441229" Properties=species:S:1:pos:R:3 pbc="T T T"
O       14.22519896       4.26857994       2.32557545
C       12.48988160       2.97996648       5.22828328
C       13.03554841       3.08102578       3.96063293
C       12.24152144       4.15505961       5.98868318
C       13.45389901       4.31131497       3.47722920
C       12.16155156       1.62208873       5.87865083
C       12.57888356       5.39351543       5.41876001
C       13.16192553       5.50536459       4.14721767
H       13.22859224       2.13896362       3.43388400
H       11.80701791       4.11059692       6.89700905
H       13.15808764       1.28612265       6.13492050
H       11.52641549       1.76018849       6.82940174
H       11.50427644       1.05427196       5.21773870
H       12.38894353       6.24969710       6.04557690
H       13.49071764       6.46681628       3.71038106
H       14.97052712       4.81462156       2.34408856
O        5.74335125       9.51295605       3.41367054
C        7.94262000       6.53050252       4.16586875
C        7.52111904       7.75387204       3.57263973
C        7.12091398       5.82944290       5.08861025
C        6.33152475       8.41534372       3.91906057
C        9.21985814       5.85979326       3.67229593
C        5.85742281       6.43665427       5.38547225
C        5.50295988       7.67746134       4.86643313
H        7.95756844       8.26334544       2.70770160
H        7.35850272       4.90156911       5.54577250
H        9.45964299       4.85298873       4.04365522
H        9.16814042       5.85751109       2.58153573
H       10.09187932       6.48794030       3.92927582
H        5.18257526       5.94053554       6.10222743
H        4.58594100       8.19593177       5.24111273
H        4.77624180       9.55616178       3.59601378
O       16.86301455       3.97333077      12.40946762
C       14.68295357       3.73731629       9.48996309
C       15.13600916       3.97312771      10.81601905
C       15.54272655       3.23047846       8.48120960
C       16.48549648       3.73899994      11.09850841
C       13.20672861       3.93946402       9.24859997
C       16.86369693       3.01839356       8.81195321
C       17.41172189       3.41072353      10.04184856
H       14.51230741       4.29270371      11.65151710
H       15.14323871       2.92288558       7.47680389
H       12.58393718       3.66721520      10.11794716
H       12.96111573       4.92092229       8.73697134
H       12.85660955       3.16705960       8.58079558
H       17.51623114       2.57838621       8.01541125
H        0.65631425       3.28902660      10.36391288
H        0.02444346       3.75820907      12.58144117
O        4.18423771       2.46901158       8.06521603
C        1.53743455       1.95176910       5.52331771
C        2.23176456       2.47222978       6.70228084
C        2.19289070       0.94121398       4.76575165
C        3.53485310       1.94556358       7.04359501
C        0.21198693       2.46436388       5.15854988
C        3.53178930       0.51285651       5.08381329
C        4.18241653       0.90614995       6.29616309
H        1.79132717       3.29626848       7.32884943
H        1.76405223       0.54780273       3.80839946
H       17.02692918       2.43252002       5.72688333
H        0.31595653       3.55023836       4.93677093
H       17.57399134       1.99887160       4.19888329
H        3.93791137      17.42891043       4.46245826
H        5.23021467       0.63906643       6.49915606
H        4.65709549       1.97610963       8.65368631
O       11.23103934       8.52179438      10.46256728
C       14.12185222      10.73548423      10.37649144
C       12.82492014      10.25919593      10.21079926
C       15.10819315       9.89408849      10.78392538
C       12.48897888       8.99040256      10.53402361
C       14.43362559      12.18177677      10.15827874
C       14.83698503       8.51103443      10.88954109
C       13.51150548       8.02296506      10.74267337
H       12.00051828      10.86295274       9.76218096
H       16.00525966      10.28652412      11.02932284
H       14.90875872      12.58582866      11.03067080
H       15.06530581      12.31890750       9.34715917
H       13.43917361      12.69364132      10.18290558
H       15.62529196       7.81424797      11.11109875
H       13.23477294       6.98156981      10.83187490
H       10.64804275       9.28696624      10.45337731
O       14.85414408      12.28018814       2.35346208
C       14.61712539      15.87924127       3.05313693
C       14.20795766      14.57174240       2.74469850
C       15.92753986      16.12932501       3.53432626
C       15.11899884      13.50663918       2.83707160
C       13.68335173      17.02189358       2.88498379
C       16.82963787      15.04645007       3.68417224
C       16.39926503      13.76731243       3.33826443
H       13.23901364      14.44394927       2.40021734
H       16.28113978      17.05442380       3.79968817
H       12.79872907      16.82744917       2.36876400
H       13.30425910      17.36148694       3.85161765
H       14.17498388       0.13907628       2.25398002
H        0.09792175      15.25689867       4.08433274
H       17.20272484      13.03881762       3.41832374
H       14.05999271      12.33086547       1.80808514
O        3.19262450      10.12180345       3.87916052
C        3.94151124      11.20173860       7.25394491
C        4.13326693      10.71360427       5.96579775
C        2.71330868      11.54299452       7.72924391
C        3.05426320      10.55341743       5.13843323
C        5.20526893      11.39992192       8.06667806
C        1.66585936      11.60679928       6.84741804
C        1.80437151      11.03790207       5.57577583
H        5.09943360      10.47553574       5.52616247
H        2.63492653      11.81952840       8.75926377
H        5.53141637      10.45025938       8.41854981
H        5.92710950      11.75619378       7.37768722
H        5.19207890      12.12887729       8.86996610
H        0.73941239      12.06324720       7.07465884
H        0.91513466      11.00716275       4.93614560
H        2.43391351      10.04156987       3.30508632
O        3.11815109       4.45608875       9.85169587
C        1.80540158       7.86758283       9.27487005
C        2.30525091       6.77140075       9.94432373
C        1.94242388       7.96871213       7.91966368
C        2.75392476       5.63507654       9.24939314
C        1.14701310       9.05639815       9.95629605
C        2.55347789       6.87497665       7.21601850
C        2.92173886       5.68651497       7.89695266
H        2.32109106       6.66504469      11.02283041
H        1.77906447       8.87746264       7.37488909
H        0.76588731       8.72405389      10.87038647
H        1.84374234       9.85894959      10.12535238
H        0.32699761       9.54063880       9.45281571
H        2.74513379       6.85315420       6.18356547
H        3.34017864       4.80712876       7.42544700
H        3.28091425       3.72546711       9.24028971
O        2.45870272       3.22903225      12.64512758
C        2.81113038       6.30473085      14.63215330
C        2.84241517       5.43310547      13.54515531
C        2.20475406       5.91827484      15.88607641
C        2.28646330       4.16260957      13.71008326
C        3.31907459       7.72964212      14.47822008
C        1.57368264       4.64794370      16.06494238
C        1.66579126       3.80207736      14.91188455
H        3.23105736       5.63590534      12.59398352
H        2.22372105       6.63488369      16.68189097
H        2.81589586       8.25681278      15.26979227
H        4.34324038       7.89172909      14.80764613
H        3.13880395       8.22042917      13.49709364
H        1.15092904       4.29749431      17.00580343
H        1.41832565       2.78241237      14.82215413
H        2.90293732       3.60425973      11.90959066
O        6.50472021      17.56958029      13.06645189
C        3.23779904      16.93499382      14.48549466
C        4.19325370      17.42085359      13.61391185
C        3.55645834      16.28874149      15.68398909
C        5.56556625      17.15748067      13.89479311
C        1.80333017      17.33600294      14.21597498
C        4.86919153      16.16425691      16.03048014
C        5.89528057      16.59534168      15.15268230
H        3.88817802       0.40406468      12.83383287
H        2.88940615      15.82401635      16.38838717
H        1.21283373      16.99249124      15.03629522
H        1.77742115       0.72043168      14.21896899
H        1.49124094      16.98805609      13.19980613
H        5.07440716      15.72991266      17.05746851
H        6.99210046      16.47768834      15.47315072
H        7.41813504      17.45251719      13.47643810
O       16.57907887      15.09205270      13.07293671
C        0.95339992      11.95331947      13.07164944
C       17.66852960      12.93319064      13.37779687
C        1.90539203      12.22467250      12.08918929
C       17.58590764      14.19960542      12.84659914
C        0.92879963      10.59251096      13.66906972
C        1.89830734      13.52228551      11.53096075
C        0.88408820      14.42456229      11.84327072
H       16.85699365      12.74713792      14.22589934
H        2.56855931      11.45645561      11.77144926
H        0.40306482       9.90796155      12.94834149
H        1.90839945      10.19595793      13.83586547
H        0.48813796      10.66208081      14.65721030
H        2.62524285      13.83958700      10.74537820
H        0.82496216      15.44177863      11.36067073
H       16.65551506      15.87980636      12.48506185
O        9.07904234      12.62911430       8.66230107
C       12.08031151      13.32624542       6.63130012
C       11.11029163      12.60663997       7.35090150
C       12.16609443      14.72345645       6.58766128
C       10.07652694      13.33460971       7.99070873
C       13.09450925      12.56891503       5.91038439
C       11.19653623      15.44068185       7.25462876
C       10.12277360      14.74967830       7.97887780
H       11.05472302      11.53663093       7.52148115
H       12.91636099      15.16758609       5.91281350
H       14.00595863      13.16500006       5.91365856
H       13.27360196      11.77251290       6.54077082
H       12.81752965      12.22994998       4.99112643
H       11.18283259      16.49507532       7.17120980
H        9.34282455      15.40321879       8.31992675
H        8.64415373      13.21161991       9.37232439
O        9.55701173       9.26248074       0.51277335
C        7.79720526      12.55213113       0.33904237
C        8.82136721      11.56375129       0.49913516
C        6.51094881      12.11761015       0.06860098
C        8.58537055      10.17095460       0.41304335
C        8.13487246      13.91745116       0.65717234
C        6.21341608      10.68122896      17.63031163
C        7.24172254       9.72590633       0.23054146
H        9.82973223      11.95161042       0.65101039
H        5.60623872      12.78799026       0.17102278
H        9.22204152      14.00209826       0.55713618
H        7.64363271      14.63379818       0.07496440
H        7.82687736      14.22166207       1.64590896
H        5.23804945      10.30572369      17.46068751
H        6.95741803       8.64131716       0.10925313
H        9.16312504       8.48007026       0.06902321
O        8.95586169      17.69623101      14.38202934
C       11.77999046      16.56782235      12.33070083
C       10.50006442      16.63892033      12.82888593
C       12.86018171      17.29500481      12.99987776
C       10.18867638      17.37161030      13.94113860
C       12.06372437      15.90487964      10.98216687
C       12.53949385       0.26182043      14.19245301
C       11.20089269       0.30243027      14.61058946
H        9.75531189      15.95323817      12.30362882
H       13.93631187      17.28082375      12.67866621
H       12.90140611      15.28145546      10.94653872
H       11.26947481      15.11284520      10.69039124
H       12.12408792      16.67774040      10.16534208
H       13.29025324       0.72020175      14.83678964
H       10.97276058       0.65288541      15.57427997
H        9.02077247       0.74178878      14.88808301
O       15.89654996       9.73274274       2.87982483
C       16.23703462       7.95315837       6.07060550
C       16.31806008       8.20787152       4.70763199
C       16.01816586       9.08019601       6.92992446
C       16.02121772       9.48268755       4.20455689
C       16.40725000       6.52727143       6.66172626
C       15.90514283      10.38715435       6.41499465
C       15.89939600      10.63538401       5.02708368
H       16.65290626       7.41522389       4.06216730
H       16.06030765       9.03742021       8.00807133
H       15.45984696       6.10696767       6.96489647
H       16.74487458       5.76649908       5.93067184
H       17.03275333       6.62781943       7.51600222
H       15.93266869      11.20568090       7.10526585
H       15.85646038      11.63650848       4.66966033
H       15.54470960      10.63772852       2.82482753
O       11.61714043       9.56873921       2.09813377
C       11.82160250       9.09610631       5.78181379
C       12.19769912       9.20957629       4.37973048
C       10.51602337       9.47020815       6.09850498
C       11.23267712       9.54944326       3.44139478
C       12.84619729       8.65151885       6.87500079
C        9.58055683       9.98850121       5.18571084
C        9.93672786      10.03735135       3.83362079
H       13.24922320       8.99487572       4.10127581
H       10.31304987       9.47472333       7.10239438
H       12.36230838       8.28909949       7.71261310
H       13.49943111       8.00487395       6.35236497
H       13.30888135       9.49414608       7.35173186
H        8.57805231      10.26158161       5.39052098
H        9.32297289      10.40741169       3.05632442
H       10.85083318       9.44244578       1.57181834
O        9.41146654       2.53627597      15.46320176
C        5.85034058       2.83173866      16.48937566
C        7.03229283       2.45200777      15.79492926
C        5.94885384       3.83864492      17.45515321
C        8.23864522       3.00687307      16.04478628
C        4.53086310       2.16690572      16.36837112
C        7.20382957       4.49139223      17.66329285
C        8.29654143       4.05220024      16.97325146
H        6.97760480       1.62981818      15.07065755
H        5.05023079       4.15775740       0.25712576
H        4.29703463       2.10935756      15.32780943
H        4.44683555       1.26574565      16.89115372
H        3.75979833       2.75913153      16.96289410
H        7.19222199       5.24703346       0.67330758
H        9.25624599       4.40639830      17.20052977
H       10.12487825       3.19221789      15.55484723
O        5.79033665      17.13279361       2.07696360
C        2.21020763      16.81519734       1.48841803
C        3.47240668      17.45668521       1.60873289
C        1.96071236      15.48547124       1.92238137
C        4.52521779      16.65612770       2.09832071
C        1.08174181      17.71184747       0.87779572
C        3.02555839      14.71460341       2.47705765
C        4.28266654      15.34506979       2.58211200
H        3.56360954       0.73478452       1.17103932
H        1.11584025      14.89479446       1.77529200
H        0.50209606      17.07032269       0.20133716
H        0.39996423       0.18536553       1.76560740
H        1.29981757       1.01780820       0.43511206
H        2.93107766      13.64698764       2.75375340
H        5.08960542      14.63271482       2.81301714
H        6.29008794      16.97828755       2.87676828
O       10.24560879       6.32971888      11.55479049
C        7.75675800       7.86008921      13.83152119
C        8.81896762       7.73881053      12.93283086
C        6.99480661       6.73261093      14.21551146
C        9.16274701       6.49042203      12.41669119
C        7.31591107       9.22831901      14.42614561
C        7.36219411       5.45137458      13.73691287
C        8.39896192       5.31548338      12.80079806
H        9.35240794       8.62685243      12.67353873
H        6.12648422       6.78161373      14.80758417
H        7.94697247       9.58889683      15.21230250
H        7.26233467      10.00716743      13.63160481
H        6.35551497       9.02075978      14.79852735
H        6.78278328       4.52609220      13.91834573
H        8.58558157       4.36733472      12.34287714
H       10.74666877       7.11328524      11.27719839
O       15.96513274       7.69211407       1.16245997
C       15.86659790       7.53153279      15.14553818
C       15.94875487       7.11491143      16.48978820
C       15.62157230       8.82708138      14.80016420
C       15.82312722       8.06923637      17.51821704
C       15.92537405       6.50547062      13.99065524
C       15.32093751       9.76342259      15.84371378
C       15.45310748       9.39778321      17.18688814
H       16.34614892       6.17442297      16.84042561
H       15.68845032       9.27386122      13.78369235
H       16.85703605       6.03693156      14.10393393
H       15.10238600       5.74925443      13.93651730
H       15.78941984       7.13253929      13.08516564
H       15.02382106      10.76011066      15.59214416
H       15.17780178      10.15061425       0.23151645
H       16.04279866       8.45520937       1.76998649
O        9.21876491       9.93653930       9.49886324
C        5.85663558       9.00354810      10.75625917
C        7.01466866       9.79102166      10.44998911
C        5.82334268       7.63375696      10.43967211
C        8.13617409       9.17746800       9.82688481
C        4.68095009       9.61248341      11.46627189
C        6.93155262       7.03184881       9.80433993
C        8.05603655       7.79711559       9.56456123
H        6.97252526      10.85731491      10.50281107
H        5.08939995       6.96105117      10.77128875
H        4.73556180       9.78050962      12.49985900
H        4.50414003      10.55510301      10.93260405
H        3.90879210       8.91500328      11.31238764
H        6.92273821       5.96078637       9.60605779
H        8.91840266       7.31973974       9.08836577
H        9.02566152      10.83903746       9.21137567
O        1.23318296       9.76190292       2.07712117
C        0.52111987      12.50645901      17.46122204
C        0.35247007      11.50632276       0.70410624
C        1.83337698      12.76994899      16.91816286
C        1.43544399      10.72676683       1.06606314
C       17.07058385      13.44813404      17.14450464
C        2.83938725      11.94703196      17.18035348
C        2.70413566      10.93186869       0.46672890
H       17.11690764      11.52358219       1.18864854
H        1.99083337      13.67158781      16.28000318
H       17.32340930      14.22522633      16.40916863
H       16.28933880      12.92511773      16.68324611
H       16.70151999      13.91168457       0.32215483
H        3.90859369      12.09798453      16.89544218
H        3.53370626      10.28815553       0.74344903
H        0.36064052       9.43456300       2.25009786
O       16.60735339      17.40716519      11.68857176
C       15.94338988      16.21440775       8.23583072
C       16.56885303      16.39744396       9.50255902
C       14.73072968      16.85168322       7.98461852
C       16.04146588      17.20485841      10.46198082
C       16.44083308      15.22716094       7.10243162
C       14.20967045       0.03837526       8.94605427
C       14.80768451       0.18325284      10.19516013
H       17.56006454      15.94673350       9.72111654
H       14.18007212      16.66984857       7.05380855
H       17.34656588      14.61215916       7.28938785
H       15.62774002      14.52457537       6.84956897
H       16.59584647      15.80961930       6.22132406
H       13.16094984       0.47894884       8.79193740
H       14.48584597       0.95426901      10.90266684
H       16.43783203       0.48440624      12.18505715
O       12.32416252      11.94079495       1.16638872
C       11.82795363      11.21830832      15.20757366
C       11.73259836      11.16858497      16.64425920
C       12.37549206      12.41114286      14.69590640
C       12.16920568      12.14094912      17.52129264
C       11.61116842      10.03553323      14.23936939
C       12.77103443      13.43368328      15.59829317
C       12.59791522      13.32873448      16.96356651
H       11.48964425      10.23819780      17.09665466
H       12.56232747      12.55865186      13.61776698
H       12.08458096      10.19356481      13.27258476
H       11.93531125       9.02876589      14.58835398
H       10.55283991      10.06334241      14.08738548
H       13.19556386      14.33515926      15.13174575
H       12.83449833      14.07543008      17.67799675
H       12.25817790      11.07130651       1.55814360
O        9.47543686       7.07552741      16.26491539
C       12.33824055       4.83220344      15.66348474
C       11.19097707       5.61059134      15.43726983
C       13.12437970       4.99814891      16.84877872
C       10.74565592       6.48656910      16.42651937
C       12.80791862       3.80357060      14.58163556
C       12.66194025       5.88388489       0.17802905
C       11.45912651       6.57175575      17.66256975
H       10.60686448       5.28861162      14.56162883
H       14.01961454       4.51233939      17.07183893
H       13.10476480       4.47917479      13.72530318
H       13.63959674       3.23343367      14.81410109
H       12.13340810       3.04314692      14.27530979
H       13.17488082       6.04546672       1.16041427
H       11.10210832       7.06232691       0.82886268
H        9.08863788       6.86076179      15.43809668
O        5.56463720      14.33635825       8.05714702
C        3.02707141      16.94155189       9.10298270
C        4.10554669      15.96387253       9.14988192
C        2.02979773      16.63278932       8.08213318
C        4.35734941      15.06443401       8.05821087
C        2.82898736       0.24671454      10.19007085
C        2.17700367      15.60081460       7.14508551
C        3.36209558      14.83982446       7.08122100
H        4.73426544      16.11002406       9.95211445
H        1.07095352      17.10901783       8.07671376
H        2.00713545      17.55090213      10.80093064
H        3.72539515       0.44962567      10.67210686
H        2.38298060       1.21767412       9.81928263
H        1.49933324      15.38350214       6.36692505
H        3.62176772      14.07641853       6.33179644
H        5.78480304      14.11692766       7.12060070
O       12.77567379       2.31143408       0.58359400
C        9.58586034       0.54855497       0.84270996
C       10.95344647       0.85059306       0.56624741
C        8.84016358       1.42926656       1.60226757
C       11.51223822       2.04837602       0.93911215
C        8.84938831      17.07904588       0.28308557
C        9.44074913       2.56547504       2.08184676
C       10.79009825       2.90509215       1.74744413
H       11.43523392       0.14905958      17.66193715
H        7.80470180       1.18631880       1.88008262
H        9.49766047      16.47429616      17.35695162
H        8.31150376      16.53225215       1.05392300
H        8.06204872      17.40799472      17.31496588
H        8.75762859       3.23457874       2.56655838
H       11.11608696       3.77155294       2.15809137
H       13.12167974       3.03526015       1.14407852
O        6.22083524      13.67982208       5.38867398
C        9.31020493      15.06378288       4.01632755
C        8.44672721      14.05756688       4.51659959
C        9.01952072      16.37406719       4.23539658
C        7.17406280      14.53482113       4.98182796
C       10.66003455      14.71713958       3.52068590
C        7.78683236      16.76925687       4.84266668
C        6.84217662      15.82726547       5.30624663
H        8.67098498      12.98289058       4.48890061
H        9.81124680      17.13638355       4.09598448
H       11.49457819      15.40549952       3.81491835
H       11.05094883      13.67810872       3.71052067
H       10.67757677      14.76763159       2.46456821
H        7.56805431       0.04647166       5.17286024
H        6.03054711      16.20557664       5.91253649
H        6.39233181      12.80278545       5.24697876
O        7.26812136      14.21421688      10.01989376
C        7.71152753      13.51660843      13.58581739
C        7.94605551      13.80079723      12.21762163
C        6.41202456      13.43046180      13.99652481
C        6.92507297      13.92341537      11.34044877
C        8.86891134      13.34443999      14.50414897
C        5.32828946      13.61767649      13.09518639
C        5.56468430      13.89569996      11.75323382
H        8.95858002      13.86347963      11.81756612
H        6.36314926      13.24457356      15.08825082
H        9.59536511      14.17651184      14.32767745
H        8.58824089      13.62916871      15.58569019
H        9.37007427      12.34185586      14.52346835
H        4.30323301      13.77401467      13.34161935
H        4.74988243      14.23812845      11.10851455
H        6.55224120      14.42960306       9.38383290
O        6.30977464       0.80074624       9.70623546
C        9.37822983       2.44679954      10.73811042
C        8.26724016       1.53618055      10.69536897
C        9.58225226       3.32497819       9.61539899
C        7.38727880       1.63488938       9.61448305
C       10.27807038       2.35061321      11.96945102
C        8.67034780       3.45446787       8.56977919
C        7.58217343       2.53880383       8.52019962
H        8.01242988       0.95691953      11.51576516
H       10.36941519       4.02900607       9.77244848
H       10.84239248       3.29901822      11.93848507
H        9.73283244       2.32911577      12.88370340
H       10.85816461       1.46932067      11.70432253
H        8.89428296       4.25314476       7.78679688
H        7.01531416       2.55565126       7.66444185
H        6.35300671       0.37307561      10.59406584
O       16.83862763       5.20744735       1.90798469
C        2.75426143       5.73466450       2.13003860
C        1.37210026       6.04268758       1.96628261
C        3.21569769       4.40827643       2.35248370
C        0.44446732       4.97889760       1.99841518
C        3.66394379       6.90613670       2.08528169
C        2.20075377       3.40943212       2.28852450
C        0.85167991       3.66509244       2.04926516
H        1.09412893       7.10079597       1.79264286
H        4.23040879       4.22064551       2.45528944
H        3.61343970       7.48625196       1.14057719
H        3.28661756       7.64599721       2.83112780
H        4.67766012       6.69688271       2.40703923
H        2.64550838       2.43263483       2.44203829
H        0.14699986       2.88486607       2.10126207
H       16.70384947       6.12939143       1.72822488
O       16.14302088       1.74866181      13.60445494
C       15.50844647       0.33834039      16.81006059
C       15.79540031       0.47783734      15.44068812
C       15.88396274       1.41188234      17.67694981
C       16.25291255       1.68963840      14.93069313
C       15.03470348      16.73809029      17.34182861
C       16.35996724       2.66472376      17.13745433
C       16.51296762       2.81167323      15.70268010
H       15.78142253      17.32298852      14.78376991
H       15.70676232       1.31587129       1.02231886
H       15.50375765      15.97335432      16.79077963
H       15.45830216      16.66480706       0.56504544
H       13.93585495      16.63193244      17.24405198
H       16.47469791       3.56589964       0.00634317
H       16.66704921       3.73229484      15.24987679
H       16.02420147       2.65451737      13.21954738
