512
Lattice="17.7128441229 0.0 0.0 0.0 17.7128441229 0.0 0.0 0.0 17.7128441229" Properties=species:S:1:pos:R:3 pbc="T T T"
O       13.13050726       2.94328975       2.66759617
C       10.26758810       2.32603121       5.03072981
C       11.07159013       2.29721134       3.82810342
C       10.55012941       3.24085322       6.02948288
C       12.24861135       3.07399928       3.73481760
C        9.08095638       1.42429464       5.06178004
C       11.63487368       4.13725815       5.83064997
C       12.49985824       3.99914506       4.77109719
H       10.82696756       1.70832271       2.92693539
H        9.89424643       3.15743273       6.84916227
H        9.46828516       0.46205632       5.51475309
H        8.27570006       1.77114716       5.75933211
H        8.75368405       1.30611479       4.08595926
H       11.79944863       4.88448994       6.60112241
H       13.36652195       4.57069087       4.75337866
H       13.77250837       3.64354827       2.46106294
O        5.05645479       2.91150028       3.54719892
C        8.11112627       4.98571453       3.28310591
C        7.06546913       4.16144555       2.87264914
C        8.15938392       5.46372325       4.54600643
C        6.09876094       3.72685522       3.85941007
C        9.07928479       5.38366112       2.18676525
C        7.22815816       5.02696226       5.59295890
C        6.28215298       4.06599189       5.20303737
H        7.01141244       3.81545593       1.85457137
H        8.90560653       6.25513108       4.82996883
H        9.57786992       6.31853086       2.52407045
H        9.66798378       4.53318562       1.82952952
H        8.44416220       5.75843695       1.37079778
H        7.23394638       5.23667810       6.67885748
H        5.51131041       3.73174712       5.87287839
H        5.41154086       2.25381054       2.99093294
O       16.94999961       2.21696419      11.28401764
C       14.69483851       2.22670720       8.29813388
C       15.84828430       2.38575400       9.07426216
C       13.49426847       1.75561491       8.82745199
C       15.84124947       2.03085965      10.44121386
C       14.78982340       2.56473534       6.81633833
C       13.50555010       1.34208012      10.15502871
C       14.64659151       1.46383479      10.99244820
H       16.83513063       2.62489097       8.62954382
H       12.55319047       1.83620949       8.25893673
H       15.71847925       2.25542637       6.25606199
H       13.97942755       2.15841971       6.23951991
H       14.87120827       3.63659891       6.76058146
H       12.59192214       0.91392007      10.50647375
H       14.63575910       1.22889672      12.04039157
H       17.61509310       2.75309798      10.83236790
O        4.38634715       2.28532350      10.18098649
C        4.05474192       1.56952021       6.64639397
C        3.76987053       2.03543325       7.93658265
C        5.31980240       1.01495193       6.40340663
C        4.75563645       2.05790380       8.93115911
C        2.94574847       1.68117169       5.48249888
C        6.33158998       0.94753584       7.41959473
C        6.06419448       1.45674529       8.69561591
H        2.75756299       2.42570097       8.08383825
H        5.52128259       0.57129557       5.46384479
H        3.07680149       2.66116192       5.06958394
H        3.06987789       0.80251267       4.79460206
H        1.89221243       1.63216821       5.83961192
H        7.33439925       0.49161669       7.29943245
H        6.78707960       1.28913224       9.42746637
H        5.16697904       2.41801621      10.71537071
O       10.90867668       8.76343191       9.73209915
C       13.77764311      10.91987491      10.58299904
C       12.47493053      10.47027115      10.34623657
C       14.75274805       9.96045577      10.37398655
C       12.18213185       9.12867670       9.96641429
C       14.11698790      12.25057462      11.25326866
C       14.50153882       8.69795822       9.86559241
C       13.16936730       8.18993376       9.77553075
H       11.67342153      11.18977618      10.60436426
H       15.79661773      10.43309305      10.50751225
H       13.43545108      13.05882172      11.10609866
H       14.19197850      12.24718934      12.26458964
H       15.06934222      12.67032302      10.95315752
H       15.30902774       8.05968274       9.58139799
H       13.07822494       7.18548139       9.48459107
H       10.47673082       9.60495028       9.48577459
O       14.80365888      13.27300022       2.67363197
C       14.27967970      16.51324492       4.24672348
C       14.16289457      15.43042096       3.30391764
C       15.14147585      16.49987467       5.38101672
C       14.87951564      14.27130044       3.58018228
C       13.58168114       0.04138525       4.05438537
C       16.03443719      15.42586955       5.44656991
C       15.77398449      14.22860640       4.65646752
H       13.45917414      15.45087112       2.47457450
H       15.13975008      17.25341567       6.16610504
H       14.22234610       0.55020900       3.33357304
H       12.60356733      17.52931984       3.60183123
H       13.41310930       0.62233501       4.92128078
H       16.68866972      15.28480279       6.27479157
H       16.39911006      13.35350780       4.72822717
H       14.04580888      13.15860372       2.16532923
O        0.92778968       9.76092994       3.10046936
C        4.38520635       8.61814181       3.74629040
C        3.05041532       8.70743970       3.25230168
C        4.82142978       9.61048587       4.64711516
C        2.16750307       9.72581021       3.62299091
C        5.30721018       7.55270828       3.18712102
C        4.00537889      10.65260048       4.94380396
C        2.68349659      10.75837913       4.44355993
H        2.85326578       7.89817410       2.57178276
H        5.83357041       9.55575615       4.99942956
H        4.85181540       6.59178436       3.40821151
H        5.51646197       7.74413461       2.17466390
H        6.25963001       7.59262439       3.70383141
H        4.35698874      11.38517548       5.63838167
H        1.99069702      11.59005056       4.62529952
H        0.58634228      10.68828739       3.10617418
O        2.39025205       7.79116727      11.12882784
C        1.20077842       8.77387452       7.76485650
C        1.27773052       8.70315617       9.18779042
C        2.13028883       8.00989390       6.96193859
C        2.24463743       7.87228345       9.76878895
C        0.17429192       9.65934907       7.20350929
C        3.02208611       7.13637501       7.67208845
C        3.07972715       7.08211054       9.03985155
H        0.69666875       9.37276154       9.87093226
H        2.09722162       7.95592970       5.93434061
H       17.02787134       9.19928454       6.75177384
H       17.62401675      10.31026991       7.94732687
H        0.66748948      10.29017171       6.45659864
H        3.56367560       6.53807009       7.11063598
H        3.77449068       6.49716552       9.52761572
H        2.09938115       6.98655458      11.44162599
O        1.91119794       3.38368539      10.29940700
C        0.44312696       5.84881309      12.58516649
C        0.62991088       5.03445183      11.42747261
C        1.47474905       6.03085672      13.48591945
C        1.78319329       4.27389851      11.26247249
C       16.95456614       6.71963777      12.80156820
C        2.64677275       5.22273904      13.30430538
C        2.82912038       4.38935944      12.21463169
H       17.56994875       4.98744449      10.67220139
H        1.28161938       6.75688144      14.27236670
H       17.25015922       7.62103571      13.47688595
H       16.71395686       7.13628620      11.82998275
H       16.04627636       6.24906153      13.11529209
H        3.53272143       5.36520015      13.85508613
H        3.71447430       3.83161713      12.11482519
H        2.72695474       2.93162686      10.43420577
O        7.06519067       1.14980222      12.59197731
C        3.85155598      17.37847436      13.32535242
C        4.91073451       0.22035961      12.58951125
C        3.98853307      17.26060943      14.78396508
C        6.01304199       0.64658718      13.30228705
C        2.58982967      16.80376658      12.63432566
C        5.10695744       0.00028297      15.45954346
C        6.15052710       0.52096579      14.69365878
H        4.95689786       0.21040723      11.47858904
H        3.08796086      16.94720470      15.24757028
H        2.44795317      15.76594605      12.68552010
H        1.69143479      17.26778784      13.08602871
H        2.55640608      17.13646025      11.57625790
H        5.14643927      17.49646228      16.50663306
H        7.13374116       0.82943007      15.12638566
H        7.87987656       1.09953275      13.04977619
O       17.36112304      10.33594454      13.65315384
C        2.00849280       9.30455731      16.31751623
C        0.85865589       9.77861598      15.73358695
C        3.14475194       9.04974786      15.54894338
C        0.74877342       9.78947002      14.33293492
C        2.01249998       9.16387061       0.10656376
C        3.03465204       8.89841172      14.13865815
C        1.83420012       9.39361176      13.56611186
H        0.02194627      10.07842319      16.40520174
H        4.00078218       8.78235267      16.14152847
H        2.87795794       8.49389821       0.21848201
H        2.26565110      10.03179318       0.78867603
H        1.17976793       8.65854544       0.61331419
H        3.98079414       8.74363688      13.65745389
H        1.80018819       9.59966039      12.52318037
H       16.58013647      10.55767981      14.16754147
O        8.50742092      13.96176201       9.79419339
C       10.70959878      16.07590603       7.67891908
C       10.14241279      14.91970036       8.27605661
C       10.42396021      17.34889911       8.14750679
C        9.14372272      15.03888944       9.29530139
C       11.63206825      16.01337404       6.50424830
C        9.43885318      17.40058321       9.26079755
C        8.79928951      16.29044894       9.77687139
H       10.44866099      13.96876967       7.80163981
H       10.82392405       0.54850360       7.77285953
H       11.19862124      15.43136443       5.72334052
H       11.87028024      16.96792332       5.98783245
H       12.58637056      15.69298932       6.88072731
H        9.20544174       0.56481567       9.81997903
H        7.98109685      16.35375566      10.47682443
H        7.68585242      14.19600317      10.21864211
O       10.45071690       8.90581142      17.60966979
C        7.54028943      10.85957718       1.13919218
C        8.84311473      10.30460517       1.13344757
C        6.78173244      10.90056324      17.68512324
C        9.33570591       9.68375377      17.62666557
C        7.02729164      11.53780328       2.41269237
C        7.33120622      10.46209247      16.44878981
C        8.58159657       9.81087835      16.45314255
H        9.44838252      10.36625140       2.02251506
H        5.78433399      11.29637984      17.70894043
H        6.02944800      11.26633449       2.81552189
H        7.69768953      11.19208035       3.15194734
H        7.05147630      12.62311632       2.28218036
H        6.86079529      10.52915603      15.49622112
H        9.06038721       9.39896558      15.54792048
H       10.59479609       8.46633247      16.77806807
O        9.39067244       2.07565380      13.90392570
C       11.85461186      17.27792565      12.89116104
C       10.66809927       0.30973262      12.96333320
C       12.97299577      17.69825546      13.63434793
C       10.58705900       1.43505854      13.81381602
C       12.13928230      16.03791511      11.93807268
C       12.87205039       1.05205849      14.52648150
C       11.64289178       1.72602171      14.64988680
H        9.81159928       0.02452830      12.36438384
H       13.95363914      17.16802531      13.60039217
H       12.23325898      16.41067430      10.90519334
H       13.05536311      15.50839599      12.21379346
H       11.21754851      15.45409120      11.99524870
H       13.63203145       1.31522510      15.08611568
H       11.49301119       2.57988403      15.32470601
H        9.24585119       2.56109903      14.74938469
O       16.41895491       8.43232035       3.56356596
C       16.93482461       5.94722902       6.20374266
C       17.13224307       6.71269185       4.96997684
C       15.69039974       6.09028900       6.82543524
C       16.14459894       7.51003612       4.54031552
C        0.19832213       4.93163096       6.64112267
C       14.58408846       6.79953325       6.31169236
C       14.89116792       7.56581198       5.12000154
H        0.40700493       6.62486868       4.43974234
H       15.47065445       5.43111958       7.62902840
H        0.41193305       5.03065167       7.63631689
H       17.43233205       3.91729213       6.46576835
H        1.13112237       4.94785282       6.00507830
H       13.51788150       6.77125730       6.64337013
H       14.24929232       8.28814604       4.76615272
H       17.29302168       8.71018241       3.53557065
O       12.23949627      10.41842978       1.48761116
C       12.25640130      10.24766688       5.20253021
C       12.28788762      10.76388048       3.85575383
C       11.86217341       8.94197227       5.45726595
C       12.00793946       9.94929633       2.76838392
C       12.56871978      11.14007065       6.39419509
C       11.58903155       8.12817758       4.34506425
C       11.71314530       8.59540168       2.99220461
H       12.52630465      11.79286063       3.70688758
H       11.85633567       8.63126901       6.47211066
H       13.04101988      10.48282796       7.14815451
H       13.32855390      11.92809170       6.12558240
H       11.71130188      11.51900766       6.85901467
H       11.22085421       7.13036666       4.48973783
H       11.55909055       7.94728687       2.11916111
H       11.94537231       9.80169994       0.84533704
O        9.22864788       4.43644521      15.81000238
C        5.60903807       4.53838242      16.08349427
C        6.88060267       4.06200325      15.93236237
C        5.43834634       5.93567117      16.28227529
C        8.00562730       4.92487532      16.05980760
C        4.45697361       3.55885707      16.02392252
C        6.53268841       6.80122210      16.42553367
C        7.85075040       6.33061944      16.37839557
H        7.07344627       3.05224515      15.74226335
H        4.38327257       6.31709484      16.29918501
H        4.65576581       2.89473255      15.11701102
H        4.38510934       2.95758850      16.86664670
H        3.61019630       4.25078688      15.94678037
H        6.35015232       7.90017891      16.54490291
H        8.72166121       6.96195723      16.47870354
H        9.88312530       5.07301028      15.70297845
O        6.56123883       1.18727431       1.84337731
C        3.29051342      17.31405564       2.23787186
C        4.27073703       0.55965402       1.93660474
C        3.61969952      15.97803200       2.60391196
C        5.62137185       0.23193018       2.09499322
C        1.85697395      17.63944032       2.25292469
C        4.97583419      15.69415962       2.87165459
C        5.96952424      16.61421291       2.54409400
H        3.93360483       1.52355917       1.54194514
H        2.89455106      15.17832055       2.84901822
H        1.91712752       0.91163746       2.68865509
H        1.48331781       0.11470433       1.22425127
H        1.15259677      16.83504341       2.73266099
H        5.25261475      14.78061142       3.25738135
H        7.02618403      16.34472481       2.57453138
H        7.49535480       0.93227814       1.67128469
O       10.62515155       7.62183124      12.42309932
C        7.83678846      10.01408742      12.83411794
C        9.09941262       9.51895604      12.60734694
C        6.79759840       9.10398372      13.15255462
C        9.37348895       8.08071185      12.69015412
C        7.53719598      11.54020570      12.73685096
C        6.94303790       7.72602427      13.17466916
C        8.24183121       7.21229774      12.87132683
H        9.87269351      10.22713061      12.34612219
H        5.82172226       9.42408574      13.26183464
H        6.54046816      11.62165861      12.28884562
H        7.33436816      12.07774372      13.65341757
H        8.23023183      12.12377482      12.11919222
H        6.09729361       7.06903682      13.47697190
H        8.39845329       6.13319516      12.92683556
H       10.97517424       7.96240554      11.63553717
O       15.16287378       7.61591550       1.45093688
C       14.64795459       9.15513576      15.83237621
C       14.84330531       8.16288681      16.82202919
C       14.73873788      10.53231544      16.12657793
C       15.10305896       8.58998856       0.45827903
C       14.17707143       8.69880065      14.43523441
C       15.09076639      10.92485395      17.39983620
C       15.24776954       9.97840942       0.66048713
H       14.79986718       7.09243132      16.70122619
H       14.69606281      11.34412191      15.39544845
H       14.55622040       7.78722771      14.17883316
H       13.07380875       8.49040294      14.44258767
H       14.32367297       9.52506712      13.74736321
H       15.31477362      11.94581451      17.64786576
H       15.40836812      10.45211605       1.60477123
H       15.52464026       8.00935287       2.20330610
O        9.45664254      11.25148565       9.42706722
C        6.04771300      10.15889001       8.43078894
C        7.05518981      10.88748792       9.13453277
C        6.30972950       9.20766618       7.42671290
C        8.39213770      10.61501348       8.76702768
C        4.55561536      10.53535208       8.61549377
C        7.63931645       8.92295697       7.08913925
C        8.66073645       9.58994825       7.78831423
H        6.88629967      11.66677253       9.88293118
H        5.50754244       8.58077536       6.97695205
H        4.30053513      10.09875063       9.57507564
H        4.21203439      11.56732581       8.49582665
H        3.92166459       9.94369540       7.95035973
H        7.94885783       8.23320218       6.22053452
H        9.68369564       9.41063066       7.63517549
H        9.16008354      12.14157830       9.74457352
O        0.08910251      12.65882875       2.75412795
C        1.04110523      14.49459482      17.46140150
C        0.24659459      13.81693470       0.67297014
C        2.39900526      14.21117911      17.34656460
C        0.85271099      12.95922253       1.63448903
C        0.43909672      15.62487978      16.61005066
C        3.01070690      13.27577675       0.50283012
C        2.20075725      12.68634371       1.49879059
H       16.92096548      13.90694369       0.70425203
H        3.02493847      14.80783241      16.61417639
H        1.05844633      15.60539771      15.71509138
H       17.17905841      15.44313947      16.30115569
H        0.41273869      16.56388062      17.17365995
H        4.03999778      13.11512360       0.51200372
H        2.67615396      12.19777961       2.30124881
H       16.88751013      13.07270759       2.76561456
O       17.13034222      15.12398964      13.92537219
C        0.28199655      13.53501964      10.73054998
C        0.27653675      13.89180369      12.05917802
C       17.14936371      14.20145761       9.84340250
C       17.08672470      14.83390378      12.56152980
C        1.31038101      12.57233122      10.19155527
C       16.21152363      15.14271288      10.32134853
C       16.14357444      15.51398667      11.68456855
H        0.92476177      13.46530914      12.79925761
H       17.11569434      13.93647505       8.80413989
H        2.17306983      13.14099859       9.93477107
H        1.55553839      11.90135411      11.02773990
H        0.90126450      12.10282090       9.35974996
H       15.38456420      15.45080273       9.61830988
H       15.41591265      16.27795237      11.99562580
H       16.75884721      16.02323558      13.95561883
O       12.46443159      13.19497640       1.38830981
C       12.08706963      13.23020527      15.39091045
C       11.89960279      12.91614957      16.78187597
C       13.12794653      14.11043762      15.04092937
C       12.60340128      13.56665994       0.09926365
C       11.21806109      12.68612934      14.28980173
C       13.74663474      14.84667435      16.07688877
C       13.43979913      14.61902646      17.41732040
H       11.26201116      12.14356190      16.99659369
H       13.40071798      14.27683531      13.97826825
H       10.26889751      13.23798194      14.08211061
H       11.61837309      12.47429791      13.27177322
H       10.90581094      11.67215061      14.52358895
H       14.57871150      15.48783433      15.90143931
H       13.85728608      15.18353141       0.51118232
H       12.00727778      12.32634646       1.46535961
O       10.83887363       6.73391356      14.98891380
C       13.75557582       4.47517119      14.30948560
C       12.58042931       5.22171610      14.08561035
C       14.19676577       4.33807565      15.63719398
C       11.91055087       5.90065975      15.14362784
C       14.36343673       3.68102023      13.22830104
C       13.44568500       4.89582925      16.70629630
C       12.39320339       5.73582082      16.44877675
H       12.38765989       5.34273663      12.99202262
H       14.93916268       3.64025127      15.90867641
H       14.95932281       2.87421845      13.64493507
H       13.59923905       3.27242417      12.65205410
H       14.97852518       4.20324251      12.40046409
H       13.87735971       4.74334606      17.69257972
H       11.82815301       6.25311719      17.27826076
H       10.79407108       6.93342261      14.05111592
O        4.40676733      14.32014127       8.77838030
C        1.61635303      16.73286397       8.35255936
C        2.70220284      16.02940365       8.89057540
C        1.41678308      16.67910942       6.94442545
C        3.46644127      15.11761998       8.11217082
C        0.68812205      17.49600839       9.27297175
C        2.34095414      15.93951135       6.15395089
C        3.18651650      14.99538358       6.73131293
H        3.00463525      16.19141029       9.91828969
H        0.58746515      17.06049001       6.38137449
H       17.41410405      17.43570374       8.91613493
H        0.66462958      17.05724780      10.22309792
H        0.94475807       0.82458870       9.21773680
H        2.08950215      16.04408616       5.05428057
H        3.63713613      14.18592543       6.18518852
H        5.23293483      14.02643807       8.20697032
O       12.38577623       0.90147941       1.04133592
C        9.38787547      16.53445053       0.52335024
C       10.72626850      16.95125660       0.63918375
C        8.45154953      17.48476042       0.05922733
C       11.06361299       0.62178098       0.66103892
C        9.06041246      15.01657602       0.66128659
C        8.77220021       1.10152292      17.62494557
C       10.05547497       1.59762955       0.37257568
H       11.54652789      16.22380455       0.89371886
H        7.40880871      17.13670218      17.54564715
H        7.98928519      14.92397539       1.05178242
H        9.32912605      14.53446171      17.52749580
H        9.74133788      14.64797623       1.42157799
H        8.05906293       1.86857862      17.35621949
H       10.30457402       2.65184145       0.24871313
H       12.51036208       1.66251786       1.59631809
O        6.13087745      13.00055701       7.28785973
C        8.89909632      13.56656676       5.00079029
C        8.04050189      12.86130101       5.79142735
C        8.73116424      14.96951955       4.76957605
C        6.97609920      13.58813765       6.40719425
C       10.04756529      12.85393207       4.27673146
C        7.70248885      15.68665815       5.36923707
C        6.86087297      14.99745345       6.26598185
H        8.14898330      11.79198911       5.92784144
H        9.37886905      15.54902358       4.17080760
H       10.38552107      13.30661531       3.32118287
H       10.89122160      12.73845117       4.87574315
H        9.72144036      11.86213420       4.01002671
H        7.43667947      16.71542532       5.11062269
H        5.97048002      15.56682996       6.66553132
H        6.23275164      12.05799799       7.30309190
O        6.03915438      14.63138013      10.80285035
C        6.31532950      14.23344031      14.47141143
C        6.64594530      14.60455750      13.16193383
C        5.04333702      13.67579291      14.78602806
C        5.75452636      14.37226251      12.11502426
C        7.30092875      14.59981147      15.51662655
C        4.16747587      13.39450788      13.76574918
C        4.47369647      13.76151813      12.43015233
H        7.64793329      15.06796307      13.04294994
H        4.64099304      13.40515373      15.83109250
H        6.83647647      14.23994230      16.42518083
H        8.21019968      14.14689566      15.30823580
H        7.36637723      15.69750920      15.67866700
H        3.28218012      12.96356818      14.19456332
H        3.78448989      13.55394472      11.67254354
H        5.25511325      14.63032934      10.24958870
O        6.54233010       3.55773581      11.54114627
C        9.68907051       4.40827264       9.89309977
C        8.72770381       3.63992334      10.48385381
C        9.46234831       5.76622321       9.51083187
C        7.44079087       4.16469536      10.74074581
C       11.20994172       4.00592329       9.96430169
C        8.14599530       6.28805722       9.64734073
C        7.17443345       5.50178489      10.27462816
H        9.06111677       2.61954969      10.81389026
H       10.09520229       6.36005674       8.85766576
H       11.31220748       3.26825505      10.71035286
H       11.54195607       3.64814499       9.00032739
H       12.00408435       4.87013826      10.03884651
H        7.95284621       7.31275306       9.44900874
H        6.29530613       5.99258285      10.52553868
H        6.96788012       2.78954052      11.86850471
O       14.87005475       4.88051327       2.22304552
C        0.86781385       4.89956348       1.83369755
C       17.19998989       5.11516060       1.57833731
C        1.24478361       3.82907028       2.72286550
C       16.16822917       4.46241227       2.27051290
C        1.82111047       5.79444713       1.13995150
C        0.21041588       3.04432034       3.23537660
C       16.56271269       3.31322368       2.99431337
H       17.02986889       5.99530085       0.91354010
H        2.22084004       3.60173132       2.99623965
H        2.91572098       5.61347157       1.36861492
H        1.64855615       5.78818725       0.03651565
H        1.39394569       6.77142301       1.45761204
H        0.48115485       2.18939882       3.83232078
H       15.74990311       2.71577665       3.29920439
H       14.92869190       5.78324893       1.92119111
O       16.64050577       0.51974058      13.19439284
C       16.94461262       1.15261622      16.70948643
C       16.46141917       0.69614100      15.48365416
C        0.45552178       1.86765505      16.81957655
C       17.22166787       0.84282985      14.35988943
C       16.07382591       0.92762244       0.21786908
C        1.16243152       2.09853519      15.63709470
C        0.73753358       1.56200821      14.40958037
H       15.51902159       0.16230793      15.53887786
H        0.71635076       2.35634876       0.02649431
H       15.94424208      17.60146444       0.38629504
H       16.28330813       1.55476572       1.08331631
H       14.99683010       1.17200630      17.66120973
H        2.14325275       2.59115958      15.66024850
H        1.19915150       1.64652832      13.45282477
H       16.83290946       1.14220884      12.52330600
