512
Lattice="17.7128441229 0.0 0.0 0.0 17.7128441229 0.0 0.0 0.0 17.7128441229" Properties=species:S:1:pos:R:3 pbc="T T T"
O       13.19367632       3.67023336       2.41686552
C       11.10286506       3.31825455       5.56273848
C       11.62473506       2.99211638       4.29967490
C       11.35545205       4.53632227       6.24256072
C       12.61173771       3.84959620       3.69968098
C       10.08825257       2.36987889       6.13248814
C       12.27227291       5.38694890       5.62521398
C       12.91627051       5.11026500       4.42167912
H       11.28803871       2.10934657       3.88993565
H       10.93315562       4.79120358       7.18440311
H       10.36542133       1.32072759       6.42808417
H        9.49449429       2.85089553       6.88487098
H        9.30195587       2.24930668       5.38155789
H       12.59272485       6.31216888       6.10316673
H       13.66388858       5.84744718       4.13678194
H       13.81895489       4.38678724       2.24659410
O        5.28808412       3.36358211       4.17995399
C        8.27010688       5.52872680       3.86167202
C        7.20516514       4.73752611       3.48880567
C        8.47375171       5.86980129       5.16318987
C        6.33104568       4.19941733       4.45104614
C        9.12408212       5.99334844       2.73762148
C        7.52921658       5.46510141       6.15057662
C        6.44448117       4.64574258       5.76216446
H        7.04034528       4.60067806       2.32811419
H        9.26776204       6.60574621       5.37323296
H        8.59971774       6.68766507       2.06681343
H        9.99996988       6.58022455       3.06945452
H        9.46212255       5.04330864       2.22579172
H        7.68123569       5.79101868       7.21535601
H        5.73601968       4.25849966       6.51762860
H        5.43530732       2.71819000       3.50328284
O       17.04778823       2.62862731      11.02954209
C       15.20749088       2.82871071       7.87032716
C       16.13868764       3.09251252       8.90308497
C       14.16421314       1.95728502       8.15764381
C       16.05413828       2.49715191      10.11941130
C       15.41769868       3.44366475       6.50913726
C       14.03139995       1.35895977       9.41836524
C       15.00480753       1.57268014      10.40242715
H       17.00989486       3.63936208       8.59645871
H       13.48319328       1.61376983       7.35404654
H       16.23956255       2.95694146       6.03746790
H       14.52201123       3.35190128       5.87841628
H       15.62918977       4.52340044       6.50536967
H       13.22064019       0.74361235       9.65006450
H       14.90504361       0.92610689      11.30022690
H        0.03304610       3.24990631      10.91701649
O        3.76470123       2.09872715      11.30428653
C        3.28117655       2.43325289       7.66265896
C        3.06154834       2.43147411       9.05561750
C        4.41318517       1.77246373       7.18221862
C        4.08161913       2.08393444       9.95796607
C        2.26531239       3.04209104       6.73931175
C        5.40113552       1.28707809       8.13257483
C        5.22326232       1.42034270       9.48602531
H        2.18760598       2.91684005       9.38607599
H        4.66379350       1.53967516       6.11950983
H        2.51210050       3.32044286       5.71747473
H        1.52054693       2.30205015       6.55222465
H        1.73062381       3.84913582       7.15745296
H        6.33764475       0.85046442       7.82212086
H        5.99083669       1.02371720      10.03178744
H        4.59909322       2.06196546      11.82849788
O       11.42670731       7.14346955       8.49654732
C       14.43953350       8.56196348      10.12167339
C       13.15956475       8.46997105       9.49822298
C       15.16002646       7.37773807      10.36894069
C       12.61617269       7.25724594       9.17491489
C       15.07516246       9.89411555      10.51396826
C       14.56306124       6.12570682      10.17783266
C       13.26186501       6.06597315       9.54268662
H       12.62499947       9.28494919       9.08888294
H       16.08131744       7.46094652      10.73502697
H       15.39891862      10.48178973       9.65904934
H       14.34386377      10.53975816      10.97260250
H       15.84401536       9.71775985      11.20660206
H       15.18215470       5.31171668      10.53078597
H       12.79650527       5.13384509       9.35760814
H       10.82066250       6.53721933       8.90499749
O       15.25905595      12.66026847       2.49815149
C       14.74798802      15.72074128       4.42934028
C       14.76847402      14.78730698       3.37322214
C       15.48954163      15.42044324       5.62441387
C       15.33664688      13.55481034       3.52493390
C       13.92981391      17.02010359       4.44106954
C       16.26188976      14.27472919       5.66911679
C       16.22030961      13.39452122       4.60996625
H       14.30837102      15.00580553       2.44739631
H       15.45402311      16.02464846       6.55395180
H       12.94511724      16.81228860       4.18095538
H       13.77995813      17.44527076       5.42165886
H       14.25699344       0.10236426       3.80604385
H       16.77642734      14.06814475       6.55250398
H       16.77981998      12.51822160       4.86746696
H       14.54008157      12.76222460       1.89663601
O        2.00159058      10.31961786       2.16048866
C        4.73404849       9.40124107       4.40504009
C        3.80076646       9.32538379       3.35487687
C        4.86738836      10.58445237       5.18672816
C        3.01908515      10.39543026       3.02265676
C        5.63829932       8.14609949       4.61291492
C        4.05187959      11.68185896       4.89033660
C        3.11878725      11.57496734       3.80590773
H        3.71035148       8.40344100       2.83487123
H        5.65079544      10.55523625       5.94304762
H        5.80775986       7.60448001       3.68054640
H        6.57580767       8.31875476       5.03349803
H        5.20292866       7.53071778       5.38032827
H        4.09516544      12.59979774       5.47595305
H        2.43402834      12.37747080       3.62220298
H        1.42464858      11.07666311       1.98223140
O        0.68415154       5.56968332      10.63634051
C        1.93621694       8.05294240       8.13551432
C        1.05715514       7.34312993       9.01811023
C        3.31467139       7.61696963       8.01345560
C        1.52193120       6.27358268       9.80295578
C        1.50551674       9.20464726       7.28598664
C        3.76013101       6.53930087       8.82170067
C        2.88304464       5.89515709       9.76896864
H        0.02735867       7.64087126       9.02139249
H        3.98338882       8.00731265       7.27381492
H        1.75246120      10.16965591       7.73156433
H        2.03601105       9.16006901       6.31961749
H        0.43310830       9.22854435       7.07248567
H        4.92021365       6.30532688       8.70445167
H        3.35439206       5.09254036      10.28179343
H        1.22736917       5.07281475      11.22275788
O        1.75774965       3.71786068      11.92144819
C        1.19059001       5.68605991      14.91594778
C        0.94968869       4.91368031      13.77501429
C        2.56350548       5.92079141      15.36491499
C        2.01548169       4.34778330      13.10196706
C       17.70138341       6.33589853      15.62657945
C        3.61673061       5.32753675      14.70328446
C        3.36710408       4.55195655      13.58075333
H       17.64790933       4.75590363      13.47740247
H        2.69306125       6.57290508      16.20632985
H       16.86691887       6.28022855      14.90504458
H       17.46229981       5.77199381      16.48668425
H        0.27248020       7.31661731      15.86642885
H        4.65895720       5.44152161      15.00119144
H        4.25405858       4.22839952      13.17246991
H        2.56104499       3.24678346      11.69095108
O        7.16287602       0.34740951      13.50995969
C        3.61291257      17.03447945      13.43471274
C        4.94103999      17.32944743      13.07479245
C        3.28132192      17.01245315      14.79515701
C        5.96470227      17.67484392      14.00499141
C        2.67166774      16.66832790      12.34348704
C        4.30530112      17.26138930      15.72469892
C        5.71306106      17.52525895      15.38534242
H        5.05655453      17.27938840      12.05305206
H        2.24463218      16.82413429      15.06496913
H        2.32233434      15.72172729      12.71562943
H        1.84628709      17.41027293      12.31366104
H        3.16742954      16.56764510      11.39660044
H        3.98041351      17.34175911      16.75855276
H        6.43922850       0.09708875      16.09606724
H        7.82312632       0.32164551      14.23258351
O       17.40270390      10.42369185      14.29848243
C        3.08734281       9.49691354      15.27436252
C        1.81110459      10.08963020      15.33819822
C        3.56142204       8.94131900      14.06098020
C        0.98281384      10.04776844      14.16614194
C        3.82189016       9.49108567      16.57853056
C        2.71409930       8.97575861      12.90695032
C        1.41791239       9.50149416      12.92253068
H        1.42816566      10.48718036      16.23025783
H        4.50660859       8.42070033      14.01815430
H        4.82567171       8.92800816      16.53422202
H        4.25929880      10.46499663      16.88978923
H        3.09870838       9.03109012      17.29852628
H        3.09306901       8.63774020      11.99323927
H        0.66617278       9.31543237      12.18562050
H       17.13744304      10.14391312      15.17441233
O        7.42266687      14.41201048       8.88650885
C       10.28497409      16.59923751       8.35004264
C        9.28609686      15.59581309       8.24887598
C        9.98758078      17.63382618       9.20636329
C        8.14944345      15.54270555       9.02850569
C       11.33005196      16.56233682       7.28091644
C        8.79037237      17.64412743      10.05106128
C        7.89186498      16.57289815       9.96956116
H        9.53698975      14.76839987       7.57059524
H       10.70218026       0.80889225       9.19650046
H       11.85139243      17.51473588       7.24060511
H       12.00878210      15.76296950       7.52782907
H       11.04880086      16.27045343       6.26553165
H        8.54176490       0.76211253      10.62694135
H        7.02761909      16.56037080      10.64235079
H        6.60254672      14.63624794       9.46796445
O       10.70905578       7.90971401      17.70988366
C        8.00830895      10.21561142       0.83793230
C        9.13045398       9.37847595       0.94402895
C        7.60536376      10.69846625      17.34967743
C        9.77560693       8.87814506      17.54295473
C        7.34229683      10.75632218       2.11401677
C        8.32347209      10.29367004      16.19869570
C        9.35592289       9.31419902      16.28190884
H        9.38583852       8.96414409       1.91120620
H        6.84605352      11.47608807      17.21488970
H        6.71731030       9.95946436       2.63469861
H        8.13240178      11.08595385       2.85497556
H        6.69050283      11.61711375       1.92619224
H        8.08688479      10.74337369      15.24222861
H        9.78911143       8.88566593      15.42427363
H       10.90484630       7.41673648      16.93177446
O        9.37828185       1.31769204      14.94394193
C       11.73707106      16.90076221      13.11689353
C       10.48885487      17.35366118      13.59314972
C       12.98459629      17.41816531      13.56653635
C       10.60325891       0.74476526      14.51806587
C       11.75543467      15.81684243      12.05465411
C       13.01394675       0.78822989      14.42901723
C       11.79393985       1.11530365      15.05935496
H        9.61839433      16.84714371      13.19892194
H       13.85794828      16.95495072      13.19493033
H       11.98263143      16.14363150      11.04703360
H       12.54941549      15.12238539      12.22770714
H       10.80169767      15.28944153      11.85507898
H       13.95349265       1.11998208      14.95329814
H       11.83779196       1.81962853      15.88586014
H        9.48354319       2.27410571      15.15218721
O       17.19306890       9.92749720       3.26955238
C       17.12555441       6.99666283       5.48841709
C       17.57031582       7.87811942       4.50170104
C       16.04237655       7.33161928       6.36065024
C       16.78198926       9.02796792       4.27429931
C        0.24999777       5.79404604       5.88933953
C       15.37396912       8.54180777       6.11395302
C       15.71153346       9.38098528       5.00600310
H        0.66584760       7.64849924       3.83992278
H       15.80004539       6.85645068       7.24811012
H       17.65953375       5.38208184       6.81707692
H        0.17558673       5.00014845       5.20828783
H        1.29502257       6.09233883       5.99796725
H       14.46520340       8.89228158       6.64402063
H       15.19044422      10.20374090       4.80589757
H        0.23832724       9.73868699       2.84889524
O       12.56513120      10.58995412       2.52268234
C       12.29713938      11.43578120       6.13008971
C       12.67376087      11.56046539       4.75931159
C       11.72638622      10.21936320       6.56596016
C       12.45033835      10.50926022       3.85389431
C       12.60109600      12.65119579       7.10365090
C       11.42733155       9.19058330       5.59996354
C       11.89267731       9.30383493       4.30255533
H       13.06166107      12.52917602       4.41059103
H       11.34882082      10.19120369       7.56105338
H       13.68382942      12.65635994       7.26797391
H       12.31321074      13.59052844       6.57474984
H       11.96651069      12.69335932       7.98647171
H       11.04793442       8.22693393       5.89428836
H       11.71547531       8.57222611       3.50620535
H       12.40090842       9.77943080       2.09244653
O        9.14577722       4.02374111      15.67627244
C        5.60232812       3.72322991      16.73115876
C        6.81816657       3.40183933      16.09159889
C        5.44244099       5.00396458      17.35409930
C        7.89888399       4.27909545      16.14577060
C        4.46832846       2.72698673      16.91559847
C        6.50453360       5.91145315      17.36537410
C        7.68260721       5.54857250      16.72185532
H        6.93945130       2.46087279      15.69672934
H        4.53660443       5.32684461       0.10042470
H        4.47240908       2.16738301      15.93276338
H        4.61631253       2.05135689       0.02688893
H        3.48819855       3.16915659      16.89512456
H        6.42958870       6.82302657       0.18488480
H        8.53506127       6.22231067      16.76486250
H        9.72069414       4.77385102      15.61100736
O        5.74574114       1.27138218       2.40908329
C        2.56044379      17.13014182       1.95388526
C        3.46309835       0.48880363       2.00835067
C        3.03096544      15.80912053       1.98932607
C        4.77966015       0.26409462       2.32719063
C        1.12402232      17.32903314       1.60192707
C        4.35303012      15.60807664       2.46114391
C        5.23248930      16.67821982       2.56690023
H        3.06196473       1.49110787       1.90549793
H        2.38903653      14.95894239       1.82511774
H        0.56252850      16.53978290       2.07480382
H        0.69761263       0.59855998       1.83161737
H        0.99624374      17.30513282       0.51620510
H        4.71826967      14.62743253       2.57395981
H        6.26830140      16.48743562       2.69339910
H        6.57068041       0.81723113       2.72325538
O       11.10375513       7.62190824      12.02425741
C        8.98250362      10.68567222      11.68967252
C       10.04307243       9.71870708      11.57323668
C        7.91130986      10.42034924      12.60733787
C       10.01164762       8.43825067      12.16385844
C        9.02478339      12.01882157      10.97923301
C        7.86191992       9.04894890      13.01266573
C        8.85355477       8.00695814      12.82073029
H       10.82898309       9.97681345      10.90129198
H        7.08791017      11.18619077      12.63428587
H        9.22933803      11.71640136       9.95711299
H        8.13575291      12.63586644      11.01800249
H        9.94605668      12.49165412      11.43254380
H        6.88944446       8.74534252      13.40302465
H        8.87900816       7.02056031      13.35664781
H       11.82455095       7.99405667      11.57045836
O       16.01236859       7.91590062       0.97447539
C       14.35547709       9.13604753      15.59488598
C       14.98396847       8.30811394      16.54174318
C       14.17667777      10.46782937      15.92096802
C       15.36120050       8.76834563       0.12142474
C       13.88649016       8.59425742      14.29709884
C       14.53858239      10.94609537      17.22189003
C       15.17937597      10.11304657       0.46688012
H       15.16971116       7.30982792      16.24212429
H       13.63230174      11.14129000      15.22315851
H       13.14669930       7.81893274      14.48258767
H       13.34184205       9.40110836      13.72161803
H       14.76913109       8.32408065      13.66115789
H       14.38746255      12.01085259      17.44824077
H       15.37824703      10.58686508       1.43821996
H       16.09959667       8.24739710       1.87826906
O        8.08329765      12.41232059       6.96714556
C        6.34090779      10.04616078       9.19542152
C        6.64318920      11.22384171       8.55823712
C        6.86684588       8.82446873       8.66249161
C        7.62310958      11.27457175       7.53039953
C        5.49687030      10.13791837      10.40065787
C        7.88507580       8.90649232       7.65939502
C        8.29263291      10.12570689       7.12629538
H        6.09798950      12.12075297       8.90299462
H        6.47478641       7.88203621       9.02714600
H        4.37649141       9.98687681      10.24380621
H        5.83962015       9.26797061      11.08368130
H        5.63491330      10.99582074      11.05346844
H        8.45011044       8.00560776       7.26916680
H        8.87495145       9.99495424       6.25729351
H        8.12925409      13.11191606       7.69117375
O        0.49017700      12.45300001       1.96084753
C        0.13045461      13.96566561      16.33278832
C       17.50606941      13.49251511      17.66405719
C        1.40378214      13.79255188      15.80787071
C        0.81779064      12.86204172       0.70196824
C       16.74887219      14.44378698      15.43990992
C        2.38057753      13.08111549      16.54458406
C        2.07444704      12.63646667       0.15819907
H       16.53847814      13.70712391       0.27993448
H        1.72643180      14.18707125      14.85122076
H       16.98005688      15.31407293      14.77963641
H       16.30002941      13.59474739      14.81375589
H       16.03470959      14.99510827      16.10077044
H        3.35745645      12.88448588      16.22357414
H        2.77976040      12.15947837       0.88531413
H       17.21661342      12.47796042       2.12028585
O       17.55306970      15.74154308      12.33485508
C       16.99973549      13.04744443       9.84305944
C       17.62319551      13.87064211      10.79961218
C       15.64224680      13.30023214       9.57573156
C       16.96578000      14.98202867      11.37458081
C        0.06184766      11.87231951       9.25197937
C       14.97362388      14.38558439      10.08897857
C       15.61560682      15.27971323      10.97257052
H        0.95538095      13.82958056      11.07398561
H       15.12794675      12.69398604       8.92081496
H        0.24643140      11.14960241      10.09347698
H       17.37523274      11.49014125       8.27106743
H        1.10828196      12.18842968       8.96920156
H       13.91029060      14.44707198       9.80731012
H       15.07211520      16.00483267      11.55526196
H       17.29950498      16.67077534      12.17399544
O       12.62439956      13.31951185       1.78600794
C       11.63978728      13.01569044      15.93673844
C       11.56902870      12.69777195      17.33689498
C       12.22098226      14.24073723      15.48261318
C       12.37273971      13.54532920       0.44808712
C       11.12312605      12.08600265      14.86039660
C       12.88006386      15.12375741      16.32696852
C       12.98977754      14.77484340      17.69456533
H       11.36236014      11.73073963      17.64344653
H       12.24557229      14.54797588      14.50032660
H       10.11352517      12.34706876      14.61377522
H       11.81022778      12.10162039      14.04553459
H       11.09988468      11.10394830      15.31700565
H       13.52936853      15.85772878      15.90933148
H       13.59217290      15.29240990       0.66149826
H       12.25759938      12.44124789       1.94022985
O       10.87860344       6.13606807      15.01356838
C       14.12691213       4.47941813      14.16626171
C       12.94405705       5.22922301      14.05819390
C       14.31200449       3.87104718      15.40028737
C       12.01944182       5.44701912      15.14013239
C       15.08301875       4.17840371      13.07971889
C       13.41924654       4.03395016      16.52120712
C       12.29387472       4.83222243      16.38905348
H       12.73915270       5.56689822      13.03088609
H       15.09913330       3.17118466      15.53230718
H       15.72131383       3.37805127      13.29610153
H       14.43850067       4.04100338      12.23680740
H       15.73959356       5.05622902      12.92965731
H       13.71776067       3.75998186      17.53900642
H       11.57286653       4.88411426      17.22285066
H       10.80041842       6.57513229      14.17075438
O        4.10844736      14.95366149       7.74955738
C        1.09398859      16.82746851       7.54003031
C        2.15461326      16.11265534       8.07029776
C        0.80852211      16.80091310       6.13941157
C        3.01128685      15.50977063       7.23674064
C        0.21949463       0.00828337       8.49807181
C        1.68711453      16.08832972       5.28144533
C        2.79078423      15.58447092       5.85672127
H        2.24690945      16.18693597       9.14016998
H       17.57770611      17.20034240       5.77396311
H       16.98191947      17.20213397       8.74676256
H        0.63827145       0.17744400       9.48469609
H       17.51676701       0.92924015       8.07317735
H        1.47774957      15.82482814       4.24062233
H        3.46421770      14.99960969       5.21688210
H        4.65383073      14.52554112       7.04440165
O       12.25217432       1.21575160       1.18915989
C        9.18269116      17.22570043       0.07066915
C       10.51276092      17.53496323       0.37004805
C        8.19321896       0.50007041       0.48431053
C       10.91105912       1.02617201       0.99805264
C        8.81244302      15.80631149      17.23070963
C        8.54233785       1.72960498       1.12160772
C        9.96114743       1.97840414       1.31209081
H       11.28169240      16.81726483      17.69681374
H        7.15679647       0.21354889       0.36119077
H        9.54504244      15.24158884      16.73546133
H        8.37153981      15.22806487       0.32107778
H        8.01470952      15.95891691      16.42735783
H        7.84095080       2.49800337       1.26300427
H       10.24490582       2.90146201       1.66749240
H       12.51898956       1.99449744       1.73127729
O        6.29886071      14.09600867       5.79952473
C        9.03276984      15.57240231       3.84225911
C        8.15163762      14.64770099       4.44467768
C        8.70561074      16.94321760       3.97121300
C        7.03225965      15.05172019       5.21523419
C       10.28600229      15.09995631       3.14278209
C        7.69317743      17.32136643       4.85933697
C        6.82750257      16.37105842       5.50460904
H        8.33405949      13.57630971       4.45717549
H        9.39133897      17.65005304       3.59036308
H       10.12866521      14.22217827       2.45189944
H       10.68599354      15.89822464       2.49664707
H       11.06141119      14.62753935       3.75011948
H        7.45854389       0.61723842       5.10590683
H        6.04538461      16.69379857       6.20943275
H        6.77959096      13.31054633       5.62099806
O        5.15585403      15.02466857      10.21215910
C        5.48819481      13.38318155      13.38848175
C        5.77474173      14.21854027      12.29115877
C        4.46038265      12.43495430      13.34567773
C        4.94626004      14.10229896      11.17354480
C        6.42112973      13.60179874      14.61474558
C        3.63029563      12.35561901      12.20065548
C        3.91398442      13.18320238      11.07904963
H        6.50060172      14.94348766      12.35037173
H        4.21893612      11.89391260      14.25136117
H        7.35865464      13.95628342      14.17937515
H        6.07828523      14.46776585      15.13731664
H        6.40144192      12.67400075      15.31655060
H        2.67671731      11.77478992      12.18679252
H        3.25025041      13.24821527      10.26889603
H        4.47391137      15.13953290       9.50503479
O        6.25801140       2.81479924      12.33322686
C        9.74848048       3.60767258      11.59205775
C        8.64212937       2.95949184      12.12869276
C        9.53723639       4.79757931      10.85917296
C        7.31406852       3.42174586      11.81385831
C       11.17738656       3.05732135      11.92098713
C        8.27704023       5.17087268      10.52356261
C        7.12625175       4.43152274      10.88270435
H        8.75457915       2.06681164      12.70955454
H       10.40374595       5.25794115      10.42202897
H       11.19357053       2.02115954      11.87674397
H       11.88556749       3.45292080      11.18217901
H       11.50422821       3.24636159      12.93618182
H        8.12984310       6.07283356       9.95578114
H        6.11473495       4.82119763      10.74253047
H        6.49446621       2.04717932      12.92566786
O       15.28740392       5.27726116       1.76340178
C        1.12502315       4.64611255       2.29518473
C       17.63997533       5.21487821       1.81653586
C        1.10824757       3.40644589       2.97257069
C       16.38737425       4.67097828       2.15861818
C        2.45617765       5.39472750       1.96989537
C       17.58460591       2.84620905       3.25959379
C       16.37307426       3.48826975       2.92456812
H       17.66226035       6.02341665       1.11878094
H        2.00723102       2.91532452       3.16831856
H        2.49884364       5.64736086       0.91988707
H        2.50791312       6.29196550       2.55245259
H        3.22595274       4.71346747       2.15254902
H       17.67676246       1.92880261       3.83733720
H       15.40177841       3.02110081       3.15750158
H       15.48240739       6.03170326       1.23597398
O       16.75320309       0.37212056      12.93189727
C       16.20201574       0.58992591      16.56951305
C       16.17587892       0.25069966      15.19651465
C       17.10958315       1.60823978      16.89189905
C       16.91864464       0.82187399      14.19403392
C       15.17383202      17.68410543      17.50868582
C        0.34750359       2.11393838      15.95992133
C        0.26169916       1.71957364      14.60107505
H       15.47905372      17.16090188      14.95696574
H       17.05336279       1.90806270       0.25687090
H       15.44021907      16.59267533       0.00633929
H       15.07079827       0.64359365       0.64364686
H       14.14698683      17.59042315      17.13068661
H        1.06006360       2.86815732      16.14508931
H        0.98213385       2.18011733      13.86703259
H       16.96847675       1.11179950      12.31773328
