512
Lattice="17.7128441229 0.0 0.0 0.0 17.7128441229 0.0 0.0 0.0 17.7128441229" Properties=species:S:1:pos:R:3 pbc="T T T"
O       12.32809478       3.98936481       3.56921114
C       10.75820497       3.86966764       7.01697441
C       10.94579459       3.66560791       5.59519323
C       11.68498885       4.63440945       7.74292933
C       12.01607177       4.27630450       4.89606928
C        9.47939024       3.30982169       7.60409394
C       12.76096024       5.22411417       7.06210886
C       12.93915690       5.06076575       5.69613131
H       10.42745550       2.93628897       5.05870156
H       11.43945590       4.84736891       8.76453320
H        8.78713274       3.94910173       8.14273834
H        8.84962380       2.72931052       6.82781889
H        9.84848985       2.55735794       8.35679781
H       13.31911716       5.81097158       7.68910143
H       13.81889789       5.54174762       5.24098905
H       13.08147315       4.45953029       3.21767908
O        4.77229488       3.76781388       2.89957148
C        8.15881192       5.11815860       3.35082506
C        6.95538115       4.58978132       2.78110490
C        8.17159518       5.24955966       4.73167204
C        5.84131839       4.28808743       3.55985714
C        9.27301583       5.57790758       2.40134195
C        7.04178588       4.96279916       5.54241692
C        5.87250004       4.47055569       4.95694014
H        6.87528221       4.44944633       1.71632520
H        9.15703952       5.59724262       5.19456334
H        9.41464015       4.84000679       1.65346258
H        8.95335175       6.50817423       1.89681996
H       10.31896216       5.71177927       2.85995348
H        7.15491915       4.99630693       6.66000279
H        4.96511432       4.31337633       5.50751746
H        5.07898713       3.37550563       2.09121481
O       16.19881085       2.27969450      11.29226833
C       14.52304509       1.95488172       7.92464696
C       15.47721232       2.34445431       8.91585264
C       13.32534480       1.27781409       8.34108364
C       15.27524712       1.96653662      10.30349427
C       14.81695975       2.34581676       6.48381889
C       13.07577346       1.06661221       9.69643383
C       13.99377722       1.40526960      10.66215938
H       16.36477773       2.88114370       8.70645811
H       12.62369881       0.95861448       7.55170689
H       15.81127789       1.86734103       6.29261075
H       14.11842772       2.07495424       5.77984670
H       15.02350079       3.39819217       6.43109652
H       12.11443079       0.68873823      10.04466395
H       13.70848266       1.32787363      11.66642406
H       16.72961397       3.04013611      11.03382634
O        4.29631420       3.55778119       9.40643908
C        3.60555873       1.80832086       6.22352365
C        3.38454509       2.49342940       7.44643289
C        4.87217792       1.28198944       5.95794293
C        4.49720316       2.76615388       8.30679492
C        2.50773064       1.73094220       5.19966279
C        5.96249086       1.50274651       6.84605226
C        5.78492332       2.30142820       7.94549466
H        2.36345501       2.78796749       7.73130648
H        4.84289676       0.88762853       4.95701898
H        2.79204687       0.80764805       4.65580963
H        1.44859506       1.79690650       5.58578513
H        2.63548449       2.60606721       4.56733606
H        6.97078103       1.33063413       6.52355207
H        6.66608709       2.59895340       8.56587159
H        5.05159658       3.54066660      10.05383749
O       11.36423187       8.93536473      10.21625336
C       14.90843693       9.77095746      10.82470775
C       13.49818914       9.98039004      10.62009824
C       15.56126281       8.48371348      10.87170645
C       12.71191404       8.84265037      10.41833588
C       15.83212204      10.95898873      11.00159230
C       14.65377519       7.39466056      10.71388731
C       13.29025995       7.56205599      10.50694785
H       13.08092678      10.93997729      10.57654650
H       16.69628404       8.33447542      10.89838477
H       16.39852538      10.99801096      10.07015057
H       15.15635746      11.83470982      11.03530259
H       16.44708943      10.88296196      11.95767001
H       14.99665103       6.41594504      10.64487019
H       12.59284036       6.68938781      10.28959069
H       10.85836621       9.63690587       9.79313472
O       15.85303695      11.90711002       2.12920185
C       15.73399080      15.08334542       3.89870849
C       15.43477662      14.07556152       2.93634169
C       16.42203956      14.72489215       5.07283621
C       15.97027848      12.79802793       3.15728751
C       15.30431412      16.51454806       3.83050155
C       16.90278714      13.40291207       5.27790718
C       16.70675021      12.48353647       4.26683325
H       14.84553337      14.17120874       2.14750121
H       16.57304205      15.43578771       5.81932335
H       15.05095314      16.76610655       4.83840705
H       16.12360509      17.10498812       3.45158870
H       14.36464847      16.60203457       3.22399412
H       17.53154713      13.17389542       6.13643284
H       17.10597531      11.52537292       4.41854736
H       14.96197944      12.04404349       1.76603827
O        3.04965184       9.85296672       1.91247188
C        6.19047213       9.64190249       3.85187230
C        5.12893655       9.34618900       2.93275051
C        6.09171031      10.86309347       4.52827532
C        3.95243044      10.14365289       2.85081251
C        7.36105343       8.75168620       3.88131444
C        4.95084473      11.64545870       4.42387556
C        3.81893913      11.30207096       3.64118834
H        5.24735623       8.47147617       2.27877693
H        6.76570667      11.20089815       5.26655717
H        7.35759574       8.22463973       2.88584964
H        8.35719874       9.28026239       4.01248555
H        7.12307160       8.19667063       4.77760620
H        4.84783497      12.44873622       5.05962797
H        2.95715509      12.03604463       3.74794964
H        2.50481601      10.55444196       1.73514161
O        2.42725116       5.45989133       9.10425114
C        1.93088745       8.76291423       7.48226492
C        1.79317380       7.64663306       8.29073813
C        2.78447313       8.66086353       6.30322320
C        2.55430514       6.47833317       8.13036251
C        1.06090866      10.04994890       7.79723443
C        3.49781564       7.51380461       6.07101842
C        3.43493546       6.43872045       6.97127115
H        1.22232346       7.78162701       9.15833869
H        2.99746881       9.42453627       5.59639116
H        1.35302292      10.37502267       8.77473409
H        1.28701273      10.88087354       7.07022491
H        0.01022259       9.74460860       7.79654602
H        4.04005255       7.39065684       5.13220199
H        4.00516904       5.52250676       6.79416718
H        3.15242750       4.79115711       9.10816016
O       17.65542375       4.85231161      10.51013585
C        0.34190270       5.72164440      14.05322400
C       17.53874268       5.73022425      12.78468387
C        1.64407824       5.13683753      14.23468322
C        0.51930077       5.07368936      11.72898223
C       17.40334842       6.38375046      15.28371313
C        2.36267558       4.51772163      13.19365488
C        1.77676890       4.48304262      11.92816956
H       16.53990467       6.05953907      12.60406274
H        2.09882837       5.18396180      15.22813215
H        0.03743868       5.91412538      16.17969303
H       17.55302735       7.50790034      15.31919760
H       16.31273242       6.17016610      15.20443815
H        3.41625965       4.17202962      13.37692474
H        2.23333986       3.89136850      11.16378883
H        0.65746105       4.85980020       9.88750748
O        5.95722421       1.05556117      13.41579373
C        2.38727714       0.18784751      13.81954304
C        3.60299458       0.57239617      13.28145103
C        2.42355631      17.52740559      15.16911470
C        4.77575675       0.73295135      14.01842144
C        1.21343760       0.08285144      12.90652860
C        3.60855418      17.57579937      15.91147224
C        4.81498992       0.40925993      15.37535231
H        3.69369116       0.79502911      12.18396836
H        1.44748654      17.21065260      15.58008994
H        1.52110289      17.29268934      11.97875493
H        0.50603020      17.02584377      13.16993329
H        0.73418165       0.97875585      12.66322443
H        3.55871592      17.31126371      16.91523800
H        5.76883301       0.34237515      16.02648246
H        6.62187330       1.13835346      14.12298394
O        0.88039436      12.11817074      13.30846773
C        2.87931208       9.42509893      14.93233984
C        2.13533420      10.65120666      14.74276255
C        2.91293382       8.51155747      13.98019958
C        1.40234132      10.85919356      13.54343559
C        3.42657853       9.09982147      16.26821343
C        2.06693984       8.68578513      12.83619380
C        1.28825244       9.86426223      12.60075106
H        2.19713399      11.42860344      15.48097147
H        3.48691745       7.58284424      14.17427688
H        3.82679875      10.10369648      16.60374900
H        2.82432578       8.51040601      16.96531590
H        4.32011458       8.46453562      16.18604290
H        1.96370626       7.85352104      12.09335825
H        0.80698748      10.00477829      11.68841044
H        0.95583769      12.64856556      14.06257555
O        9.18828074      14.61119074       9.95786166
C       11.39991208      15.87591449       7.18395331
C       10.92545412      15.06028520       8.22438009
C       10.67177039      16.95506006       6.75341490
C        9.66432076      15.32715513       8.87423905
C       12.67221943      15.50992045       6.41585200
C        9.45099355      17.30661739       7.39527706
C        8.95226649      16.49957606       8.40462590
H       11.56607048      14.31995252       8.59073579
H       11.10498612      17.67258325       5.99137938
H       12.29166836      14.98055047       5.54334126
H       13.17294230      16.45235228       6.01706901
H       13.44805805      14.89697115       6.87040971
H        8.93846663       0.46317965       7.10566488
H        8.05058368      16.81863002       8.77804328
H        8.35830277      14.80894086      10.38830315
O       10.45591766       8.60886303       0.13690413
C        7.79498671      11.22055897       0.69074470
C        8.97807532      10.41255467       0.89222958
C        7.04179663      11.00734170      17.19949615
C        9.38444461       9.46889669      17.61719490
C        7.45328869      12.24103561       1.75346947
C        7.47410567      10.12311810      16.20613570
C        8.63006528       9.38097281      16.43360517
H        9.54964071      10.56517462       1.81181140
H        6.09945007      11.48625122      16.99497321
H        7.66491840      13.26561601       1.48973821
H        6.42796140      12.21302036       1.99369353
H        7.98832658      11.85223052       2.64087383
H        6.99490651      10.08697382      15.23606331
H        8.82901231       8.54841168      15.70070339
H       10.49097364       7.93239620      17.14020469
O        8.12613877       1.53492748      15.06407703
C       10.70100137      17.33244001      13.27483208
C        9.39814877       0.01873129      13.69977114
C       11.80894023       0.24558092      13.92799067
C        9.29754908       1.06140757      14.69728482
C       10.94101205      16.33375224      12.20671718
C       11.72042131       1.16420663      14.90714800
C       10.46649137       1.58993897      15.33104733
H        8.53741886      17.33951199      13.12430713
H       12.79380014      17.58248430      13.75683717
H       11.59387726      16.66702850      11.37853004
H       11.40437878      15.47436364      12.69380536
H       10.05221125      16.02184348      11.72937756
H       12.64783730       1.53309960      15.41714751
H       10.42433700       2.30757292      16.18471343
H        8.21285438       2.19889049      15.75339585
O       17.00923418       8.77721567       3.42411429
C       17.27209758       6.00373728       5.94079266
C       17.60960176       6.87319821       4.89479164
C       16.14362467       6.28281395       6.69246303
C       16.78714732       7.99437915       4.50947301
C        0.41846837       4.77537620       6.38140676
C       15.39929347       7.53555763       6.50213530
C       15.66257039       8.28192983       5.35440993
H        0.79180438       6.65956938       4.26195652
H       15.79729324       5.58486690       7.50864767
H        0.10301049       3.98043506       5.73598541
H        1.43767458       4.83491117       6.09047623
H        0.32983652       4.74925201       7.45949700
H       14.62367051       7.82631876       7.17000630
H       14.97709914       9.15400809       5.07893611
H        0.17899017       8.99918362       3.41355263
O       12.21341491       9.86475263       1.85245242
C       12.73305489      10.55804791       5.46275897
C       12.88657294      10.65360072       4.01776799
C       11.92443468       9.52602655       5.95127072
C       12.14713219       9.76388729       3.19092283
C       13.45814861      11.45450663       6.45849470
C       11.29807055       8.56984934       5.17957797
C       11.47402044       8.67754417       3.83056058
H       13.41811828      11.44169184       3.62431324
H       11.91481202       9.47318667       6.99027474
H       13.55405911      10.93238923       7.37945557
H       14.50340671      11.63519621       6.21030497
H       12.93242219      12.41672800       6.52490559
H       10.90717816       7.66786097       5.69096459
H       11.08200040       7.89856902       3.26313600
H       11.61437830       9.31808807       1.40518853
O        8.73918452       4.23455748      16.22294435
C        5.20723302       4.52649631      16.95664426
C        6.42176837       4.01108349      16.45569596
C        5.12440040       5.85997143      17.35262222
C        7.55853990       4.82434915      16.55515169
C        4.06484990       3.64538749      17.00820356
C        6.27872209       6.70579492      17.30948237
C        7.49703982       6.12662104      16.93155194
H        6.46501336       3.02381152      16.15320480
H        4.18738221       6.30703959      17.62865672
H        4.07900976       3.09646096      16.05377381
H        4.06918464       2.98590050       0.18001464
H        3.13029793       4.08019641      17.04627595
H        6.13100367       7.74185173      17.56126005
H        8.40792771       6.70820588      16.86223897
H        9.39078920       4.88855428      16.00172092
O        5.82608251       0.84540176       2.01450152
C        2.41901624      17.27475136       2.22026339
C        3.49086624       0.45066041       2.13362243
C        2.68428106      15.87341392       2.16457630
C        4.79132913      17.67232106       2.14208383
C        0.95748968       0.01276677       2.28420503
C        4.01233086      15.37040709       2.22621129
C        4.99945705      16.29441759       2.08486067
H        3.34530975       1.48374021       1.99541348
H        1.83642466      15.21114972       2.22269478
H        0.60055725       0.00151262       3.30934280
H        0.77687110       1.09739354       2.15595355
H        0.16938093      17.17237519       1.70560862
H        4.22295774      14.29446436       2.19691635
H        6.00103154      15.87362682       1.95477606
H        6.61627118       0.52791119       2.48959943
O       10.69099196       7.58563330      13.12368705
C        7.20496831       8.83224883      12.61517518
C        8.64875185       8.68030447      12.61563068
C        6.40352335       7.77227865      12.95831862
C        9.32605701       7.56031485      13.10062219
C        6.48205668      10.10254065      12.22742710
C        7.07452376       6.66134979      13.42860980
C        8.49367086       6.49059389      13.41538449
H        9.29204476       9.52458181      12.36751633
H        5.41179987       7.74608235      12.77336500
H        5.80717942      10.29436190      13.07566742
H        7.23696650      10.92176459      12.26837791
H        5.84770270      10.03981184      11.32218610
H        6.44079677       5.78390024      13.55551293
H        8.89474439       5.50967667      13.69910155
H       11.15714503       7.93143489      12.28790493
O       14.88732064       8.58850605       1.26717448
C       14.86349593       9.03361511      15.34855275
C       14.60195067       8.50149616      16.65494836
C       16.04828584       9.68957181      15.21084927
C       15.35849368       8.86161962       0.07314007
C       13.88789140       8.78877898      14.13651307
C       16.92935903      10.01286543      16.24997851
C       16.54531037       9.56532580      17.58073119
H       13.70617878       7.87877049      16.77941169
H       16.29778413      10.09972760      14.28707181
H       12.81777544       9.06414735      14.31722605
H       14.16446274       9.40630531      13.31743735
H       13.83592550       7.78656601      13.62607913
H        0.02618321      10.66389298      16.18416512
H       17.14393626       9.76560336       0.70887386
H       15.42208105       9.07921910       1.84259949
O       10.03491724      11.13938517       9.23475193
C        6.55313951      10.27703442       8.39340424
C        7.70179664      11.02747637       8.89468568
C        6.66376901       9.13212116       7.63383975
C        8.98652685      10.53013459       8.65661187
C        5.15601657      10.62644470       8.90913301
C        7.97408466       8.69593159       7.34115640
C        9.09108565       9.36741368       7.86949920
H        7.50070746      11.87508220       9.57254134
H        5.89961372       8.50472175       7.25893331
H        5.44539980      11.46040154       9.56502068
H        4.64043017      10.92700463       7.98804255
H        4.61134584       9.80347207       9.36494194
H        8.20009489       7.94730415       6.58905031
H       10.08036566       8.99336221       7.64854533
H        9.80549597      12.02498456       9.47187068
O        1.16262907      11.88315753       1.54290733
C        0.92029289      13.94284183      16.25903002
C        0.51002457      13.14357379      17.36068512
C        2.29379938      14.17701174      16.03357531
C        1.58162584      12.55009593       0.40389051
C       17.51057574      14.61183535      15.54498928
C        3.28306502      13.39632528      16.72503447
C        2.94505651      12.53649034       0.05554162
H       17.17311568      12.98319453      17.65632207
H        2.63365704      14.85330468      15.19381177
H       16.49523361      14.16221491      15.62370482
H       17.51909116      15.69356136      15.75975570
H        0.11439294      14.54574569      14.51521635
H        4.30954154      13.51146709      16.40629858
H        3.62160180      12.05238451       0.73008936
H        0.22115547      12.02045740       1.65438960
O       15.75168533      15.39856590      13.16375249
C       16.82479653      14.12667177       9.85727847
C       16.82511462      14.39358675      11.24006765
C       15.87493952      14.84967079       9.10851236
C       15.79479656      15.21054641      11.82846338
C        0.26968517      13.35369847       9.16106717
C       14.86971930      15.64046141       9.66799790
C       14.83855786      15.82391931      11.03689988
H       17.60801084      13.86475175      11.78702027
H       15.98209156      14.76559576       8.02920304
H        1.01559627      12.90621627       9.86359701
H       17.52109882      12.51626035       8.57197805
H        0.86448272      13.85545744       8.36147034
H       14.12631513      16.20314149       9.12767013
H       14.06959148      16.44663150      11.44948768
H       15.60751254      16.27428649      13.41287411
O       12.90761053      12.28598556       0.94481399
C       12.44888249      12.82497507      15.02373137
C       12.57215517      12.09482762      16.19899480
C       12.61191550      14.20010302      15.00099845
C       12.81987771      12.86807620      17.41257232
C       12.04113560      12.15761058      13.69916771
C       12.88070595      14.90668446      16.17431685
C       13.03687171      14.27026421      17.38522307
H       12.41945191      11.08144819      16.15567081
H       12.58559585      14.69007205      14.02297313
H       12.16045674      12.79132022      12.82970731
H       12.79909267      11.39111017      13.53313281
H       11.06826258      11.63573782      13.76412206
H       13.04361619      15.98171004      16.22523592
H       13.33892115      14.86653079       0.49424859
H       12.57368721      11.35787654       1.03431479
O       10.54610121       6.64512990      15.85516664
C       13.50247622       4.59453473      15.03722410
C       12.50546413       5.64957933      14.95336874
C       13.60553412       3.84260420      16.22943253
C       11.63143050       5.83157207      16.00735554
C       14.37628923       4.20556398      13.81787937
C       12.81997298       4.22841034      17.37363203
C       11.85491349       5.25016711      17.27094612
H       12.42057331       6.36622243      14.04994109
H       14.33976372       3.07461562      16.20284545
H       15.49014141       4.31429863      14.08257343
H       14.25882399       3.19527570      13.52829136
H       14.19207252       4.91256073      12.95617279
H       12.93800694       3.76851587       0.60910611
H       11.31826056       5.48486133       0.46598822
H       10.57542879       7.29414750      15.09869866
O        4.26549454      14.63958480       9.05210012
C        1.58716040      16.99156446       8.06097707
C        2.54482452      16.31956102       8.83669024
C        1.41669898      16.53213948       6.75185878
C        3.46868817      15.42846151       8.26308810
C        0.69825246       0.28411143       8.69858894
C        2.29714047      15.60031471       6.15274814
C        3.40260726      15.11651204       6.87429345
H        2.69143772      16.54601741       9.96168803
H        0.66631862      17.01390140       6.12277567
H        0.74798512       1.14015005       8.13810514
H       17.35672995      17.61456527       8.74566264
H        0.85705193       0.64279733       9.69171436
H        2.09454870      15.52396664       5.15189418
H        4.02196110      14.40409250       6.31020378
H        5.06900029      14.34189266       8.62654059
O       12.35802037       1.13214211       3.38731740
C       10.21041847      16.65875421       1.27543043
C       11.32034376      17.10509996       2.05092989
C        9.19005835      17.59190563       0.91482270
C       11.37995857       0.73512895       2.54388060
C       10.12855115      15.16154590       0.75978670
C        9.26534451       1.23865334       1.40871444
C       10.35744067       1.66451558       2.13582845
H       12.13895476      16.43191323       2.20683258
H        8.42411273      17.27773851       0.29315392
H       10.35907455      15.00640572      17.34017168
H       10.81803511      14.51596239       1.30879259
H        9.06157402      14.84136342       0.88085220
H        8.53795224       1.95747711       1.11303424
H       10.40681054       2.74177087       2.38451880
H       12.47569804       2.08075252       3.44960812
O        6.64001696      13.61637621       7.73910811
C        9.09413417      13.88046491       4.99563191
C        8.44776823      13.41872710       6.12152816
C        8.58688199      15.03488199       4.33046427
C        7.35344646      14.12372177       6.72020915
C       10.32289042      13.18341241       4.45174719
C        7.50594888      15.75034989       4.91658119
C        6.88010843      15.23315573       6.09641505
H        8.64963029      12.47145912       6.57965631
H        8.96986452      15.37103976       3.35189617
H       10.61937425      12.44852388       5.16036492
H       10.07575646      12.73339160       3.46194302
H       11.16363945      13.89038330       4.18750746
H        7.09302532      16.61179405       4.37370719
H        6.04667987      15.82550298       6.53773974
H        6.90511080      12.72823255       7.91327600
O        6.32175701      15.24237747      10.77478507
C        7.24283476      13.34317816      13.87255015
C        7.24687569      14.20789745      12.75274402
C        5.97120874      12.75824715      14.16125085
C        6.17259967      14.41550581      11.87754183
C        8.54490869      13.16439455      14.62627572
C        4.82199588      12.96245592      13.34911512
C        4.91299509      13.88392461      12.27340915
H        8.18428961      14.75170822      12.44181034
H        5.85909324      12.12138186      15.02697508
H        8.42565563      13.67338682      15.56725512
H        8.90150230      12.18082998      14.94881231
H        9.24803468      13.59763000      13.95545969
H        3.80873800      12.54339748      13.55246216
H        4.09216140      14.17072410      11.70324526
H        5.52074382      15.12919754      10.27382875
O        5.95589263       3.05936533      11.21236377
C        9.44483989       4.46976448      10.99905538
C        8.25559309       3.69193465      11.48551404
C        9.21170602       5.55952974      10.08401808
C        6.95733629       3.91578720      11.01637276
C       10.83162401       4.04993214      11.34458248
C        7.86650278       5.78592932       9.69824639
C        6.80635463       5.05811040      10.18202082
H        8.34927058       2.82214182      12.10812197
H       10.01624003       6.25878837       9.77188110
H       11.02362539       4.49264803      12.26007187
H       10.86983377       2.99845140      11.27842979
H       11.62033246       4.42560492      10.68241600
H        7.66033617       6.59426632       8.99350784
H        5.80335808       5.18641874       9.84222571
H        6.15288315       2.28516953      11.73464814
O       14.64577814       5.63951319       2.48226162
C        0.51617764       5.17900815       1.76613773
C       16.97014900       5.81696472       1.75065671
C        0.69580800       3.95158937       2.44896885
C       15.93631365       5.17780809       2.46789714
C        1.71108479       5.94609447       1.26712563
C       17.35709124       3.35595596       3.15630678
C       16.11188185       4.00174137       3.14250363
H       16.88401736       6.77019610       1.32225283
H        1.68881903       3.43994671       2.50667499
H        2.60793000       5.37305871       1.33736823
H        1.39118160       6.20937321       0.26657511
H        1.84284640       6.80069357       1.93415408
H       17.44259777       2.41228514       3.74791570
H       15.29435241       3.62226468       3.64507654
H       14.49673958       6.50893940       2.08443902
O       15.55421017       0.66528852      13.41200967
C       15.67139009       1.11538250      17.18400055
C       15.35399940       0.62975050      15.86723088
C       16.78789277       2.01958207      17.25633129
C       15.93944226       1.06875462      14.65026910
C       15.05864186       0.46403461       0.70202999
C       17.41755514       2.45588235      16.10030087
C       16.94493662       2.07222064      14.81457070
H       14.68483570      17.52262042      15.81270699
H       16.99232104       2.51589934       0.48702942
H       14.09440002       0.84928931       0.64223966
H       14.95479642      17.07527042       0.70191604
H       15.56519290       0.93568499       1.56920065
H        0.50306223       3.30341882      16.07238266
H       17.46408730       2.45145062      13.93484258
H       15.80535979       1.31259040      12.71449606
