512
Lattice="17.7128441229 0.0 0.0 0.0 17.7128441229 0.0 0.0 0.0 17.7128441229" Properties=species:S:1:pos:R:3 pbc="T T T"
O       11.98476600       5.25690246       2.97677869
C       10.43267313       4.44804118       6.15243688
C       10.65279268       4.62546781       4.82306586
C       11.44560740       4.70737637       7.02745103
C       11.86086199       5.12286500       4.33662831
C        9.07662808       4.06670694       6.63790595
C       12.67519381       5.12325822       6.61530700
C       12.87234814       5.41464369       5.21222066
H        9.86621105       4.35158265       4.07795298
H       11.31888746       4.75970825       8.09560887
H        8.40233613       4.91285012       6.33862098
H        8.74703767       3.04569732       6.33131914
H        9.05944909       4.14991793       7.70752198
H       13.47707667       5.28212605       7.27299901
H       13.87299734       5.64320789       4.94974449
H       12.67766436       5.89883265       2.75810036
O        4.96045013       3.25871458       3.19748478
C        7.47922618       5.89506263       3.06460378
C        6.76075278       4.78131097       2.66436501
C        6.98478250       6.69682785       4.13720074
C        5.56448405       4.43459632       3.37730189
C        8.74469659       6.33799982       2.27427859
C        5.86803192       6.31861849       4.86144994
C        5.10916718       5.21067775       4.42161347
H        7.13300810       4.25737348       1.84073386
H        7.53015237       7.63327524       4.39634556
H        9.26598528       6.97867429       3.05997179
H        9.39133964       5.48281605       1.88190312
H        8.38618101       6.94962381       1.43548609
H        5.57396096       6.98163634       5.66885288
H        4.19210217       4.85000323       4.96092222
H        5.47885584       2.57486229       2.73187174
O       17.02369786       0.96359263      11.11330126
C       15.50020399       2.53613810       8.13051254
C       16.51051278       2.05949385       9.01545559
C       14.14215704       2.21982543       8.32460723
C       16.11084076       1.33499679      10.17351005
C       15.91641483       3.20482342       6.82907636
C       13.77097475       1.41694715       9.42238726
C       14.69923596       1.08965376      10.41371501
H       17.58617258       2.17298495       8.79718886
H       13.39339267       2.54011786       7.59178060
H       15.07692929       3.73717491       6.45425419
H       16.72215230       3.87607268       7.03605377
H       16.14502961       2.52146594       5.97325911
H       12.75878962       0.93440389       9.57823326
H       14.37170343       0.63172395      11.33663344
H        0.23388872       1.32751447      10.96691790
O        4.12471498       1.93702957      10.38931113
C        3.41536739       1.80068682       6.71257159
C        3.20494340       1.96481660       8.10247879
C        4.74873188       1.55696675       6.25194046
C        4.29363862       1.87386097       9.05491186
C        2.22696327       2.05372157       5.71716417
C        5.83022587       1.53147729       7.17073879
C        5.58058555       1.71963844       8.53493018
H        2.18383877       2.05442986       8.46702207
H        4.96058828       1.56960214       5.14264557
H        1.59209371       1.15267277       5.68426353
H        1.62449391       2.93414352       6.00444917
H        2.61884425       2.22052259       4.68740147
H        6.87237730       1.49502166       6.65295590
H        6.44182354       1.76971577       9.18397664
H        4.96807379       1.86623819      10.79300164
O       10.77392712       7.53231040       8.87607824
C       12.71449677       9.78179470      10.86643292
C       11.64911913       9.19236071      10.24447910
C       13.95027719       9.09138680      11.04326268
C       11.71269448       7.88506026       9.78003307
C       12.74608918      11.19326850      11.35692536
C       13.94958751       7.74240363      10.56082064
C       12.80495228       7.09997989      10.03438047
H       10.85841265       9.87169961      10.12929630
H       14.91676928       9.42092861      11.46511214
H       13.76574703      11.58388650      11.41401670
H       12.06319740      11.73921166      10.67523241
H       12.26996782      11.18913211      12.30553787
H       14.86768558       7.24058204      10.38806241
H       12.85971133       6.16200104       9.60005990
H       10.21964689       8.19071011       8.43522076
O       14.64727451      13.56769270       2.07714769
C       15.48489039      15.46172404       5.10809255
C       15.24983918      15.10459254       3.76362906
C       15.43717062      14.42288496       6.04156420
C       14.99844802      13.76255589       3.37113658
C       15.76201653      16.87118763       5.49487085
C       15.13342808      13.04508535       5.69174417
C       14.92299301      12.73037995       4.33437885
H       15.21801861      15.91615908       2.95800494
H       15.71505148      14.72756800       7.08091174
H       16.41319792      16.86303853       6.39183365
H       16.38816259      17.43244987       4.73056627
H       14.93247321      17.41852199       5.84515319
H       15.15417060      12.35242835       6.54375854
H       14.72453535      11.70492414       4.04363317
H       14.14869556      12.77106956       1.93714339
O        0.24762492      10.56467419       0.77327971
C        2.86831498       8.70084625       2.38885483
C        1.93501487       9.07935725       1.38747337
C        2.91354997       9.37080728       3.62995985
C        1.16174121      10.19340454       1.64376528
C        3.66508837       7.41859169       2.25314679
C        2.18414507      10.49347093       3.85581874
C        1.22603456      10.87847082       2.88823474
H        1.89714807       8.44692216       0.60960965
H        3.44550122       8.95500050       4.44719724
H        3.83707997       7.00322578       1.28964889
H        4.64412573       7.61489922       2.72622653
H        3.17974977       6.61418553       2.80634642
H        2.32243341      10.93696437       4.80872686
H        0.66513787      11.76652871       3.07505083
H       17.59304243      11.42372728       0.97012733
O        1.64309189       6.38767194       9.54799666
C        3.14220029       9.51110681       8.53354379
C        2.20802881       8.60541880       9.08482773
C        4.38286541       9.04299879       7.97936521
C        2.53980085       7.22949421       9.01691133
C        2.98029220      11.01032654       8.66857587
C        4.68990869       7.69074936       8.06132792
C        3.75603658       6.77496576       8.51201795
H        1.24940187       8.82523098       9.54476290
H        5.10329244       9.70400218       7.55327886
H        3.10455004      11.38111037       9.60790136
H        3.68478957      11.59461191       8.07985237
H        2.00003406      11.36709838       8.31217117
H        5.54981008       7.15783554       7.75534513
H        4.04211245       5.82519215       8.50871386
H        2.15856093       5.72063847      10.03428625
O        1.48817548       2.26971615      11.07736346
C        0.35759307       5.24560139      12.94548764
C        0.29877983       4.18843129      12.05650005
C        1.52769718       5.40333928      13.73895395
C        1.41704446       3.32835265      11.89374795
C       16.93074276       6.17376836      13.14627078
C        2.69219106       4.62065766      13.58020079
C        2.57499321       3.51899152      12.66936583
H       17.13130199       3.95359676      11.45458283
H        1.60559490       6.06272352      14.52928342
H       17.28630760       7.19507980      13.21679717
H       16.18896252       6.25801375      12.27276969
H       16.26784507       6.14655550      14.02142233
H        3.64615172       4.68778523      14.13741500
H        3.36591508       2.79318765      12.56935299
H        2.36066551       2.19904881      10.78769977
O        7.36601291       0.80680044      13.79732523
C        4.08338627      16.67886476      13.54590373
C        5.16963029      17.47938749      13.21072843
C        4.08755476      16.00038037      14.83750496
C        6.27453788       0.00570289      14.08097759
C        2.85787666      16.87310586      12.59478332
C        5.18567815      16.23130947      15.66403971
C        6.26021946      17.03495330      15.25078400
H        5.15328695       0.27896299      12.29559045
H        3.39966117      15.42814005      15.29936852
H        2.58592443       0.23590578      12.58008686
H        3.15618596      16.60054280      11.53051292
H        1.96571652      16.38473608      12.93417763
H        5.12233789      15.91487401      16.68589111
H        7.01221114      17.21216946      16.04853521
H        8.21163275       0.53130975      14.31210629
O        0.23733296      10.48554064      13.88289555
C        3.11010433       8.38979443      14.62083345
C        1.89112483       9.14247654      14.78350075
C        3.66637576       8.34891966      13.31710754
C        1.33400751       9.80049368      13.71045392
C        3.80991020       7.86596173      15.79392846
C        2.98533570       9.00067050      12.19535780
C        1.79880073       9.66861877      12.37596742
H        1.47683223       9.04885951      15.75812188
H        4.58357256       7.84239045      13.24321561
H        3.26482429       7.16438237      16.42329603
H        4.67584529       7.22342948      15.52175013
H        4.28828321       8.53628332      16.47455842
H        3.37399230       8.86640739      11.28354218
H        1.32101427      10.16816429      11.54099540
H        0.07845536      10.55828901      14.86331039
O        8.25016950      14.91743252       9.22408311
C       10.92772360      17.27920017       8.09977568
C       10.14833641      16.03472433       8.18917841
C       10.41735282       0.78969936       8.56470468
C        9.04369034      16.06333569       9.01797863
C       12.23720633      17.13456005       7.33209684
C        9.29428773       0.82848677       9.41059171
C        8.65386523      17.27163216       9.61870243
H       10.45219746      15.13723170       7.72488362
H       10.96632917       1.68162845       8.30505331
H       12.46890952       0.25659292       6.69181577
H       13.08113567      16.89458553       8.04814755
H       12.19100948      16.25034252       6.64364122
H        8.88024316       1.59949258       9.98422194
H        7.86460502      17.17098503      10.35166423
H        7.48172470      14.94594488       9.75009611
O        9.23417591       9.38911610       1.18383457
C        6.65612270      10.93067047       3.38616722
C        7.87423153      10.31127209       3.01563043
C        5.79043200      11.45493873       2.46258324
C        8.17838722      10.13343233       1.67476614
C        6.13661724      10.77426993       4.78785083
C        6.23776410      11.39539547       1.13823073
C        7.32299468      10.67293069       0.65350852
H        8.49083458       9.90625353       3.75518519
H        4.92361600      11.97364095       2.85776650
H        5.05931721      10.64636941       4.85084819
H        6.54507484       9.87620544       5.19377419
H        6.33903304      11.61544969       5.37592023
H        5.70851977      11.83215240       0.31380756
H        7.53499934      10.64068508      17.28306729
H        9.41151103       9.47588192       0.22829682
O        9.74602618       0.54267595      14.73663535
C       12.05587026      16.54597615      12.47252159
C       10.87886215      17.08590932      13.02228851
C       13.25320924      16.73496648      13.11972192
C       10.91657136       0.04869236      14.21739559
C       12.00120565      15.49638206      11.41889689
C       13.31339099      17.58875699      14.25149302
C       12.11443956       0.30644412      14.81654358
H        9.93816483      16.87756293      12.50589436
H       14.12510346      16.16899427      12.84447805
H       12.25561013      14.47623174      11.81379605
H       11.02954308      15.39916984      11.01414097
H       12.62956583      15.93399436      10.67828807
H       14.29389091       0.09570410      14.65714703
H       12.17163987       0.97648572      15.68496584
H       10.00016069       1.22869782      15.38842879
O       15.95977021       9.69828048       2.80885516
C       17.30698217       7.47674550       5.42739001
C       17.21681366       8.20506347       4.22598229
C       16.28980962       7.51422168       6.33063519
C       16.07525111       8.99441282       3.89085717
C        0.90572737       6.67583448       5.77750005
C       15.16048663       8.25700850       5.99432766
C       15.05715919       8.89793655       4.81398632
H        0.23539528       8.20726278       3.49074737
H       16.40915830       6.96722861       7.25017835
H        1.01418856       6.18297064       6.75513306
H        0.79941055       5.80656500       5.06271109
H        1.81434312       7.19549336       5.56868964
H       14.23445842       8.19597862       6.60000382
H       14.10046666       9.37153895       4.52987026
H       16.70692316       9.62575704       2.28059609
O       11.13670632      10.88553057       2.69217008
C       12.16686183      10.55022961       6.13237225
C       11.80101611      11.14822108       4.94270614
C       11.90251177       9.20830805       6.32609586
C       11.36365822      10.33842869       3.90089137
C       12.59554501      11.27729962       7.37468043
C       11.48202490       8.36488439       5.25739291
C       11.12085873       8.93243218       4.03784755
H       11.96657215      12.19723878       4.80320950
H       12.07051914       8.70937809       7.29841523
H       13.45054050      10.78815273       7.82899596
H       12.76647689      12.30155227       7.20608399
H       11.85475314      11.31548027       8.10976052
H       11.24781634       7.34575047       5.49844146
H       10.69995969       8.33056435       3.24107003
H       10.57984421      10.22527436       2.27634577
O       10.00583182       2.69820534      16.35810871
C        6.25319410       3.39713838      16.44050448
C        7.55664681       2.77150569      16.31518560
C        6.30248108       4.79133514      16.47701551
C        8.78296663       3.40778550      16.31431091
C        5.02575057       2.58760251      16.66704595
C        7.51364522       5.49284269      16.40131804
C        8.75615468       4.83076459      16.36910991
H        7.52197515       1.74603014      16.35140062
H        5.38883420       5.27717324      16.52047873
H        4.44273399       2.99444296      17.52633964
H        4.44965890       2.42927492      15.77403055
H        5.31494158       1.58479627      17.04586729
H        7.38057919       6.55436344      16.24021653
H        9.66884380       5.45566730      16.26466362
H       10.79201467       3.21613602      16.64051045
O        6.84434198       1.02780615       2.40714459
C        3.86394068      16.49571435       1.90006732
C        4.66645654      17.68094546       2.10541785
C        4.42795150      15.20666737       1.92216674
C        6.09883290      17.57825849       2.21284443
C        2.34646428      16.62989412       1.79311929
C        5.82459385      15.14107520       2.15922283
C        6.64785471      16.28322687       2.24337645
H        4.19886205       0.96844491       2.27121243
H        3.89249251      14.26126533       1.80613492
H        2.16072081      17.47470703       1.07313609
H        2.10541636      15.73237930       1.22524067
H        1.77799720      16.76975652       2.70844737
H        6.44151072      14.25650915       2.16187622
H        7.69397688      16.26956912       2.58710751
H        7.66266789       0.86018028       2.77002750
O        9.99431520      10.44965882      16.65332192
C        9.33677956      10.88134559      13.07243844
C        9.66216829      11.20983497      14.41448016
C        9.00723396       9.51512633      12.81671930
C        9.66959042      10.21507404      15.35815658
C        9.35385432      11.99146720      12.00207225
C        8.92914680       8.48661630      13.81446998
C        9.24334020       8.92080763      15.09760314
H       10.07551191      12.21463467      14.66413281
H        8.78748365       9.09182221      11.79084807
H        9.76701224      11.56857228      11.06126232
H        8.37388970      12.39156968      11.75643528
H        9.97229796      12.84123625      12.28758270
H        8.44515954       7.49558368      13.54226683
H        9.16735549       8.07129007      15.82370430
H       10.15027393      11.39453351      16.79791364
O       13.50965505       8.74899955       1.36743141
C       13.02603278       8.44236206      15.48291573
C       12.88900940       8.18354820      16.86513710
C       13.99344614       9.37259499      14.98881646
C       13.69608870       8.94719761       0.05891366
C       12.13515967       7.59512659      14.54487625
C       14.81624056      10.06433893      15.90848902
C       14.65011333       9.86693889      17.31210119
H       12.01470553       7.54321423      17.06000127
H       14.18923310       9.55445261      13.90591630
H       12.90282150       7.08063335      13.95671204
H       11.44683590       6.87591249      14.99793312
H       11.69526322       8.26328973      13.79314656
H       15.58149180      10.81183629      15.53919536
H       15.30200754      10.47475226       0.19986585
H       13.97643550       9.45355840       1.85798503
O        8.81101869      12.98742489       7.29658239
C        7.18158289      10.33380035       9.31036718
C        7.62242518      11.56128637       8.80265439
C        7.56853770       9.16434897       8.58191729
C        8.41975909      11.69863120       7.67238904
C        6.15530060      10.31363641      10.41084192
C        8.36452226       9.34031126       7.39936159
C        8.77304411      10.60135807       6.93035437
H        7.23305348      12.49359642       9.34402408
H        7.40059808       8.14141819       8.90717328
H        5.85961904       9.30661345      10.55080991
H        6.54991580      10.77221999      11.27099239
H        5.38044573      10.94163997      10.19193967
H        8.57906508       8.45384607       6.84238058
H        9.39031019      10.81703611       6.06115429
H        8.65738522      13.66800947       7.96640525
O       17.38031596      13.79971576       1.21962345
C       16.75048309      13.74099208      15.35181804
C       16.56668222      13.69906541      16.69736550
C        0.29855379      13.45952544      14.83484141
C       17.63910531      13.67916767      17.60178436
C       15.47858200      13.87802875      14.58614112
C        1.40975807      13.39772878      15.73252929
C        1.23722566      13.56795282      17.09626402
H       15.55087986      13.83851433      17.11575403
H        0.51193110      13.50270188      13.78616113
H       15.66964329      14.03269140      13.52787904
H       14.95138220      12.91127499      14.70542841
H       14.86597413      14.71378175      14.98687847
H        2.32583349      13.23196872      15.22151879
H        2.20245530      13.51143361      17.67090624
H       16.53736853      14.15442930       1.42051993
O        0.22271824      15.01877295      11.89515111
C       16.49337672      12.24613214       9.88344115
C       17.41255320      12.94546934      10.62976356
C       15.35225458      12.87906354       9.30842968
C       17.14835993      14.28101162      11.00878308
C       16.79572796      10.82007267       9.41569846
C       15.06331518      14.19999232       9.65968355
C       15.98208778      14.91860575      10.48519158
H        0.53096594      12.36355247      10.97451554
H       14.82245954      12.26559502       8.60724257
H       15.90791163      10.44178597       8.86182178
H        0.06948427      10.73007627       8.96247471
H       16.89851382      10.23489617      10.30010354
H       14.10648288      14.56354646       9.35782349
H       15.83568759      16.00271996      10.72999396
H       17.45264499      15.73176391      12.26235680
O       12.72945582      11.84492551       0.84911626
C        9.92113861      13.92336199      17.26612874
C       10.70573112      13.06730735       0.39026793
C       10.46975627      14.41252902      16.06583311
C       11.99810073      12.69170439       0.07993229
C        8.53689102      14.33443747      17.66800015
C       11.79086866      14.09820607      15.74408395
C       12.51142699      13.20994734      16.61526063
H       10.32160640      12.76918850       1.39213348
H        9.88112966      15.15152670      15.45763939
H        8.35401222      15.34517109      17.46628648
H        7.76847445      13.69653479      17.28153056
H        8.47287653      14.31617591       1.07192668
H       12.24176958      14.51156206      14.85534185
H       13.41119489      12.78269908      16.25868185
H       12.04676974      11.46537748       1.42988138
O       11.71385959       4.68878795      17.18276462
C       13.95959225       3.81097908      14.42163668
C       12.82824852       4.25876504      15.15295993
C       15.06649263       3.34203230      15.13453208
C       12.74359784       4.11946764      16.53193912
C       13.99257285       3.71844509      12.92311363
C       14.97106246       3.20138238      16.57174640
C       13.76249638       3.43198366      17.25278990
H       12.00303842       4.68448960      14.55996847
H       16.03875364       3.21267423      14.65851331
H       13.24602968       2.99109449      12.72128685
H       13.74756429       4.58480649      12.34147741
H       14.92579214       3.39410250      12.65792444
H       15.77152442       2.74752952      17.09901652
H       13.69450097       3.39829488       0.51580590
H       11.85049535       4.83714891       0.40842085
O        5.63734833      15.53896304       7.79914806
C        2.02757406      16.02299464       7.78642121
C        3.38237510      15.96818009       8.16214335
C        1.63134913      15.54239416       6.56889905
C        4.37841806      15.44676474       7.34301294
C        0.99840202      16.75259343       8.67509724
C        2.65736835      15.15904467       5.60540158
C        4.01896142      15.02511353       6.06513621
H        3.59129128      16.34240734       9.15941585
H        0.59806839      15.65114499       6.12482633
H        1.32733006      17.64534100       9.16953327
H        0.12051111      17.00418162       8.11715051
H        0.67693085      15.99315728       9.39573515
H        2.40561371      14.97961144       4.55201636
H        4.74913936      14.61885467       5.38729515
H        6.33105845      15.29028554       7.16691306
O       13.37711398       2.08480005       3.81396845
C       12.61859692      17.64687746       0.91979026
C       13.29889746       0.54788427       2.03136310
C       11.26824313       0.35464916       0.57196600
C       12.63981490       1.59521179       2.75745431
C       13.31632146      16.45179020       0.30502567
C       10.68674461       1.44617403       1.23920757
C       11.39166356       2.08392809       2.26582102
H       14.17099827       0.20545496       2.60436923
H       10.75887379      17.57394292      17.48770401
H       13.76630939      16.68551293      17.05985999
H       14.07415841      16.16444000       0.99635978
H       12.68603756      15.56365000       0.33068835
H        9.70346864       1.73779671       0.88647515
H       10.96849772       2.91018286       2.82414639
H       13.19421093       3.02022385       4.07359581
O        7.21591449      14.76291188       5.68971807
C       10.49819310      15.44000667       4.15062969
C        9.41557473      14.74894413       4.63858081
C       10.38909915      16.81703500       4.12655118
C        8.29102935      15.38906517       5.16215622
C       11.72056852      14.67099414       3.70097208
C        9.25297523      17.56826230       4.54242217
C        8.30419976      16.78067813       5.14476739
H        9.54763312      13.66804770       4.68179306
H       11.27114963      17.44280214       3.77284163
H       11.39954442      13.83521812       3.10008104
H       12.30370352      15.37716981       3.03643200
H       12.38429473      14.45142712       4.52992122
H        9.25531830       0.89818988       4.59881885
H        7.46516586      17.31357063       5.39976894
H        7.46173402      13.93032091       6.11686104
O        5.97739565      15.25945788      10.57768687
C        5.56074336      13.08601954      13.58169528
C        6.10633195      14.02326025      12.67885628
C        4.24137833      12.61444309      13.40089267
C        5.41182131      14.37356525      11.49160287
C        6.33215449      12.68985884      14.77021385
C        3.59040001      12.93896839      12.23590130
C        4.20333741      13.72520898      11.25408032
H        7.07645181      14.43303644      12.87904002
H        3.78725672      11.95961282      14.14433676
H        5.65385075      12.09251161      15.48036962
H        7.14773645      11.96140635      14.44013164
H        6.73543536      13.51448638      15.28820984
H        2.59302492      12.55755947      11.98551721
H        3.62153578      14.01467129      10.41016397
H        5.34743020      15.51335656       9.96323261
O        6.07131797       2.66145451      12.40596436
C        9.22283109       4.54003288      11.88306718
C        8.32457380       3.58265595      12.33433690
C        8.73557688       5.65590769      11.14695883
C        6.97973296       3.66834552      12.09352422
C       10.64177555       4.33578173      12.06332815
C        7.34647829       5.75946321      10.97584533
C        6.48470424       4.70055970      11.40701845
H        8.74426091       2.74875276      12.77792686
H        9.26083632       6.39946438      10.71090656
H       11.10392472       3.70173490      11.27301497
H       11.14377486       5.34226872      12.09910588
H       10.79778160       3.78733210      12.93197548
H        6.90101091       6.61283564      10.55898018
H        5.47921698       4.75739379      11.27320195
H        6.41833135       1.93007604      12.86724453
O       14.57853046       6.41907670       2.53907340
C       17.46149611       5.25533209       0.44231921
C       16.26354804       5.92001316       0.90380020
C        0.41020672       4.40291561       1.34056025
C       15.69531901       5.66924520       2.16507952
C        0.15124590       5.27020806      16.72331370
C       17.62303112       4.20565540       2.69452554
C       16.40676633       4.85811474       3.04156977
H       15.67663869       6.55113440       0.26431775
H        1.28296005       3.97124042       0.98204220
H       17.08668439       5.57405700      15.96235992
H        1.06965292       5.89247603      16.60697121
H        0.55899495       4.27132061      16.39651627
H        0.57932111       3.73577754       3.39538778
H       16.21456193       4.84381150       4.14538775
H       14.44834346       7.18193009       1.87754797
O       16.75522172      17.05284797      13.15194006
C       17.21904308       0.00220567      16.76242415
C       16.78915064      17.09853407      15.57229281
C        0.54557670       0.90958000      16.75890756
C       17.33593194      17.49336912      14.32886604
C       16.56412184      17.37812730       0.34530730
C        1.13962518       1.26567527      15.52671337
C        0.68025262       0.64664510      14.34500506
H       15.89555229      16.44065752      15.67912847
H        0.77498649       1.32291509       0.07856593
H       16.23028383      16.31573669       0.44478702
H       17.20796298      17.57842614       1.19352634
H       15.66433144       0.28578271       0.39056133
H        1.86626548       2.05730978      15.43354025
H        0.93121038       1.01507913      13.38217427
H       16.71609801       0.07097576      12.46986399
