512
Lattice="17.7128441229 0.0 0.0 0.0 17.7128441229 0.0 0.0 0.0 17.7128441229" Properties=species:S:1:pos:R:3 pbc="T T T"
O       12.94588631       2.98254015       3.58524860
C       10.28420063       2.92302318       6.08500517
C       11.12144536       2.51491638       5.03808614
C       10.61788680       4.00406528       6.90113224
C       12.25690646       3.29798627       4.76096138
C        9.00292291       2.12424167       6.41183037
C       11.84714151       4.72708638       6.65345641
C       12.70665823       4.32066265       5.61425072
H       10.82253500       1.68226336       4.36609849
H        9.94639987       4.31510331       7.72331985
H        8.26420514       2.34893308       5.66376317
H        9.26962270       1.10302383       6.29151001
H        8.68770534       2.23736775       7.50630526
H       12.23218516       5.52772271       7.25744899
H       13.63583408       4.79036861       5.42872396
H       13.50339811       3.66639295       3.22857224
O        4.98065620       2.90007926       3.47372368
C        8.10564238       4.81080751       3.50416137
C        7.05502042       4.01278238       3.01468333
C        8.16132572       5.17526733       4.90674884
C        5.97579740       3.72995678       3.88397789
C        9.18295411       5.25810282       2.54735465
C        7.02501151       4.91539376       5.73075706
C        5.94401537       4.17152728       5.22448397
H        7.10658696       3.64683865       2.03167013
H        9.02000760       5.77503395       5.19049037
H        9.32603375       6.29798462       2.70681833
H       10.09778109       4.63997415       2.79042799
H        9.04928184       5.10339626       1.46923070
H        6.85049128       5.33611354       6.76985455
H        5.00734359       4.02368010       5.82725687
H        5.30921622       2.35896739       2.77718508
O       15.93989310       2.84733639      11.62761595
C       15.62697338       2.58126365       8.01129857
C       16.25714639       2.78770884       9.25561230
C       14.26669117       2.48035403       7.84698398
C       15.42272794       2.61709199      10.40374655
C       16.37049426       2.66805193       6.66377123
C       13.50837460       2.19108615       8.98105559
C       14.11190532       2.25350624      10.24925136
H       17.28821833       2.81132496       9.48732664
H       13.75501817       2.33644896       6.88385658
H       17.30295808       2.08258051       6.82097211
H       15.74588810       2.32723029       5.83441173
H       16.80003113       3.65652742       6.46106247
H       12.44797593       2.12945851       8.81931741
H       13.58457995       2.08537580      11.20963732
H       16.71580349       3.46039750      11.63573339
O        3.50392310       2.78777973       9.59833005
C        3.19559937       0.95225994       6.54825065
C        2.82619671       1.77574358       7.60427805
C        4.50945435       0.50787940       6.28563998
C        3.83065063       2.07798845       8.50114246
C        2.16110075       0.52802011       5.50996125
C        5.50298080       0.84487771       7.19924294
C        5.16550528       1.56834527       8.37729059
H        1.86370834       2.09510199       7.70972332
H        4.79833379      17.70819862       5.37395556
H        1.22150374       0.38900322       6.09561708
H        1.99693457       1.22376585       4.63175234
H        2.29969031      17.20184599       5.17557183
H        6.54037401       0.56889335       7.07646518
H        5.84211021       1.78692866       9.18479960
H        4.29507289       2.84922775      10.14219017
O        9.91022453       9.13950969       9.64110598
C       13.03455974      10.99539698      10.64674259
C       11.70408850      10.66096354      10.29462504
C       13.96225865       9.96009703      10.62490654
C       11.27682231       9.37789253       9.95691479
C       13.45191212      12.43031249      10.98142668
C       13.48993285       8.62517470      10.41750404
C       12.16836112       8.33448536      10.16983244
H       10.96644252      11.50711388      10.13028253
H       14.95185673      10.09469278      10.93903153
H       14.50935644      12.68422611      10.85888570
H       12.80273845      13.06605048      10.36658132
H       13.17220793      12.59880144      12.00048759
H       14.16735341       7.78606687      10.29632044
H       11.84270904       7.33841597       9.95191834
H        9.34704568       9.89945077       9.61765625
O       15.96000233      13.26638044       2.10695988
C       14.91146329      16.28470366       3.94452220
C       14.99956461      15.21407115       3.04551679
C       15.90757985      16.34722276       4.91128854
C       15.99666989      14.18974550       3.00328135
C       13.79897327      17.37948051       3.94698037
C       16.85574871      15.30738387       4.98887953
C       16.96922211      14.29931394       3.99927130
H       14.20827275      15.21895629       2.24815033
H       16.07616772      17.22666130       5.56299687
H       13.91530863       0.43037076       4.73909949
H       13.97209617       0.11662400       3.00357250
H       12.73169724      17.17760565       3.92997219
H       17.53494989      15.29655855       5.77179020
H        0.04160339      13.63176764       3.90968515
H       15.07972219      13.00835737       1.83945731
O        2.40109099      10.26013150       3.02413524
C        5.85555684       9.51967613       3.95123376
C        4.61225201       9.47943711       3.22302232
C        5.94050960      10.23708192       5.13907180
C        3.53311130      10.17991803       3.77019083
C        6.95676128       8.49918137       3.55577268
C        4.86267823      10.98415254       5.54732026
C        3.63500588      10.91417491       4.90214163
H        4.45140086       8.84263765       2.35571290
H        6.84018741      10.26943986       5.67601186
H        6.56023088       7.46585128       3.47334032
H        7.31054930       8.75023208       2.53657573
H        7.84384360       8.42018168       4.13109063
H        4.80253721      11.67752961       6.43665268
H        2.84160306      11.30180252       5.47742453
H        2.15658980      11.05172595       2.64261232
O        1.72686054       4.66751818       9.20953760
C        1.58689799       8.29296506       8.23660022
C        1.25245647       7.03281145       8.84612941
C        2.76957318       8.28601201       7.41603143
C        2.01694254       5.87512086       8.63246632
C        0.90293156       9.67439810       8.45860644
C        3.60938229       7.17163171       7.21706748
C        3.13383431       5.96694355       7.74185400
H        0.38825428       6.85827286       9.31298077
H        3.00940138       9.24598365       6.86411112
H        1.04962464      10.05565609       9.42750296
H        1.34614489      10.46477719       7.76868167
H       17.56950218       9.51334429       8.45324615
H        4.44837767       7.07311973       6.56659671
H        3.75330641       5.06409114       7.68441181
H        2.20476428       3.89641383       8.97661148
O        0.16186621       4.77021972      11.51033291
C        1.34200828       6.17091728      14.76490231
C        0.44250094       5.68106504      13.77883353
C        2.75909847       6.14074015      14.58170230
C        0.90350952       5.20029199      12.55080927
C        0.83812509       6.78016066      15.93801274
C        3.27935123       5.53446894      13.42464685
C        2.31758501       5.08821230      12.46167833
H       17.00607258       5.77788214      13.91584769
H        3.37438106       6.60993080      15.30492196
H        1.17314335       7.82716265      16.01073472
H       17.43830867       6.71386405      16.07932701
H        1.21523051       6.24254707      16.77348218
H        4.26418107       5.32616381      13.25075890
H        2.64362264       4.72581996      11.47896061
H        0.71193545       4.73188396      10.73020954
O        6.79903151       0.50570600      12.49612951
C        3.49198753       0.25776786      14.10381919
C        4.44415289       0.43336241      13.08401782
C        3.76344384      17.29880137      15.32168961
C        5.83078187       0.20925875      13.41145744
C        2.09758790       0.76459178      13.78968406
C        5.07180660      16.97490419      15.52450944
C        6.16550726      17.31287154      14.66317021
H        4.19585861       1.05934223      12.30074582
H        2.96460282      17.11864673      16.01248142
H        2.03231898       1.88443092      14.05692200
H        1.83766551       0.69732657      12.71548012
H        1.29935986       0.24013412      14.31587240
H        5.37063099      16.45098329      16.43404420
H        7.21210742      17.23122598      14.96458910
H        7.66556280       0.43114239      12.95519055
O       15.92519876      10.70232504      13.29942533
C        1.68847313      10.07272319      14.11460300
C        0.46930860      10.73414707      14.01295509
C        2.00048472       9.08461639      13.11406249
C       17.21374727      10.27927308      13.16971390
C        2.79384908      10.34063141      15.11985246
C        1.05249131       8.69394774      12.12353215
C       17.48518721       9.31656997      12.23397264
H        0.27206677      11.51198329      14.70882115
H        2.96613421       8.60055095      13.09857890
H        3.72613611      10.70709922      14.82140080
H        2.47819625      11.18468727      15.69834812
H        3.08254176       9.56167712      15.86337908
H        1.12646397       8.04586581      11.27901992
H       16.75247942       8.94081668      11.57411148
H       15.87743004      11.44101522      13.91051740
O        8.70449344      13.78636812       9.11339265
C       11.96240595      14.23937718       7.24521404
C       10.82589108      13.64965894       7.88700599
C       12.16939777      15.60432122       7.30467446
C        9.82800748      14.38315060       8.52710584
C       12.93517417      13.40257004       6.48325606
C       11.13797284      16.38960067       7.92468502
C        9.96378027      15.78852410       8.47972159
H       10.82114592      12.57933379       8.00665240
H       13.06330836      16.06186765       6.87081708
H       12.43099266      12.77410222       5.67245790
H       13.59890031      14.02462082       5.92996491
H       13.48376936      12.83636136       7.23608111
H       11.23464070      17.47756762       7.84255910
H        9.23355443      16.44751797       8.90337376
H        8.18963550      14.42839974       9.58679894
O       10.56029364       9.69598666      17.00320029
C        7.69106850      11.75292043       0.48939506
C        9.03172544      11.33026755       0.23961891
C        6.58007245      11.02353975       0.04350121
C        9.32041427      10.09531893      17.31692724
C        7.40690927      13.13715227       1.18315115
C        6.87682634       9.85764865      17.02155266
C        8.16772319       9.36666338      16.88758928
H        9.88790586      12.01604575       0.48879215
H        5.55263348      11.44370096       0.30444493
H        6.56220742      13.19523229       1.84411120
H        8.22241682      13.15873033       1.89456803
H        7.44441950      14.04949449       0.61037584
H        6.04980240       9.32738945      16.59860884
H        8.27293257       8.52862780      16.22231649
H       10.50039089       8.92774235      16.40480213
O        9.31537585       1.56399029      14.06148685
C       12.00850139      17.00552381      13.05366572
C       10.71290939      17.60185897      13.05732385
C       12.90382350      17.24027424      14.07451290
C       10.43004047       0.78117590      14.10966804
C       12.37000183      15.99591003      11.97116282
C       12.61725250       0.45750027      15.08316089
C       11.36447705       1.10155374      15.13503957
H       10.05304161      17.41259402      12.24397133
H       13.91142707      16.77986468      14.00715936
H       11.87943340      16.36399854      11.10130062
H       13.40948594      16.10427886      11.69470733
H       12.13539136      14.98671178      12.21199776
H       13.35160120       0.70952266      15.79926390
H       11.25181966       1.81765586      15.89340324
H        9.35438771       2.25548626      14.71257441
O        0.37046352      10.37953338       5.14329217
C       15.74927451       7.76613470       6.11063430
C       16.94926551       8.33928046       5.64122286
C       14.48750596       8.52511200       6.07660504
C       16.95588940       9.68815861       5.39068818
C       15.83898231       6.31498585       6.64939289
C       14.50026094       9.85784949       5.65229705
C       15.72398658      10.44433024       5.28298478
H        0.17053911       7.87250982       5.72690970
H       13.57670742       8.02884362       6.52365848
H       16.57121078       6.36571506       7.48512291
H       14.80071412       6.01719493       6.91623880
H       16.07134807       5.67890242       5.78317741
H       13.60766412      10.38596691       5.79762233
H       15.80945463      11.52592898       5.11554839
H        0.98667853       9.79825146       4.74443675
O       11.72407802      10.63870916       1.74739045
C       11.04057791       9.30883384       5.09825250
C       11.25618293      10.22183189       4.04994839
C       11.21135951       7.98613386       4.91259942
C       11.70340382       9.73424046       2.83681385
C       10.50432891       9.79686363       6.44880449
C       11.61590467       7.49556365       3.67271826
C       11.92265042       8.37943423       2.63620857
H       11.11847580      11.24485694       4.08611258
H       10.78563561       7.36162425       5.66590707
H       11.22195753      10.45662284       6.88186698
H        9.58015520      10.32331260       6.42973811
H       10.23756609       8.97849089       7.12656220
H       11.67494788       6.40302590       3.47728324
H       12.36634871       8.18433184       1.66205279
H       11.42062124      10.13648124       0.96952078
O        9.07139471       3.61062233      15.76502595
C        5.35071513       4.06394711      16.20589317
C        6.63046015       3.50533822      15.82493001
C        5.34312454       5.34467691      16.87543861
C        7.86505393       4.15178518      16.16525462
C        4.10917097       3.25956882      15.86172706
C        6.58580407       5.94919967      17.23498094
C        7.82842284       5.39897525      16.82054322
H        6.61330842       2.55420515      15.35996692
H        4.34530103       5.67333498      17.26696395
H        3.59888675       3.76653357      15.01470137
H        4.38115895       2.21140871      15.51582221
H        3.32007282       3.19377792      16.59748141
H        6.63478683       6.78660043       0.21810886
H        8.75805307       5.75569320      17.20418444
H        9.68960175       4.05510072      16.27877977
O        5.49996076       1.96349292       0.72751641
C        2.75962940      17.17427999       1.09752546
C        3.40997554       0.64084359       0.68842700
C        3.46383035      16.04786336       1.59530503
C        4.81259507       0.76393815       0.88031775
C        1.26314856      16.98536316       0.79786532
C        4.88220914      16.17942271       1.81675842
C        5.52709473      17.37685993       1.40954265
H        2.81580288       1.49986628       0.37824371
H        2.98178300      15.15220403       1.98513718
H        0.74361090      17.51689193       1.58847544
H        0.94882145      17.32929956      17.50545985
H        1.10131621      15.89954873       0.77079587
H        5.55166757      15.38788635       2.14824190
H        6.51141981      17.57771246       1.67266302
H        5.28359439       2.49926576      17.69914546
O       10.37744975       8.48386944      13.25577535
C        6.78553881       9.15235904      13.36716980
C        8.16487655       9.33348730      13.17330153
C        6.36511346       7.81672250      13.60765090
C        9.03712570       8.22669186      13.21333496
C        5.78458759      10.27469126      13.25271558
C        7.24668817       6.72195858      13.68465727
C        8.55702966       6.92729316      13.38698776
H        8.67346157      10.31092732      13.09027600
H        5.33167961       7.62537926      13.91920118
H        4.82721005       9.86130484      13.02685205
H        5.69295563      10.81871299      14.14301659
H        6.04569664      10.99135729      12.50710337
H        6.88947906       5.73743638      13.90647979
H        9.28063481       6.13356158      13.35314364
H       10.73092625       8.68195719      12.36851180
O       14.79963035       7.65017410       2.69812176
C       15.41723521       8.18906444      16.89002996
C       14.90147343       7.65263336       0.35742009
C       16.25964285       9.32018170      16.99580049
C       15.27141966       8.23690923       1.56087012
C       15.07829767       7.58524881      15.51331400
C       16.60792707       9.93312138       0.49722409
C       16.14774784       9.31891300       1.63632419
H       14.17170995       6.87287817       0.37231457
H       16.73306847       9.61244935      16.10441035
H       15.74626913       8.06497534      14.75866238
H       15.12797667       6.47308984      15.42370655
H       14.01572686       7.75813880      15.21507401
H       17.31910565      10.76629082       0.60033564
H       16.32669535       9.71887918       2.59982987
H       14.85783145       8.38408572       3.35806885
O        8.18997839      11.17005180       9.20690686
C        4.64913554      11.60472988      10.36257687
C        6.05271336      11.89121719      10.04570393
C        4.22442457      10.29948931      10.30958768
C        6.92839483      10.89877564       9.54097225
C        3.66467269      12.63694364      10.83446874
C        5.12013924       9.24870458       9.90808707
C        6.43212867       9.56689617       9.47244582
H        6.35910637      12.92140065      10.20377217
H        3.20533641      10.20054799      10.66856800
H        4.06247573      13.64389593      10.81819197
H        2.81504680      12.59219989      10.13102297
H        3.25710019      12.45692363      11.81341396
H        4.81482221       8.22236564       9.95438401
H        7.04258628       8.85276750       8.95886687
H        8.24128577      12.13708279       9.05989272
O        0.73443985      12.43339683       1.67092747
C        1.56857317      14.03618640      16.24161081
C        0.81984687      13.44157200      17.25327815
C        2.93209612      13.92284871      16.19145069
C        1.46488616      12.87072384       0.66040786
C        0.75072590      14.51727665      15.07629814
C        3.62220899      13.41856101      17.27091809
C        2.89259231      12.91774155       0.67235184
H       17.39001777      13.57740025      17.35846721
H        3.40694897      14.49916284      15.40476999
H        1.18500454      15.27485554      14.39566009
H        0.41614496      13.72725907      14.42630444
H       17.53448307      14.90656694      15.49310377
H        4.63563271      13.62624609      17.42028999
H        3.54026613      12.64235668       1.53606007
H       17.62947415      12.87636419       1.75837911
O       16.97357088      16.23055235      12.18397140
C       16.48595380      13.94736551       9.28739276
C       16.87527099      14.51297073      10.52468799
C       15.74577980      14.78643916       8.37987854
C       16.53930781      15.81150843      10.94210858
C       16.79882530      12.53616892       9.03680280
C       15.44716901      16.13223787       8.79965568
C       15.84952089      16.63861310      10.06221826
H       17.55893135      13.99798487      11.15750754
H       15.38225560      14.55587111       7.35313567
H       15.90527783      11.99434604       9.27000331
H       16.83211767      12.35604591       7.98146139
H       17.61465150      12.10576819       9.58390351
H       14.99088979      16.81666225       8.06798554
H       15.57151139      17.67420961      10.31214218
H       16.73456451      17.10831093      12.54997627
O       13.31146397      12.95729751       1.32627872
C       13.45522218      11.93978492      15.56126584
C       13.40164773      11.84107361      16.92187453
C       14.00870528      13.04907231      14.93326116
C       13.55577974      12.99748563      17.71261527
C       12.90523820      10.68471858      14.71730217
C       14.18054845      14.14323626      15.71247656
C       13.93316842      14.17718996      17.05347023
H       13.24420197      10.82825678      17.28597760
H       14.11907070      13.17001339      13.87107684
H       12.87788441      10.83639045      13.61009528
H       13.52498543       9.89801963      14.92584894
H       11.88719673      10.42551678      15.09064250
H       14.62639471      15.02568822      15.31264349
H       14.17504583      15.00968435      17.60958237
H       12.88345842      12.13129905       1.52809712
O       10.94948160       7.38326552      15.80336396
C       12.95657237       4.39710419      15.08719801
C       12.11112821       5.47672133      14.86354273
C       13.08860595       3.83628995      16.35981729
C       11.54322009       6.17682767      15.95505856
C       13.70142737       3.88056540      13.87407352
C       12.49403592       4.47957847      17.45749732
C       11.74026654       5.65965758      17.27118815
H       11.97678187       5.85488469      13.80208182
H       13.67601791       2.94931638      16.44812710
H       13.36594293       4.18374811      12.93875338
H       14.65643768       4.43299537      13.83299702
H       14.00547591       2.78831497      13.73134519
H       12.59481150       3.99964474       0.71652667
H       11.23845459       6.07709891       0.41963973
H       10.90304332       7.73540258      14.91285361
O        6.31285509      15.35285081       8.10850175
C        2.87330878      15.70831779       9.23162741
C        4.23964169      15.94554217       9.03471919
C        2.17341620      14.81252358       8.36874436
C        4.95800103      15.19378575       8.10695982
C        2.04990391      16.52134110      10.27313139
C        2.84157292      14.21211160       7.24963834
C        4.22795898      14.40207007       7.20259350
H        4.66345442      16.73536340       9.63047252
H        1.07497833      14.85937378       8.33457723
H        1.07104432      16.82903079       9.90394864
H        1.80246026      15.96291004      11.16130596
H        2.62925565      17.37750140      10.59947791
H        2.41648602      13.58464607       6.48388710
H        4.80040979      13.78146352       6.52069851
H        6.79839363      14.94483961       7.33737396
O       12.40278805       1.22714248       1.52461816
C       10.06545292      16.82723281      17.48580553
C       11.24252420      17.34754499       0.27059345
C        8.84003239      17.51960061      17.50937981
C       11.21117411       0.79722251       1.01918805
C       10.11245922      15.54244192      16.81763322
C        8.79537081       0.99950606       0.54471023
C        9.98555667       1.51375716       1.01529127
H       12.15837177      16.75688607       0.16718702
H        7.99940210      17.09945607      17.01988441
H        9.43777279      14.81452418      17.22163941
H        9.95730310      15.74034843      15.71114848
H       11.15153819      15.23237340      16.70950499
H        7.76254239       1.33630031       0.66786716
H        9.84082511       2.43153702       1.49557972
H       12.39941133       2.08735820       1.89899423
O        7.39261921      13.61787511       6.00458250
C        9.83217012      14.99937244       3.55007871
C        9.23917388      14.12883845       4.43421404
C        9.24828883      16.27188734       3.29408302
C        7.94622944      14.41862770       5.01626382
C       11.16555056      14.70526234       2.92636725
C        7.98822034      16.49435650       3.82271928
C        7.28683407      15.59340394       4.69932769
H        9.72671008      13.16431350       4.61523302
H        9.71701134      17.01309253       2.74080319
H       12.03683837      14.84153831       3.56994186
H       11.15597811      13.66461551       2.60526547
H       11.28806662      15.21723722       1.98156681
H        7.56381841      17.50053152       3.64791886
H        6.25635005      15.84786190       5.11114354
H        7.88756701      12.84554461       6.29175223
O        7.16765864      15.39869669      11.14211209
C        8.57914863      13.35644663      13.93296876
C        8.44728458      13.99407116      12.65468925
C        7.42073688      13.15771568      14.65307168
C        7.24048507      14.71611944      12.32347004
C        9.92750865      12.76895759      14.55770809
C        6.20816250      13.72660624      14.29433663
C        6.10486324      14.48719581      13.13060781
H        9.31213120      14.01475028      12.03986108
H        7.63933491      12.65660294      15.58036117
H       10.04608556      12.72619580      15.68964287
H        9.99745711      11.74419664      14.29596050
H       10.66108092      13.35740190      14.11499047
H        5.37713920      13.64365961      14.88642248
H        5.25785139      15.08789834      12.98895318
H        6.31010296      15.59879354      10.99454785
O        5.78310326       2.90888928      11.25455816
C        9.24728335       4.23273659      11.02505062
C        8.17405381       3.34460271      11.14716321
C        8.97684888       5.49429321      10.44563438
C        6.78745568       3.77593320      10.98409748
C       10.69368321       3.77605197      11.40170297
C        7.61751262       5.93254954      10.21708691
C        6.56804854       5.10815061      10.59123022
H        8.30422113       2.31734578      11.38147887
H        9.75769053       6.22444169      10.29644989
H       10.57604030       3.01049778      12.18892577
H       11.17024497       3.40508476      10.48003109
H       11.29640946       4.65921490      11.81329415
H        7.58673705       6.92297784       9.89513461
H        5.55379453       5.36523954      10.34046017
H        6.13532915       2.09142836      11.61870774
O       14.83992979       4.69651058       2.76046199
C        0.72111183       4.10746629       1.95021250
C       17.22067783       4.78724268       1.95050730
C        0.88062241       2.78191232       2.41084691
C       16.09977251       4.06660265       2.59977988
C        2.05199048       4.75799464       1.44270276
C       17.51178312       2.11516300       2.99877888
C       16.29580158       2.78227723       3.15549309
H       17.20684717       5.78283401       1.60616875
H        1.78663277       2.25638391       2.17834940
H        2.08520263       5.83034718       1.30982469
H        2.91314981       4.75048407       2.14662353
H        2.24708964       4.48705904       0.46541731
H       17.63296112       1.03147545       3.33073714
H       15.47401881       2.25979353       3.54365442
H       15.08086635       5.60493944       2.69678402
O       16.38327434       0.74915275      13.38677755
C       15.84823193       0.78630448      17.03286863
C       16.05567196       0.24792753      15.70077514
C       15.89477647       2.16850845      17.26792819
C       16.33535953       1.17923455      14.68671708
C       15.36714885      17.65800234       0.51327650
C       16.26437221       3.08227271      16.26425842
C       16.42821862       2.56145071      14.91143561
H       15.92487450      16.88993275      15.55255488
H       15.59273448       2.45181385       0.51058255
H       15.61132876      16.68439312       0.36234979
H       15.85901639       0.12076231       1.51356635
H       14.25024527      17.71000779       0.60740392
H       16.27578963       4.16489555      16.43697143
H       16.48455543       3.27141192      14.06383997
H       16.10875251       1.46576373      12.72884760
