512
Lattice="17.7128441229 0.0 0.0 0.0 17.7128441229 0.0 0.0 0.0 17.7128441229" Properties=species:S:1:pos:R:3 pbc="T T T"
O       12.00764443       4.32981461       3.22700336
C        9.75829622       3.64673949       6.17642740
C       10.41978874       3.45202190       4.89677539
C       10.48144517       4.38052501       7.18550041
C       11.59888943       4.15134330       4.55715801
C        8.47783801       2.92356645       6.48679108
C       11.71684890       4.98162300       6.87095004
C       12.22567226       4.84022036       5.54446803
H        9.90297984       2.79834402       4.24699790
H       10.02524488       4.50340871       8.16734420
H        7.66587274       3.54307860       6.78266669
H        8.14988930       2.38251329       5.60165834
H        8.73940637       2.10512187       7.18873740
H       12.15916798       5.59404483       7.65745077
H       13.17126913       5.33032807       5.28564916
H       12.71596385       4.93343851       3.20593629
O        5.44790692       2.80922579       3.13190573
C        7.64194558       5.58375970       3.97019345
C        7.15447335       4.46538559       3.33831836
C        6.91199744       6.15561054       4.98326112
C        5.94221431       3.91626813       3.78434441
C        8.94055539       6.19191788       3.46056170
C        5.72819770       5.60166737       5.53510757
C        5.20821977       4.45465635       4.87747795
H        7.77070881       3.93454533       2.64034652
H        7.12229499       7.06295314       5.52175310
H        9.63615979       6.33212879       4.30607498
H        9.52496969       5.64732160       2.70036640
H        8.75389864       7.14684936       3.11805530
H        5.30848587       6.02681811       6.47731537
H        4.29906502       4.01019104       5.33489594
H        6.02559941       2.34816420       2.48778188
O       16.97225296       1.59767551      11.11845846
C       15.02372973       2.26761654       8.10865922
C       16.16502094       2.15132903       8.97705904
C       13.68261964       1.98203720       8.48490286
C       15.88323804       1.72900346      10.26928641
C       15.18164570       2.82717057       6.68976900
C       13.50272902       1.46702274       9.76417303
C       14.59575880       1.33873361      10.68262741
H       17.14028229       2.27801779       8.53999359
H       12.86250748       2.19594926       7.73179342
H       16.12440712       2.51277386       6.28291115
H       14.29189835       2.59947335       6.05994614
H       15.12461186       3.93067190       6.64797652
H       12.53989132       1.19184805       9.94287058
H       14.48301445       0.97825878      11.70796900
H        0.02860845       2.04556945      10.80024489
O        3.83754631       3.57583454       9.37790399
C        3.55702523       1.61713451       6.24607792
C        3.16600435       2.40563159       7.33661914
C        4.82807914       0.95893143       6.25399198
C        4.14835177       2.71560870       8.35841395
C        2.43022990       1.54834609       5.20381184
C        5.77011716       1.15589456       7.33214533
C        5.41958306       2.05069879       8.35074470
H        2.16427945       2.89579417       7.35045069
H        5.09119983       0.35108459       5.41505236
H        2.18936545       2.57420550       4.98722442
H        2.60782097       1.19799455       4.26037895
H        1.59255240       0.93390975       5.69200744
H        6.81519083       0.79269005       7.35253572
H        6.06967921       2.21278605       9.17749326
H        4.50130187       3.67170841      10.06657672
O       12.05712503       8.46759988      11.51826578
C       14.77039602      10.91770325      11.85017231
C       13.54330812      10.23063043      12.11776029
C       15.65453497      10.38121175      10.89282090
C       13.23498357       9.12622916      11.35953612
C       15.13759864      12.16110361      12.57649386
C       15.31185695       9.23362229      10.14786683
C       14.05385832       8.64306461      10.36506349
H       12.84455658      10.61328082      12.82689177
H       16.54652402      10.97343524      10.67300149
H       15.35977380      11.91987405      13.60702649
H       16.00978108      12.75870448      12.18621646
H       14.25549751      12.84778760      12.75510530
H       16.02490294       8.91998343       9.38668875
H       13.77642758       7.70119552       9.91530736
H       11.41426958       8.75956203      12.14828762
O       16.44061313      12.94352935       2.77668765
C       16.03866724      16.25363654       4.35420152
C       16.57323625      15.18856038       3.60059966
C       14.75966010      16.06394304       4.95794055
C       15.92139609      13.93853417       3.54576492
C       16.77468419      17.62206549       4.32514595
C       14.19870828      14.79727859       5.04196745
C       14.76373514      13.72479568       4.28070762
H       17.54499268      15.25075991       3.15125877
H       14.29414297      16.92208641       5.47665892
H       17.24507904       0.11823801       3.37415220
H       16.15004010       0.79833538       4.49240450
H       17.56267383      17.67505862       5.06665184
H       13.34532002      14.65433072       5.67736253
H       14.16649109      12.81857820       4.22476354
H       15.93050396      12.14305330       2.92155044
O        0.48717039       9.14502016       0.86025986
C        2.17326938       6.10904319       2.16559147
C        1.49898092       6.98743366       1.30529207
C        2.61181117       6.53435301       3.37102330
C        1.22986716       8.34217696       1.67311727
C        2.43705285       4.73817215       1.68130954
C        2.40722176       7.87968723       3.71732513
C        1.67751221       8.80984026       2.91578713
H        1.22849372       6.70976609       0.30175314
H        2.96095054       5.81560068       4.12191430
H        2.13307780       4.13768335       2.55278688
H        1.87860468       4.48905750       0.78953114
H        3.51874858       4.52205590       1.61382462
H        2.65172263       8.15812666       4.73985712
H        1.37702603       9.69738419       3.38084089
H        0.53692784      10.06093759       1.06191519
O        0.83413533       9.76771443      11.55152355
C        1.62520106       9.46684623       7.96303030
C        1.27614228      10.06902752       9.21830503
C        1.71617759       8.05649601       7.84168553
C        1.09080727       9.21652052      10.36565539
C        1.71153283      10.39145774       6.74221830
C        1.60873171       7.25977276       9.00582722
C        1.45529693       7.88477773      10.27074959
H        1.17536507      11.08263054       9.33563908
H        1.86140478       7.60174633       6.89822419
H        2.47365064      11.18308987       6.84105141
H        1.95896800       9.96587025       5.79454147
H        0.91740611      11.06952932       6.65739313
H        1.56171166       6.19040817       8.90383084
H        1.38304828       7.23282443      11.14927413
H        0.86465149       9.23514030      12.34399199
O        1.36878743       3.21170429      10.13461937
C        0.17324949       5.67693484      12.60893556
C        0.20409834       4.75646935      11.51960160
C        1.22639750       5.65225619      13.57976490
C        1.37744635       4.00074546      11.26536291
C       16.76770625       6.74575554      12.81404602
C        2.32983252       4.88725771      13.36852366
C        2.36033178       4.04312137      12.26498934
H       17.11714101       4.92404978      10.75866845
H        1.28001784       6.11281369      14.49725164
H       15.97494637       6.26188913      13.34505157
H       17.19317227       7.57297694      13.37409994
H       16.25090624       7.18553685      11.90343871
H        3.10130593       4.97976131      14.12160129
H        3.18770440       3.43702283      11.99682039
H        2.23474309       3.16491611       9.88393146
O        6.96141920       1.60366106      12.33264033
C        3.63667895       0.02294655      12.51557801
C        4.64974492       0.88550210      12.04192645
C        3.87162239      16.85035582      13.55800990
C        5.87556632       0.84483666      12.72808277
C        2.26714129       0.18503562      11.86685298
C        5.12984031      16.80403053      14.12970840
C        6.14572338      17.60336696      13.73987045
H        4.55130104       1.52046009      11.19225773
H        3.05212142      16.18939377      13.98472324
H        2.26678733      17.23418474      11.02910667
H        1.47044736      17.51956427      12.40573779
H        2.10915751       1.18900578      11.56205456
H        5.20757497      16.13120905      14.94854610
H        7.13832023      17.46781476      14.11777164
H        7.83406380       1.40311418      12.80398958
O        2.21768411       8.77877742      15.09953717
C        5.40084397       8.13921907      16.83142647
C        4.03576247       8.37116169      16.65511414
C        6.23756574       7.72095849      15.68577380
C        3.51721922       8.36242129      15.35145129
C        5.92155145       8.20009395       0.56724736
C        5.61065786       7.45646269      14.42335244
C        4.28950344       7.82101799      14.25536196
H        3.44912464       8.70176437      17.53543926
H        7.27991061       7.55153843      15.86218663
H        7.04546925       8.00942971       0.65101273
H        5.92517095       9.14505536       1.06339750
H        5.41443620       7.48363917       1.24722542
H        6.13198571       7.08248729      13.52806506
H        3.79312915       7.59372139      13.30960364
H        1.81764735       9.08546456      15.88127424
O        8.05125883      14.71030677      10.14462434
C       10.28027679      17.03148995       8.32982446
C        9.69800268      15.81039034       8.76065968
C        9.74440989       0.52891984       8.77567689
C        8.62469638      15.83459080       9.66965800
C       11.23344444      16.94049931       7.20140054
C        8.59225931       0.56079309       9.57213321
C        8.06231815      17.05119565      10.12169158
H       10.09285312      14.81898856       8.42906096
H       10.14575623       1.53042170       8.50808582
H       12.26224861      17.12185861       7.52368686
H       11.26451123      16.01362079       6.73730502
H       11.04700964      17.62323041       6.41724691
H        8.18640003       1.51927235       9.90422918
H        7.26687222      17.09627783      10.83704077
H        7.27580853      14.84214137      10.61255418
O        9.64931016       9.94670726       1.16913062
C        6.72930266      10.91208799       3.17282980
C        7.81937376      10.15865685       2.71477434
C        6.27203215      11.99182079       2.43484335
C        8.45115807      10.48636318       1.48728023
C        6.15983721      10.55174320       4.48333618
C        6.77811332      12.15148911       1.13318312
C        7.85803958      11.39139616       0.61055611
H        8.20623331       9.44251701       3.36781325
H        5.57582024      12.65106905       2.89779415
H        5.18024694      11.00569843       4.68660441
H        6.16925902       9.46315436       4.59631538
H        6.72062707      11.19410917       5.25616505
H        6.45988466      12.94241219       0.50197759
H        8.19012230      11.61152370      17.26544037
H        9.94238626      10.27714213       0.29834029
O        9.39806820       1.06816058      13.61593698
C       11.87973136      16.25473613      12.58662418
C       10.62371934      16.94885964      12.65750793
C       12.98066358      16.64587682      13.34077488
C       10.48255467       0.32330256      13.55115196
C       11.95972112      15.14430485      11.57087107
C       12.82437488       0.04209876      14.21371331
C       11.55580613       0.66213177      14.37596181
H        9.69843433      16.65452713      12.08843686
H       13.86028424      16.05497488      13.38145177
H       11.63573934      15.53195837      10.59862871
H       13.05759258      14.88909933      11.54652691
H       11.22503362      14.32210256      11.80790254
H       13.64875649       0.30162854      14.76576202
H       11.51217958       1.42626338      15.07861740
H        9.61550049       1.87474279      14.16362682
O       15.97311726       8.13915771       3.05155219
C       16.88416798       6.21831405       6.04200054
C       16.81284595       6.69076709       4.78189560
C       16.01100381       6.71754147       7.03395284
C       15.92892519       7.75365173       4.38932420
C        0.14738594       5.07327720       6.33521891
C       15.12329428       7.79819871       6.73079395
C       15.10812071       8.31735573       5.40796199
H       17.52138239       6.40428599       4.08028396
H       15.95319307       6.34770413       8.03825353
H        1.24229496       5.27963828       6.32863895
H       17.51906987       4.59629656       7.27443174
H        0.03765195       4.25184674       5.59301340
H       14.42934181       8.25065848       7.54414096
H       14.55343468       9.25307120       5.21237781
H       16.76468539       7.78156683       2.62896504
O       11.50566469      11.48259494       3.22156211
C       11.88815937      10.71841636       6.91960036
C       11.80661684      11.45126974       5.64525163
C       11.82251029       9.33050444       6.90539669
C       11.68243763      10.78222380       4.40066604
C       11.95979716      11.42391284       8.28056185
C       11.77737800       8.65970170       5.68494540
C       11.78176228       9.38823779       4.45734486
H       11.82912341      12.50660565       5.73795914
H       11.83401039       8.76920165       7.79141064
H       12.95402243      11.31115784       8.70324424
H       11.76808883      12.48286455       8.09263312
H       11.25835017      11.02979102       8.94204975
H       11.78248229       7.51131636       5.67738865
H       11.72931424       8.80754488       3.49837444
H       11.25268883      10.78957874       2.65703056
O        9.31736498       3.24180517      15.30488227
C        5.78016953       3.60641525      16.34510943
C        6.96317120       3.17681712      15.61540454
C        5.89548294       4.55194142      17.38949054
C        8.19152934       3.66311326      16.01086920
C        4.49119667       3.04772824      15.83331700
C        7.15106864       4.87973665       0.20002304
C        8.31608276       4.49758330      17.15481812
H        6.82620780       2.56728359      14.73766690
H        5.05462435       5.04075631      17.70534808
H        4.40083861       1.96399922      16.06367670
H        3.74797127       3.67834097      16.25543777
H        4.44899707       3.10990460      14.78649587
H        7.22068210       5.46523398       1.07273679
H        9.33711099       4.83259031      17.34983827
H        9.97981127       3.81513152      15.75247746
O        7.24100655       1.35433690       1.65722766
C        4.99805220      16.20314986       1.99233386
C        5.73820122      17.43146795       2.26159324
C        5.25230616      15.44349458       0.82560478
C        6.69298799       0.15790591       1.29821064
C        3.99001967      15.66269038       3.02697844
C        6.16143380      15.93350360      17.58167578
C        6.89220180      17.12886821       0.14212895
H        5.52426931       0.33015422       3.12816557
H        4.76020688      14.47195521       0.66951080
H        4.45389929      15.10575668       3.90108838
H        3.29566881      16.44512727       3.26344219
H        3.25903736      15.00987406       2.54932146
H        6.33640933      15.47196970      16.69046932
H        7.44970038      17.63231548      17.01330297
H        7.93196060       1.70676313       1.15064906
O       10.95748352      10.12744174      16.34926770
C        9.84896369      10.54255529      12.91856032
C       10.49403751      10.74534064      14.14359321
C        9.26747136       9.26606653      12.69009781
C       10.51897590       9.77678751      15.10953312
C        9.60481027      11.66945920      11.81626056
C        9.02208816       8.39874221      13.74812388
C        9.80298300       8.53382884      14.92107614
H       10.90813558      11.72104372      14.29736622
H        8.52480398       9.19318606      11.88239422
H       10.09412273      12.60674813      12.20569073
H       10.12065700      11.44107663      10.85426974
H        8.60851811      11.90120399      11.60530675
H        8.42360085       7.52341369      13.66640574
H        9.82954994       7.80026515      15.68842750
H       11.44755288      10.93981824      16.40670718
O       14.02962210      10.99017723       1.90109449
C       13.81591791       8.94296964      16.46542339
C       13.57203675       9.44595334       0.10450802
C       14.86118194       9.53423380      15.71777262
C       14.27399948      10.55394160       0.65535432
C       13.10602407       7.70891392      15.88544864
C       15.59127130      10.56624826      16.19175672
C       15.28495393      11.10798627      17.44377694
H       12.81316360       8.98583733       0.80899012
H       15.06860064       9.18102487      14.76644727
H       13.74077172       6.88579876      15.92464687
H       12.19794263       7.55287765      16.37908478
H       13.08404359       7.95249897      14.81175762
H       16.32715098      11.06691428      15.51226100
H       15.82071966      12.03043507       0.02583440
H       13.38549576      11.64365010       1.85861075
O        9.02114197      12.61309801       8.61562010
C        5.93004662      10.55158008       8.63543863
C        6.80169139      11.59146672       8.98879296
C        6.35031701       9.48544901       7.87267869
C        8.13196876      11.59684196       8.43772749
C        4.60408086      10.56101107       9.25546526
C        7.63633357       9.50488745       7.29027661
C        8.48127564      10.60629234       7.61387160
H        6.42098307      12.24028574       9.75410691
H        5.61775620       8.65976452       7.67033700
H        3.88381105      11.25784324       8.88820998
H        4.11609298       9.58584550       9.05271711
H        4.77115136      10.79004656      10.30211155
H        7.88927785       8.63324271       6.81298942
H        9.38948464      10.62087789       7.15681041
H        8.72735681      13.22299971       9.32423199
O        1.37943561      12.14867445       2.54457890
C        1.87919083      12.90311559      16.61337856
C        1.33298400      12.90363678       0.18857144
C        3.04477583      12.17275741      16.40551080
C        1.96681640      12.23846398       1.30289764
C        1.30874808      13.65316098      15.38871235
C        3.67819033      11.45039783      17.46961976
C        3.18531920      11.54425384       1.02230856
H        0.39901420      13.50046396       0.25908059
H        3.45200075      12.18350640      15.41941258
H        0.66001699      13.05490436      14.78498149
H        0.75787169      14.51971023      15.71698760
H        2.15312760      13.91385490      14.78547287
H        4.52344160      10.83805423      17.31816624
H        3.75997606      10.89565185       1.74277143
H        0.45971504      12.47831617       2.54185895
O       17.68543595      15.45224659      11.88041639
C       16.36839280      13.82577640       8.83966767
C       17.22764392      14.19796142       9.92260821
C       15.18151228      14.49396413       8.75229615
C       16.89998701      15.14855579      10.86528430
C       16.71122676      12.80533916       7.78231591
C       14.72213786      15.49150920       9.67399850
C       15.62565304      15.69313558      10.77608650
H        0.46974720      13.73334900       9.95768197
H       14.55260542      14.37059723       7.89054020
H       16.29422577      13.18820324       6.89499221
H        0.07626814      12.90691786       7.56534712
H       16.36206494      11.79999579       7.86274034
H       13.76306719      15.95427684       9.55233959
H       15.26239426      16.42194113      11.59999730
H       17.33283569      15.99787498      12.56309216
O       12.58447070      13.23606968       1.51327163
C       10.35555461      13.90137994      16.28387199
C       10.74990139      13.40472174      17.56464780
C       11.30019110      14.11715182      15.31389509
C       12.10923200      13.38013966       0.20615905
C        8.93516369      14.34009735      16.00147239
C       12.68527868      13.96129795      15.63788700
C       13.08856854      13.61777467      16.94962366
H       10.00252193      13.42020423       0.61055594
H       10.96521218      14.42893922      14.37386811
H        8.88378223      15.41618437      16.11120482
H        8.66607718      14.11193241      14.98803920
H        8.22053668      13.83605627      16.64785650
H       13.44440709      14.08559156      14.88018325
H       14.19099459      13.61808841      17.30791710
H       11.96651940      12.97256725       2.20338061
O       11.38356387       4.41245283      16.19432101
C       13.31608315       3.98294911      13.12657757
C       12.18161367       4.23395522      13.91302423
C       14.42371642       3.38288613      13.62707007
C       12.35947363       3.99517721      15.32867139
C       13.00736967       4.11756790      11.67257949
C       14.63964138       3.22152601      15.01632893
C       13.57329937       3.51308802      15.85266494
H       11.28195667       4.59818303      13.56789738
H       15.17790346       3.09663386      12.94228749
H       12.73150615       5.17505127      11.53519100
H       13.82226112       3.88626383      10.95868890
H       12.12939147       3.56905208      11.32833910
H       15.54468308       2.82471972      15.55669148
H       13.65120553       3.35876558      16.93557096
H       11.71891127       4.45739122      17.10341547
O        4.60844641      14.40274022       8.13156378
C        1.64024699      16.41919208       7.75666710
C        2.89042151      16.00496768       8.22410400
C        0.90957813      15.68849310       6.81901557
C        3.47364650      14.96354682       7.54608430
C        0.98753740      17.48770348       8.55698572
C        1.52243824      14.64164769       6.14425408
C        2.87694328      14.27988946       6.45084871
H        3.45730787      16.53271514       9.03334063
H       17.65050683      15.96834743       6.45305554
H        0.13460030       0.21068465       8.04814751
H        0.45990058      16.97240493       9.33829688
H        1.62744261       0.59667562       9.03378735
H        0.96017791      13.98385374       5.44540153
H        3.28083991      13.44861209       5.91469151
H        5.09989767      13.89716460       7.50102420
O       10.88932643       3.12181654       1.24151841
C       12.76205950      17.64003915       0.89757199
C       12.50493055       1.25773384       1.39934225
C       11.82919236      16.91141918       0.06259243
C       11.22332840       1.81331379       0.97716793
C       14.06122454      16.90690189       1.16260686
C       10.56969563      17.43831957      17.51440442
C       10.30758834       1.09623916       0.11780284
H       13.22199497       1.86243895       1.95871128
H       12.11374389      15.94262011      17.39565746
H       14.83923287      17.58199651       1.35782604
H       13.96930226      16.28114770       2.06605790
H       14.41724986      16.23788498       0.36416991
H        9.95831692      16.98134596      16.77482325
H        9.42429964       1.59057090      17.42405832
H       11.39512916       3.57833705       1.97344761
O        7.08348646      13.88213824       6.63827738
C        9.50901363      15.32045564       4.28363593
C        8.85208610      14.36963563       5.04127650
C        8.93811429      16.55235369       4.12641561
C        7.74873707      14.74321884       5.83184645
C       10.68921245      14.95726828       3.43285754
C        7.80670605      16.93208774       4.88908095
C        7.23417110      16.06091696       5.74975128
H        9.10895997      13.30830178       5.07111802
H        9.36868458      17.23710161       3.36353998
H       10.48518851      15.38003307       2.42810353
H       11.56838258      15.45794618       3.72292488
H       10.79017995      13.84175176       3.38228720
H        7.38866385       0.23768695       4.74491566
H        6.37493199      16.27206877       6.44097683
H        7.74028253      13.47987921       7.24258643
O        5.81938042      14.97250258      11.36834007
C        5.29523406      11.75529314      13.19988584
C        5.87733260      12.96451832      12.70446785
C        3.98762685      11.43705328      12.77155563
C        5.20968874      13.80199938      11.75320635
C        5.98856002      10.97253742      14.22818730
C        3.35282670      12.26210235      11.86290638
C        3.93325713      13.41797651      11.23545225
H        6.76846189      13.42857292      13.17109499
H        3.42769822      10.54469745      13.04883866
H        6.56354382      11.62427713      14.94528450
H        5.32138949      10.32768046      14.85533755
H        6.75044356      10.25193576      13.84382627
H        2.41798947      11.90231793      11.47859405
H        3.39196727      13.97950963      10.41927047
H        5.27316544      15.23366371      10.54932683
O        5.77816550       3.69279752      11.21606048
C        8.40762568       6.23553383      10.45258041
C        7.75523720       4.99323369      10.76860347
C        7.56286147       7.40348858      10.30972100
C        6.35900323       4.86927600      10.89864272
C        9.88225013       6.37987909      10.28121854
C        6.15583836       7.24423104      10.42745090
C        5.53587210       6.00187717      10.79090640
H        8.42881440       4.06792126      11.01838034
H        8.10354720       8.33449655       9.94413635
H       10.38109203       5.47350306      10.02490864
H       10.18879220       7.06908113       9.54067653
H       10.17684281       6.79212856      11.17869272
H        5.46872799       8.01934418      10.18852320
H        4.43270322       5.85013834      10.95194210
H        6.27727747       2.89631755      11.49555407
O       14.37112536       5.82966764       2.96784377
C       16.49225776       5.18706067      17.71064433
C       15.65753610       5.88944893       0.94065626
C       16.73744315       3.82588459       0.19292350
C       15.18188467       5.20907730       2.11575272
C       16.89251985       5.83944495      16.37572157
C       16.15776943       3.15467904       1.27024432
C       15.39843977       3.80929880       2.23738111
H       15.55220842       6.95868079       0.75472948
H       17.22497644       3.26088839      17.11534115
H       16.23428193       5.43511447      15.60721834
H       16.76536837       6.95745682      16.29456995
H        0.20124153       5.62424547      16.13579612
H       16.37111269       2.12657075       1.42407304
H       15.04940738       3.24774668       3.04433381
H       14.52137760       6.76424440       3.03675576
O       16.67350519      17.53746014      13.70762369
C        0.77301634      17.41111703      16.90612436
C       17.57418167      17.10529594      15.90117085
C        1.55510355       0.93120226      16.86733233
C       17.47238463       0.18366385      14.76951609
C        0.92559025      16.48897811       0.37495918
C        1.41333258       1.74076738      15.73331247
C        0.53587192       1.36989780      14.69250455
H       17.02142261      16.18289289      15.92164731
H        2.29517402       1.16857259      17.58653661
H       17.69819077      16.00099417       0.70149521
H        1.66013410      15.77376075      17.67173920
H        1.39771248      17.10720049       1.18100662
H        2.04554500       2.57455583      15.68175794
H        0.53818519       1.98547133      13.74505227
H       16.63661409       0.60131110      13.11309693
