512
Lattice="17.7128441229 0.0 0.0 0.0 17.7128441229 0.0 0.0 0.0 17.7128441229" Properties=species:S:1:pos:R:3 pbc="T T T"
O       12.73372044       3.39636351       2.85172351
C       10.78139005       2.90687597       5.92419356
C       11.19853166       2.76885299       4.57913106
C       11.43177602       3.77446848       6.76815593
C       12.29345778       3.57275936       4.13731426
C        9.61062044       2.10558254       6.53736449
C       12.54745048       4.47749154       6.33186182
C       13.04089919       4.32848837       5.01359494
H       10.67943481       2.19328596       3.80161401
H       11.17283385       3.91842084       7.81829372
H        9.93014019       1.07178870       6.69359396
H        9.27063781       2.53143137       7.38699820
H        8.76723802       1.96321153       5.97075022
H       12.92243005       5.13423382       7.10473711
H       13.94187928       4.72894702       4.64420617
H       13.49118420       4.05008292       2.61654082
O        4.59874492       3.09077707       2.89678551
C        7.56768902       4.92349225       3.85676123
C        6.74946814       4.12863892       3.09506284
C        7.09668036       5.43133960       5.15297436
C        5.47433269       3.87732355       3.58162973
C        8.90088513       5.21994281       3.36907040
C        5.78785963       5.10908513       5.58417895
C        4.95793995       4.30117300       4.84481204
H        7.06377190       3.64529178       2.21174691
H        7.76604928       5.93318247       5.82052577
H        8.92308586       5.81686201       2.50185462
H        9.39161050       5.71943154       4.20518631
H        9.61394931       4.37208618       3.20232947
H        5.51151851       5.40730319       6.59824476
H        3.98586991       4.00677109       5.22698345
H        5.01614928       2.28192092       2.68875751
O       16.07663458       3.09471511      11.67515630
C       15.64062474       2.41540875       8.08170843
C       16.23357134       2.89609807       9.26740705
C       14.37049238       1.98103045       8.08561385
C       15.48577586       2.67287354      10.50225314
C       16.54167820       2.36509587       6.87476299
C       13.70034623       1.73369683       9.30952365
C       14.24814750       2.09694083      10.56970563
H       17.22757372       3.35065629       9.29720765
H       13.96962651       1.65160794       7.11183210
H       17.23576094       3.20060553       6.78849184
H       16.93085915       1.39152731       6.87781961
H       16.01887830       2.38573451       6.01578432
H       12.74519374       1.26346405       9.32684258
H       13.64241920       1.86436323      11.40179664
H       16.82795306       3.60506380      11.43492695
O        4.11086850       2.68862429       9.53723448
C        3.14787565       1.21648764       6.31591201
C        3.08466706       1.69864628       7.67850933
C        4.42096394       1.11406332       5.62058897
C        4.22255086       2.17123597       8.32328340
C        1.85936117       0.78155606       5.66029819
C        5.60525362       1.42784583       6.33228591
C        5.47277044       1.94580335       7.64087078
H        2.19018863       1.80520160       8.23430833
H        4.40296166       0.77101152       4.56323219
H        2.03680292       0.75678400       4.55351216
H        1.69010183      17.54454083       6.08613219
H        1.07548694       1.45440699       5.86447411
H        6.50831671       1.18543982       5.84446060
H        6.36807736       2.18857679       8.13382242
H        4.90689669       2.69546497      10.14485367
O       10.45280780       8.94748534       9.76999932
C       13.45642769      11.11093032      10.23905512
C       12.13757596      10.59539711      10.15327172
C       14.47545403      10.15962201      10.15478130
C       11.77772440       9.23172879       9.92444934
C       13.75669691      12.50605105      10.52621727
C       14.19445016       8.78046050       9.98282030
C       12.89550317       8.34297174       9.76381877
H       11.33746436      11.37113605      10.28262030
H       15.42608374      10.50911516      10.23390916
H       14.17985460      12.96272756       9.62785392
H       12.88895668      13.03286594      10.93604596
H       14.57278644      12.55356512      11.15553497
H       14.94230516       8.02683455       9.83263066
H       12.74313822       7.32756857       9.70003616
H        9.93087385       9.72413135       9.71366945
O       15.36219278      13.37884725       2.33832780
C       15.11430018      16.57421670       4.16038567
C       15.01931062      15.60653066       3.23056166
C       16.11881143      16.36398691       5.13725514
C       15.72165026      14.40370646       3.24317973
C       14.34365539       0.15129547       4.08596505
C       17.02074044      15.22578480       5.09028907
C       16.83396977      14.24647746       4.09138692
H       14.22538180      15.65406766       2.53830371
H       16.57940467      17.15797441       5.75707437
H       13.32360325       0.01144550       4.35824403
H       14.80781624       0.91678254       4.76872156
H       14.35405218       0.41525683       3.02707266
H       17.69126735      15.02982999       5.89448467
H       17.50872917      13.42372042       4.03547777
H       14.42722863      13.14939879       2.31605875
O        2.37762073      10.42134384       2.86133369
C        5.45879371       9.48382937       4.56452651
C        4.41718981       9.49673336       3.63084748
C        5.38321027      10.26994254       5.71536667
C        3.33967795      10.39862503       3.79530971
C        6.57671199       8.55149338       4.32926809
C        4.29064338      11.08219397       5.94878153
C        3.21677040      11.16579376       4.97472469
H        4.47888400       9.00982625       2.67400542
H        6.05297642      10.12691685       6.52832451
H        7.28890686       8.96875852       3.58127352
H        7.07127730       8.32361666       5.29341221
H        6.23447382       7.66983958       3.92511821
H        4.32489383      11.71956187       6.84669997
H        2.37344141      11.88963140       5.14427100
H        2.45858816      11.16840784       2.32539318
O        2.11221802       4.65245229       9.38945769
C        1.06066580       8.04923061       8.25497519
C        1.13625572       6.81950333       8.93591572
C        1.98065331       8.26637875       7.15952656
C        2.05645840       5.84754072       8.62816696
C        0.00904806       8.98385808       8.64451997
C        2.93711671       7.28695103       6.82947856
C        2.96769993       6.07227268       7.54101976
H        0.32612531       6.54934822       9.56757217
H        1.89552968       9.14723944       6.49924720
H       17.08568512       9.20103511       7.80419392
H       16.94484639       8.64022509       9.37430071
H        0.38021580       9.90320751       8.97135672
H        3.60303774       7.43411571       6.10473849
H        3.58738335       5.18066741       7.33454646
H        2.89950449       4.13583999       9.35670126
O        0.63371218       4.74939727      11.59336202
C        1.77881694       5.56071553      14.99756665
C        0.99419259       5.43217688      13.82929528
C        3.16210838       5.20077070      14.98446996
C        1.43773434       4.89173284      12.66142073
C        1.19668485       6.26170351      16.21570143
C        3.58910016       4.48226442      13.84714308
C        2.70069479       4.24124824      12.76484059
H       17.62816193       5.75274712      13.86805385
H        3.79116412       5.39853277      15.82757019
H        0.09691676       6.23026316      16.18900416
H        1.58413735       5.77167709      17.08824891
H        1.40467781       7.30262545      16.34587351
H        4.71942180       4.27149670      13.71884335
H        3.17416054       3.63746758      11.97961059
H        1.19243538       4.64189622      10.82094903
O        6.71888386       1.23284746      13.19186356
C        3.61768810       0.25803392      14.91219349
C        4.47197831       0.94180030      14.05463065
C        4.08015029      16.87292140      15.73605942
C        5.83182016       0.66966419      14.02448137
C        2.17113891       0.71967575      15.04684001
C        5.44067193      16.59509080      15.72903721
C        6.34315902      17.31789426      14.84709202
H        4.26958901       1.78007627      13.50722561
H        3.42613477      16.39594569      16.45725664
H        2.14458911       1.83768047      14.81451191
H        1.38073484       0.18953546      14.49332061
H        2.07457787       0.78912515      16.07941700
H        5.70404388      15.76989677      16.38493532
H        7.44919766      17.14646969      14.84324236
H        7.55489314       1.32723643      13.61844081
O       16.58674136      11.76686220      12.60543456
C        2.21671832      10.57323647      13.81839885
C        1.05439835      11.28678162      13.72870103
C        2.35412853       9.41649939      13.00605979
C       17.70684571      11.00385544      12.78064061
C        3.28138620      10.91338249      14.76387618
C        1.21568131       8.97282561      12.25088275
C        0.13894134       9.84040505      12.05674387
H        0.88595358      12.06377371      14.37267028
H        3.24116688       8.81167208      13.03168517
H        3.56768177      11.89923724      14.49927095
H        2.88504900      10.91326536      15.77892932
H        4.17521450      10.29710590      14.66205248
H        1.13459062       8.07867607      11.68187533
H       17.06715560       9.62321454      11.39197710
H       16.29309636      12.15699915      13.35760811
O        9.10281302      13.55340380       8.69521024
C       12.24474873      13.19347849       6.76873302
C       11.00083238      12.77387796       7.40955179
C       12.71030426      14.50481926       6.93489475
C       10.25286214      13.80821241       8.11350153
C       13.10595489      12.18353091       6.06888333
C       11.87222147      15.49900754       7.52987751
C       10.68567919      15.13347150       8.15276277
H       10.67092616      11.74853068       7.55824963
H       13.64374166      14.86795990       6.47586022
H       12.48786642      11.44900640       5.52865850
H       13.78732400      12.60423904       5.32552080
H       13.62229973      11.62442040       6.86836801
H       12.22363391      16.49298402       7.57437142
H       10.09413157      15.86716496       8.68053105
H        8.85931275      14.19671977       9.44157987
O        9.80205940       9.63309745      17.21370356
C        6.60807076      11.24696201       0.62694851
C        7.99193272      10.83000149       0.64041169
C        5.72628698      10.63643135      17.45725327
C        8.47265245       9.98196846      17.34461690
C        6.16902721      12.50094312       1.39863374
C        6.19062669       9.66578489      16.57486790
C        7.56717490       9.38000085      16.45671556
H        8.72436212      11.26187628       1.41563935
H        4.71360492      11.01981252      17.43256468
H        6.75506474      12.74587205       2.29627451
H        6.24259572      13.33700808       0.62925950
H        5.10447243      12.33721859       1.61510431
H        5.47566348       9.14275519      15.91371931
H        7.98852551       8.73687930      15.73735901
H        9.91276068       9.54178763      16.30431783
O        8.91096010       1.75333904      14.37214520
C       11.29239231      17.04967230      12.95329604
C       10.07748296      17.65792524      13.23065745
C       12.37578458      17.34634164      13.73922158
C       10.00003722       0.95037631      14.22455813
C       11.39266919      16.10397643      11.77766556
C       12.27382305       0.46955751      14.88336151
C       11.11758831       1.20301789      15.03804330
H        9.26181767      17.53739161      12.55854893
H       13.29222530      16.81493189      13.56779339
H       12.19596371      16.41798933      11.12936328
H       11.61616813      15.06633917      12.02788112
H       10.47082337      16.19293936      11.21757000
H       13.11189644       0.57149272      15.47849932
H       11.04229527       1.89617473      15.87071927
H        9.08159766       2.59936644      14.81671306
O        0.09302437      10.40601511       4.43785531
C       16.32606696       7.37844640       5.71132873
C       17.18363139       8.21530664       4.99009960
C       15.07323517       7.81691633       6.11888195
C       16.86828896       9.56514964       4.80324448
C       16.67595409       5.94072198       5.84525789
C       14.71055937       9.11570363       5.80184115
C       15.59183273      10.04848759       5.19706541
H        0.39933556       7.72837902       4.65173671
H       14.36028404       7.21639724       6.66821911
H       17.40632473       5.67477939       5.14552212
H       17.09082604       5.76095474       6.82378203
H       15.85721508       5.23742905       5.77922488
H       13.78047831       9.47072504       6.07823294
H       15.30751374      11.08374146       5.02875116
H        0.47600648      10.05517298       3.64922218
O       11.25612722      10.44951308       1.76598384
C       10.94149460       8.66704845       5.09585604
C       10.94273521       9.72327042       4.09618627
C       11.63058682       7.47119428       4.82848862
C       11.36821516       9.52196312       2.78602018
C       10.23308423       9.02249896       6.40581647
C       12.19962402       7.30218834       3.55979529
C       11.91464075       8.18829117       2.50020680
H       10.28493930      10.57384599       4.28193724
H       11.62616904       6.62712667       5.47179550
H       10.93682045       9.62819009       7.00185465
H        9.29577465       9.59100129       6.30699181
H       10.18904521       8.11639570       7.06697812
H       12.72817460       6.37820899       3.34349964
H       12.32933954       8.00485458       1.53834168
H       10.73740136      10.08286403       1.01967222
O        9.30482805       4.13367902      15.17119002
C        6.17184443       4.05345095      17.03404543
C        7.17585825       3.59508363      16.18278902
C        6.25045025       5.28010297      17.70699403
C        8.28411702       4.47377920      16.00759709
C        4.93330714       3.26164204      17.31664966
C        7.31948295       6.12312763      17.50832351
C        8.32126392       5.72777342      16.69253863
H        7.17446820       2.63004225      15.68143921
H        5.59625812       5.50234401       0.70896328
H        4.46325070       2.79780283      16.47531661
H        5.04981065       2.49219095       0.34638877
H        4.19775391       3.91078466       0.02426504
H        7.51123812       6.93993978       0.45472180
H        9.10873263       6.44869802      16.53104693
H        9.99032567       4.76393031      15.26100471
O        5.83866838       0.55608077       2.13883539
C        2.45109047      16.76405771       1.88687393
C        3.58033291      17.64719155       1.71205959
C        2.68392886      15.55181897       2.55007540
C        4.88668012      17.25966751       2.10848046
C        1.04212600      17.12273996       1.51840747
C        4.00493640      15.07903637       2.70777758
C        5.11113231      15.96642809       2.55135720
H        3.25825276       0.87410657       1.34981474
H        1.94571142      14.82887455       2.72138505
H        0.89757083       0.46668041       1.85777883
H        0.73733949      17.16583706       0.47272155
H        0.28542542      16.44689278       1.99566746
H        4.22823831      14.09188720       3.04013987
H        6.12332513      15.65810367       2.70387772
H        6.61962381       0.07065649       1.95516538
O       10.54923128       7.74588714      12.24327901
C        7.13008932       8.77475920      12.90660917
C        8.45578287       8.86285388      12.51134701
C        6.57802568       7.49565385      13.21856445
C        9.23297095       7.68228130      12.59743194
C        6.37942486      10.10338782      12.91811981
C        7.32229868       6.31935620      13.26162567
C        8.70990030       6.41911767      13.02821486
H        8.82411597       9.80342400      12.16011741
H        5.57368488       7.48940827      13.58900787
H        5.33760626       9.89900616      12.83524564
H        6.36086083      10.54607055      13.88965104
H        6.71053661      10.81096580      12.20233124
H        6.85616490       5.37597789      13.61419692
H        9.25368885       5.50331811      13.10706848
H       10.58832169       8.34055982      11.49328409
O       15.18519266       7.90018410       2.07714043
C       15.76657831       8.49034091      16.24634869
C       15.07517171       8.04831673      17.39506594
C       16.69977478       9.47724738      16.35527420
C       15.54628743       8.53416223       0.96736111
C       15.54955867       7.73404199      14.93817045
C       17.09710759      10.02731166      17.62061726
C       16.52822432       9.55748821       1.11187561
H       14.32957145       7.29687829      17.39553756
H       17.00165772       9.79418739      15.39795415
H       16.46353217       7.73489241      14.33628361
H       15.18028928       6.76239431      14.99763910
H       14.75832585       8.23001436      14.44756849
H        0.24799662      10.68483583      17.60339406
H       16.96917073       9.85252936       2.06087182
H       15.56825094       8.27460859       2.87853719
O        8.46633115      10.64299202       8.86980142
C        4.93041230      10.74607327      10.02921647
C        6.16650849      11.20244959       9.51477824
C        4.59105772       9.37093512      10.15934242
C        7.16384060      10.32561893       9.18146926
C        3.81629873      11.68570329      10.55330661
C        5.60774637       8.43285228       9.78451100
C        6.88272854       8.91387671       9.34838031
H        6.30574771      12.29017438       9.53624127
H        3.53867612       9.09260351      10.35059225
H        4.23837764      12.70156898      10.52497866
H        2.97115488      11.62815290       9.85624716
H        3.56524758      11.70579022      11.63256068
H        5.41318107       7.44737150       9.82691701
H        7.65971510       8.16675131       9.19162008
H        8.53518804      11.53333672       8.59097699
O        0.51578937      12.72653987       1.73545003
C        0.58722693      14.28914616      16.06941493
C        0.10658561      13.82994611      17.29393437
C        2.02310846      14.27496782      15.79644147
C        0.97667471      13.15590246       0.43839059
C       17.38113984      14.82383930      15.01860809
C        2.89153826      13.62134495      16.75629088
C        2.33700009      13.15738076       0.24002102
H       16.80377555      14.15343730       0.00938408
H        2.47949955      14.48359933      14.88776713
H       17.34539576      15.85893594      14.99765765
H       17.71216301      14.51947590      13.98888354
H       16.40067910      14.47979192      15.20400531
H        3.95089417      13.49314642      16.49582059
H        2.90576413      12.63532939       1.01368212
H       17.26319580      12.61864118       1.75655351
O       16.82783515      16.20922485      12.41470264
C       16.95806139      14.16259326       9.32576674
C       17.11192118      14.53685296      10.70225976
C       16.15751655      14.92391044       8.48968682
C       16.56736730      15.73713276      11.17439884
C        0.00690473      12.88132224       8.90022756
C       15.49178132      16.03797481       8.99246210
C       15.71784708      16.44816115      10.35901411
H       17.64768727      13.93849296      11.45204000
H       16.09728947      14.70425730       7.48064260
H       17.03922328      12.00193983       8.88124444
H        0.42252542      13.01003315       7.91128827
H        0.79793618      12.68607294       9.63115984
H       14.87614674      16.68534840       8.49468397
H       15.23763744      17.41845088      10.61133464
H       16.29897974      16.96084828      12.52048969
O       12.79112203      12.72885022       1.37821492
C       13.25728599      12.13307146      15.40451095
C       13.07544080      11.85612133      16.78973691
C       13.53357869      13.53532070      15.11523658
C       12.94221386      12.92574764       0.03143989
C       13.26279325      11.07168762      14.30244187
C       13.45163120      14.55413690      16.06679640
C       13.20536238      14.21136375      17.39917084
H       13.11605323      10.88865649      17.21797768
H       13.77227458      13.75414949      14.14198303
H       13.11529579      11.57836676      13.31088479
H       14.13217811      10.57750691      14.25619870
H       12.49905988      10.27547949      14.42373327
H       13.64383812      15.64689965      15.75664964
H       13.13070784      15.06225926       0.39143231
H       12.22135067      11.97641189       1.59405581
O       10.97549412       7.88794332      14.97535775
C       12.92454679       4.71183106      15.27147393
C       12.37439751       5.84725630      14.68143137
C       12.98574709       4.58361102      16.65375217
C       11.65428930       6.79234286      15.48262143
C       13.63406291       3.74910215      14.37284202
C       12.37583989       5.52051146      17.45537163
C       11.70030743       6.59844762      16.88031239
H       12.39942172       5.92931077      13.59931541
H       13.49890208       3.70114226      17.05302873
H       14.61065080       3.57286892      14.76146306
H       13.08353378       2.86789524      14.14918644
H       13.88445324       4.21364898      13.35536030
H       12.36772235       5.32796586       0.80153757
H       11.07688394       7.25008690      17.49439819
H       11.08997447       7.79885843      14.04376967
O        5.98738831      15.36574534       8.66499157
C        2.87788764      16.81791650       9.79712207
C        4.24637695      16.56869607       9.67665137
C        1.97058575      16.23170650       8.91375965
C        4.69613444      15.68505258       8.69802828
C        2.44329127       0.15402275      10.86193156
C        2.33201043      15.39828456       7.88102707
C        3.76279068      15.18723799       7.73189752
H        4.88222532      16.97948583      10.42264595
H        0.90112078      16.58897119       8.97681916
H        3.25821962       0.65505513      11.41231177
H        1.76606791       0.91045829      10.45384934
H        2.02251570      17.26503049      11.69050077
H        1.67470655      14.91468407       7.23215020
H        4.02967589      14.55227142       6.90140118
H        6.27490043      14.92441029       7.85798647
O       12.20761269       1.33819402       1.17330545
C        9.43131735      16.94168722      17.69229924
C       10.77207477      17.42868234       0.26958396
C        8.34107452       0.08254036       0.19412527
C       10.99803306       0.85227944       0.97831483
C        9.29485467      15.62531204      16.99372960
C        8.54353666       1.29866206       0.88913303
C        9.89345559       1.62921329       1.22935515
H       11.58332513      16.82010710      17.54308792
H        7.38051484      17.61670543      17.45730032
H        8.41731101      15.11224776      17.37620176
H        9.25059315      15.76752553      15.93787115
H       10.09195818      14.96465754      17.32069396
H        7.84860596       2.12333862       0.87607853
H       10.00746128       2.65933583       1.55867007
H       12.09167418       2.12335299       1.80613116
O        7.08635842      14.13867378       6.57298444
C        9.24285255      14.86340771       3.67463224
C        8.60624219      14.16414237       4.77229081
C        9.00187182      16.24665012       3.48101345
C        7.60714222      14.88186823       5.51245734
C       10.29051045      14.22410889       2.83427415
C        8.10172608      16.91034087       4.29852915
C        7.41672549      16.23185473       5.35326621
H        8.81079574      13.10055071       5.02009292
H        9.66315850      16.75642440       2.70418047
H        9.86364428      13.29065356       2.37791161
H       10.87066902      14.89827043       2.16467631
H       10.97996617      13.78642093       3.50275197
H        7.91330278       0.23715504       4.22957371
H        6.79269024      16.75546858       6.00114293
H        7.77181868      13.71717787       7.20501524
O        8.02300065      15.21469990      10.87217305
C        8.04506050      13.18760090      14.03605730
C        8.52649658      13.95507831      12.96325575
C        6.65780778      13.20022054      14.30672532
C        7.63704311      14.67843306      12.10924872
C        9.06505584      12.53421842      14.96983703
C        5.77999746      13.98314262      13.59067118
C        6.28456835      14.65804782      12.46741202
H        9.58687260      13.76819706      12.83602273
H        6.38540744      12.54414656      15.11076311
H        9.86574616      13.27300714      15.11988965
H        8.63272156      12.38131468      15.89943583
H        9.44808956      11.57910914      14.71582536
H        4.72494781      13.81945267      13.56911415
H        5.49040674      15.08191141      11.86403515
H        7.18564682      15.42683108      10.47109215
O        6.08447919       3.02038572      11.32026640
C        9.39846463       4.23356736      10.44219409
C        8.33793818       3.47791934      11.05420666
C        9.09580095       5.09093585       9.37783232
C        7.06998358       3.73179188      10.66409127
C       10.88723818       4.04588021      10.92112396
C        7.80447508       5.32504629       8.97008068
C        6.75492456       4.67263937       9.63249197
H        8.52057296       2.82693411      11.80889625
H        9.90538577       5.73156121       9.00739471
H       11.28011272       3.18105886      10.46475408
H       11.56445019       4.92410571      10.81004959
H       10.82183473       3.79715466      11.98026993
H        7.55856075       6.15647898       8.27188028
H        5.76121683       4.80913306       9.32960818
H        6.43900773       2.40168914      12.00775877
O       14.96454592       4.85392607       2.25069015
C        0.86507362       4.88355006       2.82996839
C       17.28191955       5.32957052       2.35933909
C        0.98562597       3.59363788       3.38773869
C       16.16049471       4.50136202       2.57020433
C        2.12797793       5.74874054       2.69553570
C       17.59244734       2.78737881       3.59522039
C       16.30872311       3.24510784       3.20513842
H       17.14032073       6.29781952       2.05956122
H        1.88502150       3.13342754       3.73581034
H        2.20281655       6.27054771       3.63594469
H        3.04652072       5.13777369       2.53616722
H        1.89321715       6.46875356       1.97429898
H        0.08897401       1.75117432       3.86322053
H       15.52556528       2.55162975       3.29268557
H       14.94418852       5.51062990       1.58534256
O       16.08853693       1.17035203      13.43311500
C       16.07693012       0.82457670      17.03127427
C       15.88929586       0.65388418      15.67682243
C       16.70254665       2.06539654      17.46380153
C       16.39215003       1.54764693      14.70938827
C       15.54765411      17.47828024       0.23473127
C       17.23042609       2.97234126      16.49750563
C       17.07954344       2.73651322      15.13717166
H       15.39263693      17.56549417      15.25148590
H       16.85306580       2.26967948       0.80525539
H       15.64033805      16.51297595      17.55385137
H       16.06870745      17.33328734       1.22972953
H       14.48300160       0.01631318       0.37563018
H        0.00659453       3.83816744      16.89748958
H       17.37539545       3.46024602      14.44540345
H       16.07342250       1.94429011      12.83877705
