512
Lattice="17.7128441229 0.0 0.0 0.0 17.7128441229 0.0 0.0 0.0 17.7128441229" Properties=species:S:1:pos:R:3 pbc="T T T"
O       11.90772554       3.70863673       4.67971448
C        9.43577493       4.46133384       7.13071802
C       10.07442687       3.83134838       6.07491455
C        9.97721120       5.65947323       7.72095534
C       11.31229619       4.44035272       5.61424150
C        8.12435469       3.90032080       7.58261649
C       11.24264869       6.10859940       7.30709632
C       11.85058253       5.53781181       6.20991295
H        9.78388556       2.85887472       5.59208828
H        9.47793510       6.17758310       8.54880505
H        8.30352054       3.24098287       8.44374173
H        7.56530300       4.73627395       7.88980760
H        7.70164981       3.45128977       6.71004229
H       11.79527336       7.00853883       7.72614158
H       12.82214406       5.83921404       5.95412316
H       12.67487660       4.10845255       4.30020360
O        8.47650146       3.90586743       1.67906570
C        9.57685173       7.02023838       3.32352112
C        9.51788584       5.94410543       2.41587638
C        8.67018079       7.07228979       4.38998690
C        8.55715680       4.88716723       2.61165715
C       10.76593791       7.97734836       3.22406805
C        7.72385767       6.05309403       4.64355417
C        7.67347783       4.99375326       3.67611773
H       10.22055261       5.90878769       1.66028095
H        8.58816987       7.87288059       5.15141824
H       11.47571243       7.86292206       3.99163445
H       11.17696190       7.89015727       2.31815469
H       10.40068939       8.98500083       3.45164229
H        6.91603360       5.98513924       5.38840727
H        6.88186490       4.25619084       3.70777965
H        7.85357192       3.25576621       1.98679617
O       16.59482019       0.56062280      11.06780574
C       14.55422353       2.65500701       8.87353533
C       15.59069535       2.26728501       9.71422265
C       13.42018486       1.89687227       8.53786059
C       15.59422497       0.89718310      10.19021308
C       14.71339734       4.03025019       8.18626028
C       13.46559300       0.53580951       8.99509874
C       14.57434103       0.04861762       9.75533909
H       16.34049171       2.95636952      10.07545048
H       12.57601150       2.17650789       7.89530213
H       14.12887621       4.03081790       7.24307788
H       14.38774881       4.83088820       8.83732728
H       15.77122542       4.35872342       7.89755936
H       12.69268263      17.54651729       8.76213608
H       14.57326929      16.70011348       9.96174559
H       17.21925309       1.28166504      11.20545003
O        3.28494902       2.38614851       9.99558036
C        2.01520392       4.04462783       6.94080320
C        2.08275084       3.18963861       8.07377680
C        3.26090313       4.71316044       6.60935994
C        3.29701863       3.12740954       8.85601517
C        0.73955872       4.08598845       6.07100116
C        4.45036297       4.51887675       7.24162757
C        4.44825167       3.76427775       8.43959830
H        1.28029918       2.56158571       8.39822056
H        3.21407366       5.42004592       5.82341176
H        0.10673972       5.02868049       6.03776492
H        0.99445203       3.84396064       5.03055468
H        0.07443053       3.25258022       6.31116357
H        5.34179009       5.02850545       6.85846713
H        5.34330748       3.79213021       9.05916482
H        4.17281752       2.27682126      10.35378899
O       10.87448315       8.23889793      10.18875746
C       14.39216929       9.16055689       9.96431596
C       13.01264798       9.26209409       9.81650979
C       15.04543459       7.98648143      10.50785030
C       12.21870925       8.14552843      10.21243801
C       15.24651013      10.44275884       9.70827887
C       14.17807361       6.93992365      10.83618997
C       12.78046336       7.01247978      10.67943679
H       12.55557003      10.20652695       9.38285588
H       16.12921627       8.02221432      10.70265639
H       14.62748368      11.12686792       9.14942186
H       15.42420177      10.96198434      10.64058914
H       16.12584820      10.25155828       9.14710845
H       14.59801466       6.00973084      11.10827771
H       12.19882892       6.12069213      10.77097586
H       10.67013374       9.18045986      10.17703035
O       15.69452486      13.64184295       3.02302998
C       15.16477298      15.74949381       5.99198057
C       15.66677146      14.81391787       5.14565278
C       14.57303588      16.87564716       5.46402926
C       15.27378818      14.69624485       3.81216608
C       15.48658177      15.69536782       7.48068127
C       14.16920257      16.85645625       4.11165678
C       14.43560295      15.70496301       3.33622377
H       16.36805388      14.11025995       5.62912494
H       14.30877267       0.05124344       6.02908579
H       16.15538403      16.48523334       7.74670623
H       14.52315995      15.52224503       8.02762807
H       16.16437245      14.82291889       7.56832239
H       13.68543160      17.69660837       3.64752086
H       14.21922806      15.71682759       2.27428488
H       15.07661347      13.20790762       2.48601307
O        3.01941784      10.00879631       1.58635301
C        2.61232446       6.50978743       2.69861296
C        3.24495583       7.69691705       2.20571934
C        1.26598704       6.54693313       3.04421860
C        2.42021388       8.86268074       1.97972329
C        3.48055223       5.34760645       3.02308443
C        0.49670087       7.64865943       2.68413181
C        1.04077958       8.76810949       2.12162247
H        4.23303502       7.77281217       1.91668915
H        0.84658687       5.72275971       3.60565945
H        3.61340314       4.78514332       2.10547453
H        4.39192609       5.80564567       3.35081145
H        3.11986775       4.63567418       3.79363160
H       17.17800805       7.59839712       2.98490681
H        0.49791358       9.73672345       1.92143768
H        2.56124360      10.83121714       1.57718152
O        0.36425538       9.17326301      12.03705028
C        1.75926387       8.53034610       8.73053756
C        0.99954453       9.16183445       9.74784574
C        2.47691317       7.35518262       9.07307390
C        1.01495157       8.57096441      11.02424873
C        1.65372998       9.07537499       7.36165373
C        2.47370508       6.74496453      10.33540527
C        1.73489438       7.43298037      11.30170679
H        0.54588036      10.16888942       9.54691526
H        2.94107190       6.85741943       8.22000338
H        0.62519388       9.39021200       7.20031145
H        2.33604507       9.91619638       7.37535099
H        1.86559218       8.30240948       6.61449063
H        3.09426999       5.86336763      10.59706499
H        1.74479757       7.02843908      12.28236263
H       17.66912685      10.02148368      11.81708730
O        0.89741995       2.34431668      11.24000033
C       17.59804770       5.06026787      13.54412716
C       17.50801858       4.04586266      12.61102650
C        1.12097164       5.34108959      14.24945464
C        0.92001951       3.34049810      12.19810735
C       16.32892244       5.72238670      14.03994769
C        2.20152315       4.48823206      13.90891882
C        2.11652103       3.60118177      12.83888885
H       16.58377835       3.88759020      12.06791425
H        1.27624859       6.03961485      15.02006637
H       16.63653126       6.36805923      14.88288625
H       15.94302403       6.28766348      13.18471757
H       15.63282869       5.11944027      14.44778984
H        3.15170505       4.75005622      14.41186465
H        2.98467563       3.07287846      12.48504924
H        1.69638505       2.25473016      10.72472682
O        7.26985369      17.50161010      12.35798254
C        4.10741324      15.74932941      13.30819725
C        4.95273243      16.57450428      12.58763303
C        4.56548624      14.99547443      14.43127051
C        6.35208057      16.63450548      12.93599926
C        2.66171044      15.92280576      12.98483781
C        5.92059852      15.09562844      14.78335878
C        6.81252956      15.86776445      14.02829038
H        4.63817197      17.23559200      11.81837270
H        3.87657437      14.29104410      14.93679570
H        2.47768030      15.49788666      11.94501434
H        2.08505031      15.24752214      13.68906785
H        2.24182121      16.96758605      13.20711877
H        6.41468507      14.60695773      15.63203808
H        7.84895463      15.93595144      14.24425133
H        8.05257727      17.69326596      12.92979604
O        3.21541277       9.36516612      16.37023451
C        6.22483081       7.75171666      15.16682414
C        5.38427380       8.52817633      15.89919374
C        5.82640021       7.20622193      13.89326045
C        4.05918007       8.64623989      15.57207510
C        7.67832597       7.57640545      15.62656968
C        4.48934856       7.20278422      13.72046241
C        3.59160911       7.95346161      14.47610658
H        5.74991513       9.07534895      16.67557281
H        6.49418941       6.61259652      13.30701323
H        8.35602618       7.14723045      14.97196680
H        8.02827785       8.53423715      16.08100508
H        7.59957181       6.82949456      16.34766090
H        4.12299817       6.65590689      12.89850882
H        2.57934222       8.02964102      14.23336631
H        3.42493055       9.13445958      17.29269864
O        8.18913734      13.61462180       8.26266667
C       10.09217587      16.37842796       6.76065239
C        9.45280003      15.12456391       6.97437906
C       10.21432410      17.29461463       7.85315743
C        8.68758693      14.90251311       8.12351536
C       10.75087544      16.57647614       5.46480860
C        9.50176958      16.97280883       9.01941373
C        8.71500121      15.84664561       9.14633016
H        9.40719686      14.23755247       6.30330263
H       10.80524574       0.51207717       7.66271493
H       10.66959747      17.64416048       5.15993792
H       11.75239901      16.22842672       5.65387056
H       10.20375850      16.02621667       4.71168497
H        9.42959573       0.04063584       9.80685022
H        8.27580565      15.75783218      10.12189569
H        7.76590869      13.64214572       9.11001484
O       10.78506482      10.34849989      16.92097364
C        7.82346513      10.51263616       1.19651782
C        9.01651560      10.07456494       0.59477275
C        7.34398824      11.78297455       0.95667493
C        9.61237851      10.82524293      17.34611418
C        7.20355279       9.57605384       2.27248864
C        7.93934263      12.56656056      17.65267693
C        9.04819641      12.08587064      17.01345300
H        9.43067922       9.11014687       0.94238417
H        6.54598900      12.08519155       1.46420186
H        6.31171801       9.99351553       2.72396839
H        6.82742383       8.69868575       1.67053699
H        7.91000045       9.38686172       3.13052952
H        7.53366014      13.59809437      17.37809468
H        9.53397298      12.70042824      16.23184060
H       11.12838699      10.70196053      16.06057832
O        9.14635295       0.42000257      14.40328429
C       12.43198431      17.43366103      12.78516830
C       10.97297764      17.47377134      12.99960895
C       13.31351028       0.60723918      13.40243983
C       10.48783453       0.52844460      14.03909429
C       12.93060808      16.19886040      12.05326092
C       12.82078513       1.34815781      14.49206440
C       11.41780506       1.26770601      14.83250260
H       10.30376051      16.86026780      12.42311016
H       14.39300384       0.51987219      13.27020570
H       14.02692294      16.21984985      11.96080056
H       12.65987750      15.34977762      12.71657490
H       12.50333754      16.01960465      11.15622279
H       13.51053712       1.89297295      15.14693210
H       10.93131992       1.73694331      15.60465407
H        8.94393511       1.26584642      14.83977967
O       14.29734805       7.45831169       2.57583396
C       15.37988348       8.23959695       5.92698861
C       15.04392594       7.47502862       4.83956191
C       15.15870077       9.59078973       5.98960938
C       14.54017178       8.15803783       3.67803809
C       15.68761222       7.50467335       7.23186470
C       14.94728726      10.23126867       4.74065656
C       14.53967436       9.54019983       3.62044217
H       15.05431472       6.40761495       4.94714400
H       15.39124731      10.13584569       6.84519734
H       16.31447086       8.22152776       7.79855928
H       14.81670625       7.16357702       7.80653783
H       16.19901050       6.62621287       7.09670050
H       15.11560561      11.27474581       4.64210567
H       14.33694615      10.11341896       2.68227349
H       14.25648034       7.95967288       1.74592464
O       10.61399685      13.25208722       2.31136437
C       12.05679386      12.36404723       5.58875642
C       11.79833507      13.07793622       4.40433106
C       11.22780600      11.29246938       5.93605836
C       10.83942827      12.62565308       3.49786286
C       13.12886777      12.99607470       6.48180327
C       10.23613689      10.81789024       5.11232372
C       10.12478615      11.44197932       3.84517630
H       12.38194961      14.01061691       4.20239651
H       11.44503449      10.85315514       6.89073196
H       14.10728583      12.76126071       6.04822918
H       13.08728505      14.10099179       6.61135413
H       13.14244166      12.54096084       7.47068345
H        9.61467336       9.99281252       5.40173700
H        9.37066431      11.04548726       3.21507801
H       10.14719613      12.79995027       1.63731784
O        8.14153647       3.03392748      15.45371723
C        4.54466969       1.95844299      15.66164315
C        5.87598586       2.04419183      15.20350884
C        4.13727006       2.72660506      16.79030084
C        6.84165129       2.87713691      15.88535438
C        3.53377575       1.11253807      14.93501498
C        5.09978681       3.58193764      17.38283170
C        6.45684593       3.65603578      16.99955817
H        6.26675872       1.41691145      14.39441486
H        3.15023770       2.68009178      17.22234923
H        3.25359688       1.42717827      13.95958451
H        3.89633048       0.01187181      14.99198952
H        2.55036797       1.21095805      15.43334929
H        4.84851158       4.20603064       0.46578841
H        7.12192201       4.42936423      17.32984460
H        8.64876828       3.42247131      16.15146296
O        7.35819480       1.64191014       2.73489965
C        5.75712281       1.18559076       5.93672655
C        6.77044376       1.18750445       4.94642074
C        4.41947062       1.38252968       5.55881768
C        6.41117458       1.56223453       3.67311617
C        6.22031351       0.90343655       7.40184656
C        4.07563905       1.66719392       4.24746496
C        5.05051625       1.77170577       3.27870370
H        7.78987820       0.95804944       5.21939159
H        3.64141744       1.36272491       6.24818150
H        7.17283255       1.38627027       7.59786265
H        5.64584591       1.12733278       8.27265271
H        6.41144769      17.58667273       7.44583525
H        3.10075056       1.99214522       3.98867073
H        4.88649455       1.94526610       2.18037836
H        8.25352752       1.46894704       3.11044792
O       11.62038892      11.42798655      14.69330145
C       11.18815180      12.39754915      11.23194844
C       11.68267315      12.39494979      12.51546433
C       10.07526671      11.54920194      10.88077731
C       11.04792607      11.59101662      13.51767536
C       11.98298704      13.10140543      10.12510089
C        9.35762010      10.87040064      11.91687130
C        9.86845881      10.84570540      13.22785479
H       12.62900265      12.84483628      12.77155382
H        9.71573792      11.49037113       9.85514589
H       12.95100477      13.21011786      10.59562982
H       12.03089633      12.39410449       9.26752150
H       11.57370702      14.07274669       9.96752320
H        8.50782342      10.27249696      11.68919117
H        9.30715469      10.20701037      13.88266599
H       12.18006366      12.16532896      14.93034402
O       13.32195031       8.98867325       0.38300476
C       15.08419715       9.36332768      14.91158340
C       14.05025804       9.08891160      15.81986448
C       16.38458471       9.47294540      15.43090224
C       14.34726166       9.09835143      17.16780166
C       14.77099410       9.53566421      13.49290968
C       16.69810106       9.22983952      16.80823999
C       15.65353123       9.23016973      17.69236035
H       13.04730070       8.97883017      15.44305810
H       17.15007612       9.62657970      14.69362487
H       15.62449071       9.94865455      12.86901762
H       14.67290709       8.54577623      13.09828645
H       13.77315992       9.95902244      13.30886565
H       17.68224801       9.22670052      17.22321502
H       15.87359322       9.06389198       1.00779680
H       12.49643173       8.90638125      17.68090815
O        6.81769461      12.57584092       6.16237493
C        6.64229351       9.21751839       7.85168825
C        7.02446151      10.54933520       7.56061961
C        5.55981704       8.66079440       7.15544130
C        6.46636390      11.26105353       6.50412211
C        7.33308418       8.57095819       8.98959850
C        5.06340533       9.40087216       6.09791724
C        5.48047193      10.62547356       5.74624891
H        7.75458687      11.04416250       8.15821865
H        5.22387647       7.66865222       7.32393216
H        8.31656985       8.21716233       8.67859827
H        7.56175703       9.28068580       9.80474772
H        6.60374473       7.76499721       9.38241447
H        4.29201012       8.91988638       5.54583588
H        5.12134749      11.07405170       4.86785643
H        7.59868892      12.89170499       6.66513870
O        0.38652523      12.87498433       4.00438070
C        2.30243029      12.73233327       0.84538034
C        1.16651605      12.70310248       1.68478581
C        3.60473130      12.86520067       1.32545145
C        1.41401939      12.78632702       3.10939308
C        2.07467099      12.62097965      17.13954724
C        3.80646067      12.95594650       2.70366419
C        2.75923320      12.87122036       3.62319687
H        0.20799428      12.73498897       1.32159741
H        4.49133458      12.97172023       0.65497924
H        1.20381575      11.98975949      17.01276094
H        1.74413865      13.49767213      16.68984454
H        2.96166595      12.22284984      16.61943523
H        4.78481793      13.07201826       3.09203176
H        2.98144691      12.89167501       4.66225462
H       17.25940914      13.29668094       3.65769717
O       15.56741499      13.97628799      12.00597950
C        1.28647108      12.61147821      11.62617209
C        0.05396634      12.99999973      12.20107497
C        1.40266274      12.68481745      10.21111284
C       16.68700618      13.49058076      11.46631980
C        2.40243403      12.21260446      12.49860359
C        0.22315167      13.08716817       9.43901896
C       16.68947142      13.42224296      10.06362240
H       17.64403384      13.11521839      13.34446341
H        2.31371213      12.45673813       9.64905123
H        3.34155454      12.79951191      12.46109106
H        2.09353596      11.99740072      13.44195182
H        2.72252987      11.23550300      12.20038345
H        0.31884876      13.07807030       8.40052508
H       15.85042920      13.79657422       9.46439873
H       15.78128771      14.75166829      12.46000217
O       13.40576618      12.66481921       1.70718097
C       12.71740572      14.23472924      16.08021972
C       12.56237012      13.88276172      17.50330803
C       13.95588942      13.91029851      15.46051349
C       13.56875453      13.18749255       0.43477142
C       11.71375777      15.00695766      15.33265120
C       14.96901376      13.21732733      16.15072396
C       14.74708682      12.79433793      17.44944459
H       11.74881772      14.19128413       0.35735160
H       14.09446231      14.19698437      14.39083860
H       12.05110920      16.07119146      15.46845941
H       11.64016690      14.67151510      14.24125350
H       10.67790233      14.97777691      15.76062325
H       15.88394705      12.96948858      15.58272990
H       15.47620216      12.17038645       0.20237226
H       12.49090465      12.69810134       2.06593044
O        9.89255549       4.01445839      17.15947694
C       12.62814534       5.68534883      15.34874798
C       11.39851160       5.11838345      15.63247016
C       13.55893549       5.82963427      16.39833548
C       11.06439758       4.57940788      16.89579799
C       12.88532286       6.26321403      13.99117773
C       13.30187545       5.23915967      17.64278969
C       12.06632528       4.58395680       0.19215558
H       10.73200839       5.16335155      14.78999827
H       14.52295602       6.15827271      16.15442589
H       12.10141891       7.03255381      13.70047203
H       13.87994687       6.71930330      13.95294485
H       12.91558492       5.52381315      13.23069847
H       14.11909042       5.28938497       0.64388348
H       11.86429929       4.19815749       1.14024354
H        9.77941578       4.04099583       0.42317819
O        4.93586284      14.46692008       7.43852900
C        2.01435071      16.40560229       8.41037548
C        3.29478254      15.78542772       8.48749111
C        1.36308930      16.65634044       7.18995916
C        3.77382255      15.19456598       7.30856727
C        1.32565785      16.88561329       9.61198389
C        1.90847062      16.16950990       5.99764703
C        3.06065588      15.36369810       6.10864319
H        3.67226513      15.64545956       9.51180909
H        0.40651113      17.18778005       7.15932255
H        0.93803905       0.16223602       9.41068289
H        0.52068996      16.14262485       9.79840888
H        1.98236050      16.90656287      10.45614760
H        1.38138319      16.24366870       5.03870674
H        3.43540002      14.98215674       5.21032379
H        5.33446942      13.97378561       6.69504821
O       10.04662748       1.87538206       3.11851922
C       12.86909898       0.96803172       0.99737767
C       12.18923243       1.45105367       2.11535665
C       12.22767830       0.13484309       0.05495804
C       10.82474287       1.24618609       2.15847437
C       14.35567477       1.27211348       0.89348992
C       10.88836974      17.48843747       0.18724087
C       10.19854606       0.41422447       1.18507253
H       12.76800075       2.01021149       2.83867501
H       12.72006657      17.44672647      16.90963527
H       14.85888156       0.90225049      17.67295995
H       14.54400488       2.32500814       1.01671983
H       14.86516146       0.69895828       1.60808681
H       10.27357588      16.90736835      17.20144145
H        9.13771602       0.32464611       1.12616030
H       10.69094325       2.51266443       3.52264715
O        2.74176303      16.78295165       2.46249493
C        6.36592065      15.77863783       2.27873720
C        5.09658848      16.12082584       2.86889098
C        6.58227381      16.05417984       0.87148237
C        4.03098813      16.60190641       2.02521091
C        7.47330664      15.30956597       3.16004023
C        5.50902612      16.49125468       0.11822982
C        4.21323099      16.77120256       0.63787876
H        5.02538782      16.02743931       3.95139040
H        7.51926553      15.82770666       0.25039284
H        7.01871354      15.12206590       4.09563326
H        7.62350188      14.40349448       2.67328468
H        8.25708778      16.08798422       3.11071830
H        5.72591778      16.85386169      16.81779056
H        3.52608157      17.09003602      17.57994649
H        2.68341179      16.50620913       3.35685764
O        5.97068007      14.18265082       9.91859222
C        6.12245903      11.68788795      12.55894522
C        6.27715708      12.88331963      11.87858505
C        5.40576437      10.61717237      11.94732777
C        5.82016551      13.01631940      10.55795009
C        6.70385018      11.54675217      13.89162189
C        5.04561190      10.65725698      10.55921078
C        5.26131080      11.86898757       9.89111644
H        6.68686280      13.75990220      12.37659690
H        5.12156167       9.70035200      12.48339297
H        7.28687148      10.66023243      13.96271354
H        7.22628890      12.38672620      14.31226881
H        5.98181120      11.42403704      14.69781365
H        4.65475098       9.82941875       9.99811100
H        5.12377797      11.93550441       8.84002578
H        5.56268714      14.12237576       8.96326457
O        6.04919544       1.98100285      11.34313436
C        9.33876636       3.59737504      10.87101533
C        8.35801405       2.59572868      11.00630703
C        8.96367783       4.93196632      10.88065289
C        7.03214465       2.96389090      11.19033104
C       10.77827043       3.24720835      10.47593405
C        7.57602838       5.25192125      11.05066309
C        6.62709086       4.31187165      11.28473782
H        8.68972794       1.54705628      10.91410974
H        9.66256295       5.76506830      10.90393726
H       11.42684755       4.12516423      10.48983636
H       11.21818991       2.48294012      11.11905617
H       10.80799985       2.73089300       9.51412856
H        7.28750307       6.20295557      11.35236885
H        5.59898552       4.54251069      11.61734970
H        6.39997526       1.10402018      11.53282458
O       14.13497933       4.82055605       3.51338959
C       17.20731434       3.50527213       1.90566002
C       16.07718894       4.28783403       2.26028666
C       17.49331828       2.35008355       2.69351672
C       15.21414153       3.93289767       3.29112292
C        0.34316072       3.98323693       0.69600656
C       16.66906468       1.93797462       3.73250521
C       15.45293276       2.73897199       4.00040612
H       15.84444502       5.19772062       1.83979195
H        0.71617230       1.86896881       2.44520413
H        1.11812604       4.52776631       1.13218287
H        0.69886147       3.16508308       0.11323684
H       17.48661520       4.71852773       0.14494112
H       16.94190211       1.06783995       4.25898076
H       14.80855056       2.44567310       4.76844001
H       14.28538351       5.61440286       3.03808352
O       16.41333729      16.27752032      12.89449993
C        0.01837402      16.69943133      16.38924722
C       17.20404017      16.07883534      15.20879781
C        0.16623451       0.42510325      16.42566346
C       16.83823986      16.81003029      14.07812543
C        0.31988654      15.88961665      17.64490449
C       17.54566363       1.14930714      15.29399598
C       16.96931897       0.47695036      14.20656629
H       17.25021732      15.04392563      15.18542730
H        0.61052392       0.90090052      17.26960374
H       17.61802681      16.37117712       0.91467149
H        0.17015596      14.81273034      17.69317515
H        1.37842090      15.92607856       0.03702127
H       17.57448343       2.21886390      15.29944302
H       16.57481066       0.96095494      13.34319355
H       16.27735680      16.94846405      12.22015145
