512
Lattice="17.7128441229 0.0 0.0 0.0 17.7128441229 0.0 0.0 0.0 17.7128441229" Properties=species:S:1:pos:R:3 pbc="T T T"
O       12.49402484       3.84843183       5.45983860
C        9.48249626       4.99280765       7.30866313
C       10.42142059       4.14208582       6.68782770
C        9.85497501       6.26188871       7.80228560
C       11.71480398       4.57087700       6.31966926
C        8.06166811       4.49617142       7.45759924
C       11.17576550       6.68555103       7.67046334
C       12.12455034       5.87052742       6.91773645
H       10.15160057       3.17757447       6.31691262
H        9.01808003       6.79629384       8.21834391
H        7.76347159       4.28583460       8.52839089
H        7.44922697       5.30753509       7.14906600
H        7.90370516       3.65297723       6.81504875
H       11.50182646       7.61733040       8.11247151
H       13.12061197       6.19365840       6.77768799
H       13.27121382       4.25408832       5.14333436
O        6.89625694       2.69983467       4.44284866
C        7.86874534       6.13971679       3.89099664
C        7.93512197       4.73851201       3.89794386
C        6.69013671       6.81388150       4.34603364
C        6.81258953       4.00873397       4.40300019
C        9.03743905       7.04787291       3.30409222
C        5.55807027       6.06837704       4.86084842
C        5.69549218       4.65494705       4.90857863
H        8.85231314       4.30344562       3.64396549
H        6.62413439       7.90002113       4.28178874
H        8.94254998       8.07828399       3.70960920
H        9.96875481       6.56400138       3.44199517
H        9.01440367       7.18573397       2.28176070
H        4.63569861       6.60360662       5.02157554
H        4.90798005       4.01069050       5.22823924
H        7.79878993       2.37294188       4.24631946
O       16.18964813       0.83507936      11.29875302
C       14.84373779       2.75199189       8.41318301
C       15.75649481       2.32866240       9.40102119
C       13.53172708       2.18322189       8.39975353
C       15.37355111       1.31113713      10.34689908
C       15.17936417       3.68142234       7.33522963
C       13.22497267       1.13651737       9.22646788
C       14.14292747       0.73921347      10.26583920
H       16.76431308       2.63727824       9.28673138
H       12.84579866       2.49095643       7.67529068
H       15.26135612       3.23383892       6.29986292
H       14.45208621       4.45985439       7.32419997
H       16.16417516       4.14120290       7.44067605
H       12.29404864       0.48081016       9.12713933
H       13.85148480      17.67257162      10.97837444
H       16.97520069       1.41807656      11.45535875
O        3.08569002       2.33415474      10.87529644
C        2.24887029       3.23858084       7.40788234
C        2.18597311       3.23112200       8.79996913
C        3.18774718       2.44203041       6.66021354
C        3.15284160       2.46183800       9.47639503
C        1.33953014       4.08099702       6.47505894
C        4.09296136       1.63447240       7.36299186
C        4.06661949       1.69887421       8.76400208
H        1.45000557       3.78832040       9.31838608
H        3.20219868       2.50015874       5.54875872
H        1.90985429       4.21171365       5.53128423
H        0.39473754       3.61396655       6.24124254
H        1.13625954       5.08024344       6.92516934
H        4.82509370       0.98856708       6.87137334
H        4.79078208       1.06749454       9.26814218
H        3.94800867       2.22790443      11.22991568
O       10.98534109       6.91085473      11.59114460
C       14.16918138       8.17283111      10.16766561
C       12.85583841       8.14182912      10.68550826
C       14.84912353       6.97079183       9.91197778
C       12.24675146       6.93335051      10.96552291
C       14.83862152       9.53016950       9.86584896
C       14.20563574       5.71667255      10.11909643
C       12.90682113       5.75194833      10.66443430
H       12.45207874       9.09289599      10.99977969
H       15.87015112       7.00472857       9.54274613
H       14.78980006      10.17408682      10.77460928
H       15.89102937       9.38727114       9.67727631
H       14.40708704      10.13916609       9.10796814
H       14.57252373       4.77152565       9.84481537
H       12.41410333       4.85443497      10.76354130
H       10.48218482       7.66617973      11.40765642
O       15.90834655      13.29695770       2.41827505
C       15.31610665      16.60802460       3.99935012
C       15.63997037      15.23435855       3.85281696
C       15.05656330      17.35445385       2.85231629
C       15.65567188      14.63284774       2.56661241
C       15.26079768      17.29173951       5.32775599
C       15.15656087      16.74338334       1.62394133
C       15.38855102      15.39644593       1.47533808
H       15.80693689      14.60607031       4.74706467
H       14.91051318       0.71805249       2.98048885
H       15.33557814       0.58385704       5.02933986
H       14.35658181      17.07376652       5.93503876
H       16.15807546      16.96860456       5.90009851
H       15.02042281      17.26148732       0.70218280
H       15.35940326      14.91601205       0.50662986
H       15.55457057      12.88952666       1.67808532
O        3.10808175       9.24826301       1.47507931
C        3.20184049       5.67212340       2.25145546
C        3.59348994       6.90516711       1.73392052
C        2.06370224       5.57164961       3.06527562
C        2.80606260       8.05887829       2.05893855
C        4.04695465       4.42135898       1.98929088
C        1.21833188       6.67238824       3.36686902
C        1.64088061       7.95135237       2.89075530
H        4.45014930       7.01382464       1.12444712
H        1.77792892       4.66012315       3.56128107
H        3.74176087       4.04401698       1.04444473
H        5.07917776       4.73125749       1.91268807
H        3.94336526       3.81726408       2.94818081
H        0.41320491       6.61801669       4.02982169
H        0.93860788       8.76167941       3.10222457
H        2.41023204       9.88011362       1.64843595
O        2.47780383      10.18586397      10.99368019
C        3.15220085       9.29267798       7.42501219
C        2.68899047      10.10851544       8.49762493
C        3.24864862       7.92280220       7.56749935
C        2.60079829       9.49707532       9.79552279
C        3.41202026       9.85357782       6.04486029
C        3.05138541       7.34127279       8.76675500
C        2.76022923       8.15042447       9.86647020
H        2.52585358      11.19757880       8.41287821
H        3.65125634       7.45576902       6.66204164
H        3.81390587      10.84677303       6.14442596
H        4.06108414       9.29704323       5.48523278
H        2.55124221       9.83279581       5.36428506
H        3.08451708       6.23767280       8.90369296
H        2.55036014       7.73576912      10.77981118
H        2.61175379      11.17654446      10.89020809
O        0.48009086       2.37268555      11.60080329
C       16.10939331       4.81817134      13.39376224
C       16.43831444       3.61377121      12.67795043
C       17.14709876       5.62745798      13.87966055
C        0.09787064       3.36219575      12.41280187
C       14.69067483       5.17074195      13.40607062
C        0.77636998       5.36189669      13.60236046
C        1.11099971       4.24161115      12.83878583
H       15.65000982       3.06506480      12.27972949
H       16.79260748       6.37678136      14.55909223
H       14.36056471       5.21043453      14.46435630
H       14.63153340       6.22685080      12.94826559
H       14.10177688       4.41720647      13.04039093
H        1.43244560       6.07910087      14.00589891
H        2.16606148       4.13514771      12.56558633
H        1.40553906       2.46516428      11.26100584
O        6.46972826      17.42538370      13.22517245
C        3.11421397      16.24153812      12.59850519
C        4.33587542      16.88181595      12.46702777
C        2.76901617      15.53878994      13.77855815
C        5.28024678      16.77474188      13.49943655
C        2.14381693      16.35916622      11.43565542
C        3.72168757      15.43856910      14.81576546
C        5.00342650      16.11121579      14.69751830
H        4.46366423      17.57003057      11.58373957
H        1.83230968      15.00750161      13.85955248
H        1.05284872      16.21468246      11.59850659
H        2.30528689      17.35877368      10.98827900
H        2.46954198      15.60377268      10.73059598
H        3.51063861      14.89416024      15.70588267
H        5.78763308      15.94746426      15.42168278
H        7.14003488      17.35280841      13.95579768
O        2.95521134       8.92733447      15.98787891
C        6.47328890       8.19804348      16.60293767
C        5.16061390       8.59445835      16.79201666
C        6.82364153       7.77388372      15.31027871
C        4.25141521       8.56545500      15.77602518
C        7.36759095       8.18422024       0.09831186
C        5.86696058       7.72159585      14.24601238
C        4.55249918       8.09025112      14.48854938
H        4.90683716       9.10366087      17.64022877
H        7.84105117       7.51791983      15.04066526
H        8.39506980       8.41818897      17.43014487
H        7.16020193       8.93729295       0.87388534
H        7.28946558       7.20727002       0.56933091
H        6.14765420       7.32093865      13.31289415
H        3.85793136       7.99441991      13.77087356
H        2.82184883       9.03637969      16.89063580
O        9.12898416      14.89428876       9.93869319
C       10.21727658      17.15730567       7.19992337
C       10.23970628      16.03249853       8.11203658
C        9.06867903       0.31874451       7.12703308
C        9.18847534      15.95695542       9.05553952
C       11.49795714      17.45163919       6.34072830
C        8.08087928       0.14547887       8.06114339
C        8.14610237      16.87799779       9.08984821
H       11.03158874      15.33261430       8.13393541
H        8.83528933       1.07818875       6.43643614
H       11.31210318      17.16260087       5.24613954
H       11.90278281       0.73345865       6.34024453
H       12.25590753      16.80381876       6.64929864
H        7.22269662       0.76474802       7.97003200
H        7.35176916      16.81522212       9.81094348
H        8.28611606      14.84122381      10.38633832
O       10.21524294      10.88473560      16.99666876
C        7.74934379      11.58579228       2.03066570
C        8.78360259      10.99385282       1.27658296
C        7.42215395      12.88716555       1.57027404
C        9.37987648      11.54565326       0.07997370
C        7.16133954      10.92165099       3.28490037
C        8.02301954      13.49550963       0.42371959
C        9.04048993      12.87162179      17.49947714
H        9.18017303      10.04318983       1.65278442
H        6.63823044      13.48911213       2.15617768
H        6.28993972      11.43610768       3.67852349
H        6.76394718       9.93635267       3.00355742
H        7.96497972      10.62820544       4.02723887
H        7.59425898      14.40740398       0.11866615
H        9.40054761      13.40006763      16.61949049
H       10.63239248      11.42148569      16.31132315
O        8.27745812       0.48856517      15.62837500
C       11.06174256      17.40368632      13.36135231
C        9.80096558      17.28888754      13.96146842
C       11.91951338       0.82117872      13.58236409
C        9.45897216       0.60255025      14.91696319
C       11.37194323      16.35624981      12.36147071
C       11.44349905       1.86747337      14.32659904
C       10.24115092       1.79757881      14.99671228
H        9.20805405      16.42253300      13.80877165
H       12.88796093       0.87423942      13.15459946
H       10.96077330      15.37975572      12.65663243
H       11.05340068      16.69034378      11.39269896
H       12.45939581      16.28693461      12.31964168
H       12.17156944       2.67991866      14.40099570
H        9.91594197       2.59581778      15.71848236
H        8.04592503       1.35308421      15.93733825
O       14.38872701       7.29884198       3.25515900
C       16.53396136       8.35052407       6.13711613
C       15.67441544       7.61031870       5.31317030
C       16.87639687       9.68221188       5.73226859
C       15.12934793       8.14884902       4.10190901
C       17.15724840       7.66570143       7.33217549
C       16.30781548      10.23969969       4.58610819
C       15.39206128       9.48902501       3.74635386
H       15.55571816       6.53594761       5.48747253
H       17.59285838      10.18408611       6.33925334
H       17.47405474       8.45185421       8.01817110
H       16.50401608       6.92082404       7.73832393
H        0.32973212       7.21878537       7.03048038
H       16.70216750      11.21952919       4.17745876
H       14.84081763       9.85647793       2.84397249
H       14.24515302       7.77977713       2.42884640
O       12.19616893      10.70944843       1.14075455
C       12.13468006      11.18535275       4.77975611
C       12.25083989      11.49125458       3.38453242
C       11.69261964       9.90127417       5.13824895
C       12.02524779      10.47390419       2.42847130
C       12.15924550      12.25689669       5.79628549
C       11.44455113       8.88192820       4.18024764
C       11.70890601       9.13382748       2.83796109
H       12.40296759      12.53915218       3.05640971
H       11.44798521       9.73693637       6.15583933
H       12.69845123      11.93240877       6.72898921
H       12.61062596      13.20842771       5.38942090
H       11.07920393      12.45033559       5.96153658
H       11.00992565       7.93402533       4.55587116
H       11.58092870       8.39145781       2.03482911
H       11.39405898      10.80901585       0.66285482
O        7.47699391       2.88439029      16.31781609
C        4.02257647       2.74889970      15.15977656
C        5.35065810       2.40110085      15.37243917
C        3.51211146       3.98155010      15.59973471
C        6.24263906       3.32947619      15.98503011
C        3.11444672       1.76003161      14.43595589
C        4.37256973       4.87745206      16.22110443
C        5.74319742       4.59569782      16.39834500
H        5.76999810       1.48315537      15.06886411
H        2.48586951       4.30755163      15.41162918
H        3.42878374       0.76493242      14.29456241
H        2.09382309       1.63837521      14.87176499
H        3.02354280       2.24285631      13.41392874
H        4.02953074       5.86571259      16.59528864
H        6.35173100       5.38364844      16.71622746
H        7.91984775       3.62585282      16.72288157
O        6.21759077       2.39800937       1.20354996
C        3.94853068      17.66883341       2.68335116
C        4.65191748       1.09081268       2.46619332
C        3.98543247      16.62884295       1.72373047
C        5.47605597       1.25482026       1.32056576
C        3.09356729      17.47750934       3.93640020
C        4.70210027      16.76477668       0.51758086
C        5.51600253       0.17322497       0.36002238
H        4.64791715       1.88136288       3.15877833
H        3.33303056      15.70401659       1.79570307
H        2.36274772      16.67442267       3.85372858
H        3.66904304      17.37459233       4.87318979
H        2.49640730       0.69704425       4.02051200
H        4.58410600      16.14523006      17.35958245
H        6.14904390       0.09235994      17.14028419
H        6.73473786       2.41837187       0.42676671
O       11.40473175      12.16206160      14.99214215
C       11.26937026      12.03641250      11.35036814
C       11.58036986      12.42640277      12.64529665
C       10.40154386      10.97541771      11.14470243
C       11.06290753      11.79270273      13.74008917
C       11.95802328      12.73029412      10.13676951
C        9.93471318      10.19434584      12.25379991
C       10.22928558      10.64770699      13.54986541
H       12.21730407      13.27250603      12.75923959
H       10.18504304      10.57217333      10.16448170
H       12.82814318      12.15156648       9.80791109
H       11.42304290      12.95512613       9.20343149
H       12.28924785      13.70037834      10.44460739
H        9.31195526       9.27081938      12.18618769
H        9.80594713      10.12574830      14.46334249
H       11.87634528      12.98626933      14.90278367
O       14.05735533       8.58227158       0.59234459
C       15.36015928       9.28037202      15.02313575
C       14.45625841       9.03356387      16.02280650
C       16.72630521       9.03330270      15.13301646
C       14.93039381       8.70736745      17.31374617
C       14.79668187       9.76874381      13.70987638
C       17.19614678       8.61158549      16.35951076
C       16.32054207       8.51574012      17.48236820
H       13.36882380       9.27621204      15.77999205
H       17.26311601       9.12844314      14.20443698
H       13.82406567      10.26880189      13.87576390
H       15.26951804      10.49193628      13.13501354
H       14.56113475       8.88055582      13.06543410
H        0.46945645       8.33364757      16.49532056
H       16.65831110       8.27888399       0.80033174
H       13.11727634       8.70957899       0.36673772
O        9.29682399      13.02589759       8.02791801
C        7.21257800      10.16776693       9.12614505
C        7.79664184      11.37141668       9.06695768
C        7.30984773       9.27613812       7.99533832
C        8.57816660      11.77666464       7.95395223
C        6.41258360       9.70030570      10.34866095
C        8.02652452       9.71346288       6.87148669
C        8.73328799      10.95337335       6.81641236
H        7.81924328      12.09345316       9.97553341
H        6.88168788       8.26358925       8.03369385
H        5.50564718      10.39126082      10.68108948
H        5.99473662       8.75188027      10.14072016
H        7.06800251       9.71387822      11.21919475
H        8.23259050       8.96395344       6.04525747
H        9.41269736      11.22553032       6.01892686
H        9.34586136      13.43964096       8.92910612
O        1.24615789      12.47440046       3.19960009
C        2.03579525      12.26795705      17.23500887
C        1.35322981      12.51845464       0.74144487
C        3.39767565      11.96839630      17.29036260
C        1.95913406      12.42341612       1.98973538
C        1.33568162      12.16985888      15.84973150
C        4.02530968      11.94965243       0.82972599
C        3.34168002      12.36495387       2.04368350
H        0.30147712      12.82461676       0.72338801
H        3.95809646      11.85012417      16.38644325
H        2.02389745      11.74738415      15.08136191
H        0.32285585      11.83703149      15.93605354
H        1.24768689      13.18865984      15.47423459
H        5.13556165      11.74092804       0.75985410
H        3.85206080      12.48700154       3.01406919
H        0.27518072      12.46465474       3.13860865
O       16.71988550      14.12402034      12.09264875
C       15.70435639      13.48027405       8.61758695
C       16.39987440      13.30834549       9.84788653
C       14.73458711      14.49867321       8.51788584
C       16.06581401      14.19348112      10.92297338
C       15.99375858      12.53320058       7.45914453
C       14.52120744      15.45962042       9.56816280
C       15.15734684      15.23215194      10.77391491
H       17.12284515      12.47089844       9.92452062
H       14.16206459      14.62727968       7.65845253
H       15.55185716      12.94179562       6.52313834
H       17.01209516      12.46498736       7.13707829
H       15.56464723      11.56380475       7.72912248
H       13.65617167      16.13846730       9.46168146
H       14.73403859      15.83758991      11.59557618
H       16.40683718      14.73595169      12.74636812
O       14.54364962      11.74418610       0.44799053
C       12.88673155      14.65390321      16.61498150
C       13.18856724      13.60254925      17.50596098
C       13.59125748      14.81499098      15.36934359
C       14.20594984      12.66552793      17.25699211
C       11.61267392      15.56096413      16.83769882
C       14.62497364      13.84009273      15.12864137
C       14.98679058      12.82524853      16.04791284
H       12.66066004      13.51995021       0.72588709
H       13.16727879      15.49651006      14.62893576
H       10.88816560      15.00183030      16.28696030
H       11.37405818      15.51480661       0.16180739
H       11.70571506      16.68256161      16.58980873
H       15.01574211      13.69548393      14.13661882
H       15.74903592      12.05526354      15.95355341
H       13.94260728      11.20898140       0.97842580
O        8.39401616       4.81439052       0.63243233
C       11.42080751       6.00916682      16.40106692
C       10.08358701       5.61670669      16.73601069
C       12.41486613       5.96684686      17.35650524
C        9.75252112       5.06708269       0.26369645
C       11.78362613       6.59230387      15.00928453
C       12.13753564       5.45462614       0.95674565
C       10.78689017       5.02586307       1.20553690
H        9.26439061       5.73978027      16.00964555
H       13.46835426       6.30378579      17.07866395
H       10.83850960       6.88546983      14.61556784
H       12.45303034       7.39868380      15.09516246
H       12.18285163       5.81513972      14.34356748
H       12.81340617       5.47228467       1.81068582
H       10.56280041       4.70513234       2.18578611
H        8.17352383       4.23257812       1.42994678
O        5.64879844      14.64763534       8.33497149
C        2.42134054      15.83096747       6.98491717
C        3.56926463      15.74156424       7.80863930
C        2.16977211      14.86947949       6.00783646
C        4.46592661      14.71657146       7.63314766
C        1.52719802      17.06516091       7.28731374
C        3.05598524      13.80225120       5.78848067
C        4.26370218      13.77710670       6.55348597
H        3.83973163      16.45661938       8.59516175
H        1.33264289      14.87051022       5.28020773
H        1.43248738      17.63472736       6.32835420
H        0.52241808      16.76232178       7.76006441
H        2.04681535       0.01197181       7.93220275
H        2.92441900      12.94448437       5.07347048
H        4.95232321      12.99269683       6.44090404
H        6.41587817      14.61498428       7.67405493
O       10.68652891       2.24122580       4.11869613
C       12.63652550       1.82647087       1.04005521
C       12.38861197       2.15476207       2.36909444
C       11.67393435       1.23944953       0.25536333
C       11.07740884       1.94068491       2.86158838
C       13.95241544       2.06946215       0.48293967
C       10.33688280       0.98994607       0.76202198
C       10.06484322       1.38469570       2.09850648
H       13.06975152       2.63258176       3.03484149
H       12.08548442       0.99942469      17.00378922
H       13.78586607       2.96666952      17.64161642
H       14.69815511       2.34688473       1.24165276
H       14.28370046       1.25344200      17.49657163
H        9.52825718       0.63247787       0.06924444
H        9.05186546       1.17282770       2.55113172
H       11.27888843       2.86830073       4.55185246
O        7.48965220      14.15890083       6.31206855
C        9.51975676      15.19552515       3.42163348
C        9.04350126      14.47821172       4.54838273
C        8.68953018      16.18446927       2.96362679
C        7.78685481      14.74717767       5.15381925
C       10.83166983      14.90399195       2.78554998
C        7.49497389      16.49701792       3.57572651
C        7.04738532      15.81925995       4.64152764
H        9.82734574      13.76033216       4.83499724
H        8.98761924      16.66729193       2.02371859
H       10.79793670      13.93455885       2.19928013
H       11.13252818      15.79442296       2.19645833
H       11.62132258      14.74117754       3.61959365
H        6.98271278      17.37552850       3.15571395
H        6.11151098      16.15021454       5.21178895
H        8.23398070      13.57130081       6.65147429
O        6.82049267      14.22810366      10.64592168
C        5.92423444      12.02673822      13.52693259
C        6.67111870      12.76230544      12.60467843
C        4.50688692      12.07665472      13.45827170
C        6.07620723      13.54929257      11.60019863
C        6.62620314      11.17446220      14.55761386
C        3.87371451      12.84615588      12.43848107
C        4.67824146      13.55696455      11.52872683
H        7.70632060      12.75784944      12.54928818
H        3.86480457      11.48813155      14.13334520
H        7.45188094      11.73521117      15.07489857
H        6.02763105      10.87578313      15.41034553
H        7.14945858      10.33190553      14.15157634
H        2.86032851      12.92450008      12.36142100
H        4.18844619      14.20595579      10.84632905
H        6.32927913      14.44020179       9.88341854
O        5.48623943       2.17060875      12.05119214
C        9.03501654       2.90424144      11.06799685
C        7.82426082       2.15115164      11.26292623
C        9.09208661       4.27956688      11.16910276
C        6.68949516       2.80256061      11.78321907
C       10.30794485       2.08394984      10.74261408
C        7.91498393       4.93395400      11.52718721
C        6.76730102       4.21660919      11.86935405
H        7.78812969       1.07965920      11.18500969
H       10.00552664       4.79454487      10.95556110
H       11.13765210       2.39851350      11.30334613
H       10.10768547       1.05875317      10.96161351
H       10.53702273       2.16013070       9.74636392
H        7.86666559       6.06493400      11.60706697
H        5.76623202       4.63449962      12.05105461
H        5.52410146       1.39274021      12.61253690
O       15.12441755       4.60665868       3.84633376
C       17.21868745       4.35875419       0.87794339
C       16.28831576       4.85216706       1.73535707
C        0.24652908       3.25174407       1.23912660
C       16.02671553       4.14330179       2.92776329
C       17.65304995       5.09552665      17.33142065
C       17.70670727       2.55264276       2.41672615
C       16.73141093       2.97431902       3.28688649
H       15.80592976       5.73561569       1.48658823
H        1.08990601       2.97085502       0.70419622
H        0.26071535       4.44404237      16.53649286
H       16.78988996       5.60804354      16.95728270
H        0.74208966       5.73770881       0.00571590
H        0.60450269       1.63252529       2.67253978
H       16.60472422       2.55297386       4.22961289
H       14.84265815       5.50579409       3.70482389
O       15.94023876      16.79995630      13.33978785
C       17.67591906      17.10745938      16.55993990
C       17.28917539      16.49459214      15.32925869
C       17.32594889       0.69868750      16.88989800
C       16.44478469      17.27880457      14.48649630
C        0.83970521      16.45776072      17.57431247
C       16.60219712       1.49819130      15.96793207
C       16.16093938       0.92295553      14.78555826
H       17.54956171      15.45107992      15.25324586
H       17.51921373       1.09189613       0.14380631
H        0.86420462      17.01565823       0.79231322
H        0.49290129      15.48269276       0.28643914
H        1.88691318      16.32330654      17.17562286
H       16.26958711       2.55968062      16.25565923
H       15.48571536       1.44443897      14.03611244
H       16.17801772      17.37160751      12.62448313
