512
Lattice="17.7128441229 0.0 0.0 0.0 17.7128441229 0.0 0.0 0.0 17.7128441229" Properties=species:S:1:pos:R:3 pbc="T T T"
O       11.67307281       3.41625475       5.11855345
C        9.46762699       4.15218296       8.03105127
C       10.07610080       3.48522507       6.91809084
C       10.11483764       5.31131719       8.55437087
C       11.27925792       3.94279478       6.31603240
C        8.08831478       3.63197503       8.52411505
C       11.38976413       5.71038487       8.00384020
C       11.95542062       4.98020329       6.90109032
H        9.65225396       2.58709729       6.58324720
H        9.73094822       5.95115642       9.32729922
H        7.43635888       3.17059360       7.73363733
H        8.28895511       3.14396500       9.43801581
H        7.33580464       4.31886005       8.88210815
H       11.91670173       6.63143331       8.35002680
H       12.76788424       5.48463902       6.25228705
H       12.53526836       3.81674762       4.83641170
O        7.79327391       5.03181979       1.95433715
C        9.83393314       7.24595577       4.04749962
C        9.29086730       6.67344773       2.90821909
C        9.44450864       6.89326106       5.32558189
C        8.18613792       5.77990401       2.99323603
C       10.96614134       8.25418861       3.90947316
C        8.33406058       6.08893351       5.48311494
C        7.73828115       5.51365440       4.32947957
H        9.69246892       6.92859784       1.92755899
H        9.99882438       7.18432559       6.23784231
H       11.60938698       8.03305249       3.01175457
H       10.57384396       9.22183833       3.88189446
H       11.63904574       8.33591613       4.83547063
H        7.89646259       5.74608657       6.39663037
H        7.08168370       4.68418902       4.52521123
H        7.62721951       4.07946860       2.21678670
O        0.34482726       0.56652514      10.79165375
C       14.88643537       1.72405327       9.13069798
C       16.03103060       1.65938091       9.94614028
C       14.53440441       0.49501719       8.55024617
C       16.88692068       0.52626302      10.06047888
C       14.17858619       2.97965053       8.81855187
C       15.18317674      17.00305732       8.82822160
C       16.43755588      17.03847996       9.50694639
H       16.37006836       2.54116241      10.44211080
H       13.70281238       0.45026545       7.86192824
H       14.18268339       3.25040622       7.75288240
H       13.20913162       2.93473079       9.25547576
H       14.57923783       3.86081464       9.43552710
H       14.89491304      16.02399919       8.45789096
H       16.94421866      16.10332630       9.65294055
H        0.55106602       1.49106561      10.91619110
O        3.04742584       3.56241736      10.32294212
C        1.70311254       2.34784889       7.16426654
C        1.77127262       2.80027750       8.46391677
C        2.90216473       2.34417062       6.37173492
C        3.00463268       3.19799981       8.98489666
C        0.30186287       2.00677589       6.66759841
C        4.14436217       2.83794554       6.91411014
C        4.16048246       3.20926279       8.26802761
H        0.83877419       2.80915339       9.08305079
H        2.79797022       1.98391289       5.37106197
H       17.45986779       2.91346319       6.76281557
H        0.43642453       1.75908038       5.59129793
H       17.62141752       1.21441326       7.22232663
H        4.98198086       2.92875619       6.18555232
H        5.02154496       3.37930789       8.86368077
H        3.85329240       3.51132024      10.82344641
O       11.45412950       8.36730965      10.91763891
C       15.06356448       8.85651858      11.09423409
C       13.70771005       9.10484430      10.86463582
C       15.47312459       7.54941772      11.45014951
C       12.76361471       8.15025769      11.00856488
C       16.03642691      10.05742649      10.89758603
C       14.51310316       6.54325745      11.73584169
C       13.15866865       6.87563194      11.39772054
H       13.46298263      10.15724593      10.62356698
H       16.52630502       7.41513572      11.63091280
H       17.03160146       9.71538492      11.03077706
H       16.11377259      10.44467729       9.88989229
H       15.76473630      10.86312294      11.58075143
H       14.79144322       5.61636853      12.28430681
H       12.41662518       6.09925288      11.59673568
H       11.26270342       9.26756844      11.02571665
O       16.59209145      13.03836565       1.94343067
C       15.39859366      13.43081474       5.36302785
C       16.18089149      13.01814822       4.27866996
C       14.35818773      14.35622376       5.18296475
C       15.81843301      13.37563234       2.98954339
C       15.77476744      12.94495851       6.74019725
C       13.95423162      14.71646835       3.85169454
C       14.75687735      14.21603382       2.77263246
H       16.91066299      12.24431417       4.37859161
H       13.78672072      14.69426775       6.03690325
H       14.98548892      12.33085635       7.25935949
H       16.65542587      12.27638624       6.64039238
H       16.09185104      13.84549301       7.33745663
H       12.99771271      15.23379132       3.78851076
H       14.56818519      14.43051927       1.78795502
H       16.14503365      13.05690306       1.12695165
O        3.75068384       9.39784054       2.74008516
C        2.98557191       5.96652838       3.68973332
C        3.64023103       7.08897868       3.19361359
C        1.75094622       6.09104952       4.40581892
C        3.04332640       8.34346082       3.26173671
C        3.53287333       4.52307423       3.49189928
C        1.23745690       7.45094569       4.44576777
C        1.77519877       8.54779514       3.85611834
H        4.56823794       7.02717803       2.62698720
H        1.24479132       5.20206273       4.65141040
H        4.34436667       4.27866422       4.20611980
H        2.58733207       3.88537197       3.48587743
H        4.06220528       4.35848483       2.54617955
H        0.22344704       7.60414307       4.80522701
H        1.28933289       9.50189547       3.91613788
H        3.29413762      10.19593015       2.97003295
O        1.86979766       7.04656922      10.84578741
C        2.08273827       9.71529266       8.33712653
C        1.86823512       8.97990224       9.56566420
C        2.68551638       9.04957665       7.25993578
C        2.22363315       7.60996663       9.64959276
C        1.75601953      11.22511237       8.39371886
C        3.02033561       7.65304691       7.35755639
C        2.78227477       6.99036709       8.55075039
H        1.35327515       9.50348783      10.36323088
H        2.85943185       9.53227081       6.27118754
H        0.72379717      11.51049472       8.54371095
H        2.27127270      11.65820411       9.23570362
H        2.21237362      11.66814971       7.51611356
H        3.60517040       7.16543939       6.62193186
H        3.07160518       5.96787844       8.74221400
H        2.13943626       6.11769783      10.81645793
O        0.82674730       3.51259575      11.88068518
C       15.96453689       4.28429651      14.39104327
C       16.58712194       3.85215590      13.20803217
C       16.54891116       5.28667921      15.15412987
C        0.21209851       4.18737009      12.93101208
C       14.53793801       3.93473543      14.68356669
C        0.11570410       5.74088357      14.76503176
C        0.87156598       5.12448277      13.70672075
H       15.94486262       3.06301711      12.72683062
H       16.04616098       5.68402732      16.02808710
H       14.11968177       4.46707686      15.55460791
H       13.78945462       4.16824284      13.82062666
H       14.59503295       2.93159213      14.96900656
H        0.67374920       6.49841689      15.35708834
H        1.88893030       5.49621105      13.49799891
H        1.70489304       3.79588730      11.61792490
O        7.29203667       1.07387794      11.57815029
C        4.00888131      17.19275012      10.74638499
C        5.33608979      17.63948109      10.57557940
C        3.45006182      17.22274119      12.02763288
C        6.04504077       0.47298926      11.72731619
C        3.20400927      16.70942850       9.53867969
C        4.13105419       0.01862472      13.14664776
C        5.42977335       0.53110348      12.98183039
H        5.75708625      17.69931529       9.53483805
H        2.40210762      16.99704978      12.25635593
H        3.71112131      16.90240317       8.54378760
H        2.99848192      15.64086295       9.46391879
H        2.26890716      17.25495013       9.55683753
H        3.75232783       0.12339121      14.13551666
H        5.91744350       1.02255500      13.83327518
H        7.80263354       1.23390457      12.42756283
O        3.01241239       7.75838237      17.56628065
C        5.95382740       7.78658811      15.52933684
C        5.12888399       7.69563858      16.66296854
C        5.38131733       7.80295845      14.21918826
C        3.77905015       7.70414269      16.43466756
C        7.39969635       7.73831609      15.63875264
C        3.96379166       7.86526449      14.00935783
C        3.13137678       7.79763406      15.15539530
H        5.57190174       7.65047851      17.61300395
H        5.89860920       7.98072232      13.29697181
H        7.94746005       7.94266847      14.71748616
H        7.79620592       8.40335638      16.30119692
H        7.81509841       6.80565391      16.04350745
H        3.41838148       7.98683713      13.05838652
H        2.07608215       7.74621521      15.17749662
H        3.63380826       7.95210602       0.55699363
O        7.58835150      15.16147082       7.90137810
C       10.64158478      17.13468466       7.20575662
C        9.50686363      16.27594828       7.03644919
C       10.73722929       0.14974633       8.38188311
C        8.57275370      16.08261622       8.02868952
C       11.63453768      17.25371721       6.09754392
C        9.77032917      17.67787597       9.44082041
C        8.67862292      16.80551485       9.22634090
H        9.36896249      15.77439972       6.12980719
H       11.48041907       0.87738777       8.52395026
H       12.62385633      16.96394260       6.34251227
H       11.30823673      16.67693281       5.21126151
H       11.58341328       0.50139527       5.72754173
H        9.77507914       0.65541412      10.33067782
H        8.04993912      16.65558898      10.05294570
H        7.07099747      15.25478190       8.64238938
O       11.24320542      10.53017423      16.88612131
C        7.98301151      10.21139413       1.07912305
C        9.37704837      10.05195293       0.69626381
C        7.18570642      10.98452942       0.14741906
C        9.89443808      10.61323574      17.24566267
C        7.41642714       9.73161361       2.41184418
C        7.70286181      11.53312954      16.68074119
C        9.01397989      11.31182153      16.38093285
H       10.11607923       9.52830645       1.32997413
H        6.15294812      11.18221529       0.23761753
H        6.59262752      10.45324033       2.72287772
H        7.17576674       8.64892124       2.43650238
H        8.21120135       9.75134347       3.19967608
H        7.09203751      12.18111545      16.05804484
H        9.42558143      11.73843298      15.47486412
H       11.38506253      10.91126758      16.01878112
O        8.52281538       1.97057034      13.83221033
C       12.17962130       1.26130109      13.51559872
C       10.82105847       1.51369073      13.16452641
C       12.46918842       0.97960127      14.86134908
C        9.80437303       1.58460686      14.16693889
C       13.30001323       1.22527367      12.43646052
C       11.46192807       1.00181394      15.88803287
C       10.14930904       1.37719998      15.54770036
H       10.55511458       1.72653019      12.13166253
H       13.51791888       0.82981235      15.25883749
H       13.32921095       2.21006937      11.94887244
H       14.31907359       1.06340897      12.85571245
H       13.04401969       0.36475144      11.75869640
H       11.76990723       0.86109499      16.92892639
H        9.53896190       1.51044730      16.41213614
H        8.07469239       2.08865974      14.67954014
O       14.39614407       7.09396147       4.15498247
C       16.32685351       6.81635632       7.36096952
C       15.68529240       6.49282620       6.15627407
C       16.58871943       8.19933747       7.58751903
C       15.10613940       7.44955368       5.29865782
C       16.84051872       5.70371770       8.33118010
C       16.14325410       9.15975818       6.67562529
C       15.34351286       8.82321947       5.55611173
H       15.55796517       5.45082854       5.84037224
H       16.95896660       8.50617878       8.58962872
H        0.06805977       5.27135035       7.89353563
H       17.04541502       6.22956805       9.26468010
H       16.11239223       4.85443597       8.44206037
H       16.31705097      10.19730454       6.97154505
H       15.18133216       9.61857776       4.84840926
H       14.17956704       7.92665110       3.64936067
O       11.96241708      11.53589628       2.07477886
C       11.64944836      11.84947140       5.73083695
C       12.17561877      11.60748745       4.44976811
C       10.40206412      12.50249158       5.87731332
C       11.42607444      11.84332087       3.29078042
C       12.39436867      11.44197677       7.02985111
C        9.68846138      12.87892027       4.73863269
C       10.17962855      12.50625672       3.48252340
H       13.15733198      11.18647023       4.28730678
H        9.98073626      12.70825962       6.87773418
H       11.85999876      11.02080742       7.95614581
H       13.18554374      10.78762752       6.81506388
H       12.94816793      12.37121073       7.28733680
H        8.75585297      13.39599215       4.84335026
H        9.53006288      12.75018087       2.60932725
H       11.26924348      11.53211316       1.44067271
O        7.22039418       2.87496531      16.05707435
C        3.70629981       1.89570762      16.35138585
C        5.08490618       1.81204466      16.27217013
C        3.07265638       3.14420734      16.48260980
C        5.89728800       2.96217034      16.22102779
C        2.68889366       0.80035175      16.37451222
C        3.82807128       4.27508511      16.34057738
C        5.23032872       4.19167254      16.22376467
H        5.54948310       0.88145888      16.23322937
H        2.00275870       3.26685437      16.56895449
H        3.27562373      17.62807423      16.53727682
H        1.99002140       0.95007835      17.20846471
H        2.05919055       0.84766609      15.45872151
H        3.46216559       5.30362098      16.27242455
H        5.80674490       5.06816550      16.05424174
H        7.71120354       3.69630473      16.27493086
O        7.46979934       2.46882145       2.65750249
C        5.26136485       0.15836935       4.49209598
C        6.39922623       0.95236291       4.10462706
C        4.10981058       0.16214612       3.69570148
C        6.40598147       1.69157981       2.91877947
C        5.22292944      17.14386623       5.81524408
C        4.09658336       1.05410216       2.60700942
C        5.24228302       1.72288486       2.13342656
H        7.33796443       1.10618118       4.74688798
H        3.28236435      17.31241805       4.03371619
H        6.21703956      16.84466769       6.11460586
H        4.82253999      17.68774647       6.67240682
H        4.59700998      16.25587500       5.73261761
H        3.10433915       1.09241180       2.09549439
H        5.15149931       2.46722439       1.32148340
H        8.30979408       2.25895568       3.12505568
O       12.06162154      11.72884593      14.21570696
C       11.30903678      13.14707752      10.88081507
C       11.89003222      12.92944661      12.14307960
C       10.20608882      12.29823113      10.52685137
C       11.45178941      11.92040853      13.02451083
C       11.60045932      14.32138051      10.01026449
C        9.76083370      11.35754055      11.41191820
C       10.26433835      11.18722703      12.73679134
H       12.69770207      13.53007770      12.53633537
H        9.83265244      12.28593387       9.50096278
H       10.74949552      14.49251576       9.29606795
H       11.79159113      15.30108611      10.54411967
H       12.39683043      14.10696527       9.29007497
H        8.80384660      10.88137157      11.12002881
H        9.87379080      10.41753439      13.48103014
H       12.52124404      12.51553864      14.45468295
O       13.87112809       9.52592005       2.53062531
C       15.71358543       9.57663961      16.94041699
C       14.63830910       9.60525653       0.17500206
C       17.01678648       9.39691142      17.36215993
C       14.86495116       9.53851316       1.55749614
C       15.49577738       9.66129568      15.42449451
C       17.29351725       9.25529913       0.99110025
C       16.23217361       9.39138762       1.91223242
H       13.64498104       9.74327077      17.53115339
H        0.15964872       9.37286401      16.64813031
H       16.16228914       9.04249535      14.86691045
H       14.43344429       9.39911787      15.19349612
H       15.61249105      10.64835511      15.02322646
H        0.62734825       9.17277641       1.24260330
H       16.52818216       9.08142256       2.93480995
H       13.06300141       9.85825321       2.19243656
O        6.22435124      13.03553702       6.46574781
C        7.74497008       9.73101312       7.18812862
C        7.47929887      11.14618484       7.15763813
C        6.78443944       9.00554222       6.52590332
C        6.48545621      11.72331386       6.39312064
C        8.70410666       8.98518070       8.15255972
C        5.80955085       9.49967972       5.62424321
C        5.70000461      10.92202352       5.59182677
H        8.05360556      11.79255468       7.78115491
H        6.70269740       7.86729636       6.65809291
H        9.09324345       9.73444215       8.77798833
H        8.16718061       8.25808070       8.77885999
H        9.70784480       8.57005370       7.81202966
H        5.10839161       8.86914422       5.17137770
H        4.94187641      11.31871228       4.94692319
H        6.89342382      13.53696390       6.93838795
O        1.80011328      12.16323586       1.51833230
C        2.81091910      13.58248203      15.95517303
C        2.22305854      13.44961939      17.26295747
C        3.66622690      12.52993571      15.55833291
C        2.41879324      12.28066468       0.29605253
C        2.50870800      14.81235331      15.02994099
C        3.91539219      11.36449386      16.33984796
C        3.21563661      11.24419928      17.57468545
H        1.74324491      14.26628643      17.67829350
H        4.03918362      12.62989885      14.56071162
H        2.53714060      14.72107339      13.88521150
H        1.52298393      15.10678177      15.26902859
H        3.08343439      15.67050594      15.40397667
H        4.54331314      10.53816466      15.92115131
H        3.20840636      10.40556049       0.48140209
H        1.09077529      12.78940733       1.51952044
O       16.27973479      14.05711564      12.93279933
C        1.20708345      11.40604975      12.89694175
C       17.71164621      12.10018383      13.14721752
C        2.10743980      11.97289244      11.98079151
C       17.43381413      13.35851616      12.60895656
C        1.46533192      10.08340651      13.64682421
C        1.86563547      13.25162258      11.40728771
C        0.66708575      13.92832428      11.70199532
H       16.87906399      11.64580174      13.71954669
H        3.07494295      11.51389813      11.87942776
H        0.73077852       9.33712316      13.38594136
H        2.46105761       9.74326880      13.34392838
H        1.40696453      10.13894749      14.77149986
H        2.68136218      13.54077255      10.66765250
H        0.49812705      14.94155674      11.18969942
H       16.26425792      15.00518718      12.76539840
O       13.92130394      12.65440605       0.10612413
C       11.53297909      14.83545312      16.33423119
C       12.13889898      13.93279564      17.25309189
C       12.23339056      15.43119551      15.29781854
C       13.48865863      13.66148665      17.02568056
C       10.04873428      15.07479828      16.43215089
C       13.53293845      15.03253317      15.02857203
C       14.15750754      14.08616466      15.90773389
H       11.43441368      13.48871016       0.31006873
H       11.65285584      16.09972907      14.66954069
H        9.78682020      15.54511475      15.44576754
H        9.33733850      14.24672630      16.31432813
H        9.78908163      15.70087528      17.27298572
H       13.97600292      15.40313188      14.12682846
H       15.09552683      13.72675181      15.64867996
H       13.27895168      12.36294448       0.73155851
O        8.86802634       4.83321468      17.25196851
C       11.96945600       6.46566793      16.12321374
C       10.61071109       6.07785441      16.10304360
C       12.82870633       5.99241294      17.13271732
C       10.16284337       5.26455286      17.20468867
C       12.62536404       7.11907492      14.97179570
C       12.42828440       5.17522271       0.42927273
C       11.08600998       4.87008976       0.52896353
H       10.01040441       6.32635336      15.23860243
H       13.88064697       6.19772292      17.00900681
H       12.56248488       8.25080686      14.87423507
H       13.72878193       6.80839953      15.03819604
H       12.29910156       6.65180142      14.12772044
H       13.08235763       4.73995904       1.15957751
H       10.75696217       4.24128212       1.29926798
H        8.65320159       4.82967996       0.49159602
O        3.80974625      13.75642450       7.45056416
C        0.90247105      15.29749727       5.79372342
C        1.79386817      14.87560330       6.80890004
C        1.21680533      14.94272427       4.48488248
C        3.01127128      14.18095531       6.45641478
C       17.29504585      16.03445045       6.10575377
C        2.48821468      14.38841308       4.09941419
C        3.43119446      14.05312640       5.10823670
H        1.63697576      15.03547532       7.86587286
H        0.48571164      15.10110917       3.71781416
H       16.51628206      15.85861304       5.37395409
H       16.90651531      15.93564146       7.03965881
H       17.46373758      17.05487662       5.95542203
H        2.76486196      14.25728774       3.02334882
H        4.40605699      13.70092128       4.73781693
H        4.47167958      13.22025196       7.14307608
O       10.00355524       2.13499624       3.60719533
C       12.74018539       0.66103765       1.58964959
C       12.02608842       1.60913851       2.39368295
C       12.20587892      17.07583910       1.40300699
C       10.75071018       1.23301185       2.92298586
C       14.02827457       1.11459569       0.89059505
C       10.97579400      16.72321599       2.00418840
C       10.22423004      17.64783869       2.74011866
H       12.41239332       2.59233804       2.53674372
H       12.82417843      16.40901996       0.89424969
H       14.83959592       0.88813836       1.54424681
H       14.11806579       0.57979106      17.68125132
H       13.95580582       2.16156872       0.87784884
H       10.65393494      15.70721743       1.92248318
H        9.30551837      17.37694172       3.17622720
H       10.53143125       2.85036587       4.03791601
O        6.29177330      15.22155619      14.98125401
C        6.38400601      15.16005656       0.98779032
C        6.07997193      14.76587327      17.41401183
C        6.98725069      16.38433351       1.20112025
C        6.50892844      15.57141741      16.29566062
C        5.92381361      14.29182916       2.13467818
C        7.33858674      17.24835009       0.13332289
C        7.13731196      16.78115385      16.52620551
H        5.55643765      13.83087860      17.27588483
H        7.28510179      16.72448975       2.22017794
H        5.98721343      14.59019050       3.18567977
H        4.87565445      13.90787906       1.97580701
H        6.51702250      13.43355010       2.03326594
H        7.71099227       0.53074197       0.26583594
H        7.46466810      17.40277616      15.72428569
H        5.50297758      14.69119505      14.83250961
O        4.81222902      10.64985572       9.73402127
C        6.39504489      13.27663683      11.69740270
C        5.86315126      12.56874012      10.58504600
C        6.78431567      12.57090586      12.83217226
C        5.55400318      11.23060184      10.72338168
C        6.51394445      14.79724768      11.60084380
C        6.43556637      11.19806071      12.95677043
C        5.80821488      10.54884417      11.89421154
H        5.50775197      12.98495077       9.66299733
H        7.29834522      13.05154568      13.67071937
H        6.78695943      15.06833930      10.60112742
H        5.57169676      15.29344483      11.93398256
H        7.38022745      15.14834585      12.29434414
H        6.58092215      10.72729231      13.87728148
H        5.43721713       9.55552181      12.01289411
H        4.63197587       9.76885912       9.94627059
O        5.49077053       3.55584943      11.54984705
C        8.10533269       6.23441004      11.79363488
C        7.30801917       5.00630991      12.00667395
C        7.52131366       7.19164031      10.89664936
C        6.08641855       4.74942662      11.39455176
C        9.38856668       6.35170702      12.46719443
C        6.23261970       6.99766222      10.37971596
C        5.47024655       5.82787957      10.69259279
H        7.75493516       4.29370479      12.68259366
H        8.04341021       8.14377785      10.80539227
H        9.54270898       5.52358216      13.20931255
H       10.20068224       6.22033190      11.82902690
H        9.46994595       7.30544694      13.06475370
H        5.84027322       7.83341736       9.82326670
H        4.54393657       5.72179968      10.26843565
H        6.09722197       2.87316560      11.78099259
O       14.10523138       4.46738291       4.42623458
C       17.02193818       3.76307447       2.26854377
C       15.99370893       4.47978456       2.91086769
C       17.10111711       2.38375844       2.30431085
C       15.08836969       3.76270695       3.70573884
C        0.22434557       4.49016936       1.36239856
C       16.24891244       1.69619850       3.21572816
C       15.21732958       2.36447738       3.80989632
H       15.97709886       5.59044850       2.72993576
H        0.19173664       1.84744562       1.80941848
H        1.05592935       5.02915989       1.87260217
H        0.58388916       3.75475049       0.59746068
H       17.45130771       5.10287450       0.67371693
H       16.32376651       0.71057239       3.31638499
H       14.60931950       1.80252729       4.49346610
H       14.26890757       5.44931678       4.42982561
O       16.50113193      16.78041570      12.94700375
C       16.82272702      16.80789831      16.65751373
C       16.69715105      16.35106686      15.34177901
C       16.95112041       0.40117036      16.87532113
C       16.84557672      17.24141962      14.19282581
C       16.80222231      15.72585225       0.04047088
C       17.20984247       1.25747271      15.79988798
C       17.26179524       0.83933699      14.51002058
H       16.40242311      15.33267264      15.06347722
H       17.02608738       0.76611448       0.21437538
H       16.98057789      14.81860057      17.18999640
H       17.59312763      15.79998958       0.77906789
H       15.87293239      15.52249596       0.48971826
H       17.31574545       2.32968029      16.00896791
H       17.47036215       1.53575210      13.71177129
H       16.91616846      17.30129173      12.27636605
