512
Lattice="17.7128441229 0.0 0.0 0.0 17.7128441229 0.0 0.0 0.0 17.7128441229" Properties=species:S:1:pos:R:3 pbc="T T T"
O       12.01546338       3.67848395       5.36556157
C        9.85019804       3.65685499       8.40533297
C       10.52228996       3.25576660       7.20807772
C       10.29038870       4.85797956       9.02555111
C       11.52397749       4.05705509       6.58232493
C        8.75174115       2.85092828       9.03936387
C       11.34357814       5.56866388       8.46626423
C       11.99855559       5.20586825       7.30130861
H       10.25350756       2.40488196       6.65883476
H        9.82221436       5.24275214       9.87807518
H        9.14686078       2.28685608       9.85306728
H        7.89883275       3.47808747       9.37836997
H        8.50778778       2.12530997       8.27673980
H       11.49230504       6.55558634       8.95031527
H       12.78243416       5.80867727       6.91596200
H       12.82481476       4.00110222       4.99582504
O        7.71293022       5.54958061       2.37793534
C        9.94397553       7.54924634       4.56504037
C        9.30085518       7.05647801       3.37269198
C        9.63495387       6.99245794       5.85233956
C        8.30116817       6.01127844       3.48876027
C       10.83465188       8.74216337       4.56291912
C        8.82022591       5.87086961       5.92344409
C        8.08865260       5.49183007       4.76853794
H        9.52303291       7.39365041       2.35893158
H       10.08236876       7.44923731       6.75091875
H       11.20408388       9.00981761       3.57303209
H       10.45021224       9.58977430       4.98040092
H       11.82411812       8.49518144       4.98095226
H        8.64411237       5.38490563       6.87228607
H        7.39257366       4.72857448       4.79704476
H        7.31900851       4.74782196       2.46891458
O       17.57782267       0.93880386      10.64848854
C       15.51477768       1.91930247       7.70558581
C       16.21868315       2.01339515       8.91958767
C       15.29593849       0.70180284       7.06007162
C       16.77087081       0.91151349       9.53701529
C       15.10549966       3.19069805       7.04941114
C       15.74084433      17.23922233       7.79864866
C       16.50610560      17.32635565       9.02233632
H       16.43447195       2.98003513       9.24392231
H       14.83928325       0.53708143       6.07314456
H       14.49086994       3.72248570       7.73891575
H       16.06698397       3.66277432       6.66554212
H       14.50758035       3.08223436       6.11309229
H       15.67508880      16.27679303       7.31160361
H       16.93351642      16.40584090       9.47007349
H        0.16442290       1.80099668      10.90183863
O        3.45715623       4.09164108      10.40446629
C        3.32690778       3.64262640       6.73560595
C        2.95349518       3.62293686       8.05198591
C        4.53105200       4.35240531       6.33036886
C        3.88529662       4.06798533       9.09040616
C        2.45849152       2.92779683       5.71280847
C        5.45490889       4.72158072       7.34312159
C        5.17130414       4.47354285       8.74328501
H        1.98539517       3.30621492       8.24100621
H        4.77154088       4.61455128       5.35219497
H        2.15433620       3.58324730       4.87307113
H        3.04887934       2.06546443       5.40351055
H        1.52163751       2.58223615       6.14613453
H        6.36995645       5.33904537       7.14939074
H        5.84410517       4.64077585       9.56478398
H        4.10261474       3.84191005      11.09088391
O       10.84663384       9.17644942      12.05384677
C       14.02075732       9.54765202      10.21101997
C       12.77178101       9.88586890      10.80629328
C       14.53390535       8.25259357      10.42445631
C       11.99208111       8.96670818      11.45029054
C       14.79965507      10.47210040       9.33763471
C       13.75823149       7.33402574      11.16137959
C       12.49496434       7.66108463      11.66900441
H       12.17200618      10.73081075      10.52446520
H       15.51659994       7.84996569      10.12359238
H       15.80872211      10.67194205       9.71284248
H       15.13630481       9.93614482       8.45995673
H       14.24839080      11.38409382       9.05981601
H       14.21687652       6.33532972      11.37338510
H       11.96678384       6.97343828      12.39115930
H       10.84728386      10.12518222      12.33179844
O       16.01587696      12.81171502       2.28013757
C       15.55169519      13.50196412       5.79453192
C       16.15240812      13.04329189       4.62703277
C       14.35721211      14.24744971       5.78221237
C       15.50363189      13.29640206       3.40120763
C       16.20182162      13.15875830       7.10885190
C       13.73256783      14.51476516       4.53089399
C       14.29956875      14.00854216       3.35775008
H       17.09671014      12.56048570       4.68509761
H       13.82840108      14.53808390       6.67778255
H       16.72120852      12.18413059       7.05086393
H       17.01377877      13.89268400       7.24384328
H       15.45586654      13.21330313       7.89956060
H       12.87406014      15.22325318       4.40685236
H       13.78793222      14.21720053       2.39912383
H       15.57883024      13.05113757       1.47593584
O        3.86568331       9.74865241       3.05726894
C        3.42692248       6.06055943       2.80284253
C        4.00992982       7.38634860       2.83814189
C        2.06270161       5.97137553       2.98996092
C        3.22271418       8.53362981       3.12840377
C        4.29302836       4.83293063       2.35547158
C        1.33312523       7.04122704       3.40331691
C        1.83826043       8.34654964       3.46247131
H        5.09992902       7.39732104       2.64610894
H        1.60111041       5.00596180       2.91576975
H        5.05959569       5.20757108       1.70389082
H        4.77290026       4.34369699       3.18947672
H        3.62808879       4.15409244       1.88815558
H        0.27227618       6.87041370       3.62760016
H        1.20985679       9.16879562       3.82915040
H        3.14225194      10.35076297       2.94156998
O        3.02362298       7.19209000      10.62028145
C        2.66213650      10.20522724       8.66939370
C        2.69378513       9.31056137       9.76179335
C        3.06890443       9.85415307       7.35737580
C        2.92438305       7.95051588       9.53928311
C        2.45593967      11.65017761       8.94876733
C        3.24154475       8.43300753       7.13241813
C        3.23215988       7.52319432       8.22668090
H        2.65592740       9.70001942      10.74577743
H        3.14770736      10.51109237       6.47670031
H        3.34093969      12.11526580       8.64636599
H        1.64391790      11.88468026       8.31572067
H        2.27991076      11.87938828       9.96612590
H        3.26881434       8.13702012       6.12936257
H        3.47720720       6.56787575       7.93366291
H        3.05209110       6.30490712      10.26138466
O        0.84334113       3.89791715      10.65196873
C       16.06171474       4.77711891      13.25487822
C       16.63696284       4.19010445      12.07809794
C       16.90284119       5.60449502      14.08459699
C        0.22231675       4.48003197      11.71711373
C       14.58761521       4.47740287      13.55904104
C        0.45489492       5.89189451      13.62814216
C        0.98815157       5.27896953      12.53356586
H       16.01403964       3.51726732      11.52836269
H       16.47899043       6.18648930      14.86316311
H       14.17356003       3.61033666      12.96725257
H       14.51508203       4.30589013      14.68510757
H       14.05122649       5.41026494      13.42000963
H        1.04749457       6.44768938      14.25599280
H        2.07368266       5.40721698      12.26498434
H        1.75022062       4.02286901      10.55065383
O        6.90451582      17.00527601      13.05069226
C        3.63035824      17.35157249      11.04895746
C        4.60480852      16.85477840      12.01254500
C        4.03211466       0.68774991      10.21731958
C        5.94401900      17.43253835      12.14353278
C        2.37026558      16.56033517      10.91131040
C        5.30685613       1.22303304      10.31485281
C        6.22449368       0.80038105      11.29094242
H        4.28002967      16.09077532      12.67404479
H        3.38808271       0.96328056       9.41695022
H        1.81882403      16.93870080      10.01706186
H        2.53618186      15.52972078      10.67799840
H        1.74575745      16.63990278      11.84923034
H        5.65382177       1.95435201       9.63048491
H        7.23394322       1.11440647      11.32818581
H        7.58059605      17.68618225      13.26759418
O        2.52097639       7.51756153       0.01866742
C        5.80247867       8.15074151      16.29954503
C        4.80848836       7.92042732      17.24060812
C        5.48896033       8.31759544      14.99016781
C        3.46823492       7.82665690      16.81861874
C        7.32247431       8.14980329      16.65025048
C        4.09960642       8.54631327      14.62544564
C        3.09176100       8.22463637      15.56538665
H        5.19776763       7.75574747       0.57335242
H        6.32792136       8.24838950      14.30242989
H        7.74506703       9.14427264      16.32358268
H        7.40184609       8.02276355       0.03988517
H        7.84577776       7.40776974      16.03009648
H        3.80363368       8.80561799      13.64362840
H        2.10985454       8.36082464      15.25973278
H        2.84224891       7.04707497       0.73074437
O        7.84984744      14.53060472       6.74209052
C       10.68477838      16.82242450       7.25046415
C        9.74080177      16.00997116       6.60199249
C       10.44203291      17.08053345       8.61314000
C        8.69360654      15.41485351       7.32231529
C       11.94827590      17.39663883       6.55743054
C        9.32565809      16.54546674       9.27003337
C        8.41729916      15.69938435       8.63440612
H        9.83454887      15.80601011       5.55337752
H       11.19173618      17.59323251       9.21574298
H       12.04475920       0.75673729       6.54462250
H       12.79479796      16.96388216       7.01748969
H       11.83915195      17.23776484       5.48278702
H        9.16618859      16.90025065      10.34252487
H        7.57923242      15.26687616       9.21170353
H        7.14367817      14.16440653       7.39681802
O       10.71929958      11.06771995      17.06143067
C        7.70300068      10.70868981       1.52915414
C        8.93073627      10.44465276       0.93564545
C        6.93359748      11.64053903       0.93176347
C        9.41672131      11.16259386      17.53869397
C        7.31081431       9.98938250       2.80007958
C        7.30453583      12.22801275      17.44812948
C        8.56653180      11.96050576      16.87673991
H        9.63204743       9.75426661       1.41426165
H        6.06975067      12.06197455       1.40863161
H        8.18121775       9.79170691       3.50121403
H        6.51742953      10.55698515       3.25631296
H        6.77242506       9.09598060       2.54820949
H        6.61421900      12.84509980      16.89542385
H        8.93807274      12.43751360      16.02298331
H       10.83548004      11.57915220      16.26711657
O        9.00884135       1.15054663      13.67447890
C       12.57659428       0.53507853      13.38005358
C       11.21576061       0.52561788      13.03660458
C       13.05525751       0.98402824      14.57761943
C       10.33113478       1.02005995      13.93905759
C       13.48593361       0.09260685      12.25676917
C       12.17445307       1.33193317      15.59245856
C       10.76532766       1.45630748      15.23972844
H       10.85986359       0.14599146      12.10795385
H       14.06877617       0.92606198      14.90790180
H       13.11480823       0.50557266      11.31929439
H       14.44313788       0.53306509      12.44281454
H       13.53329221      16.74878906      12.23671261
H       12.35172471       1.59869766      16.63031327
H        9.97996778       1.83309804      15.88017377
H        8.59698239       1.34279129      14.48340257
O       14.30494350       7.41788618       4.11047576
C       16.73279345       7.35013105       6.90905009
C       15.68647310       7.00912165       6.02059373
C       17.20434142       8.66885012       6.88482729
C       15.27494629       7.84885080       4.96623359
C       17.30162003       6.34282547       7.82171592
C       16.72607689       9.55395939       5.83350361
C       15.79000906       9.13236590       4.84277061
H       15.19595538       6.06491976       6.11648159
H        0.28390324       8.93415481       7.52625081
H       17.60102296       5.47874530       7.21961091
H        0.51458558       6.74996951       8.11052927
H       16.74221352       5.95400631       8.72160293
H       17.13276047      10.53739821       5.62138230
H       15.59020499       9.88920535       4.14729628
H       14.01263275       8.07881798       3.50495865
O       12.00225137      11.54144974       1.78136901
C       11.82682982      11.79335426       5.43071994
C       12.32729434      11.47451286       4.11120687
C       10.60736390      12.51530429       5.61085582
C       11.57805609      11.92096593       2.97287491
C       12.53448446      11.39066748       6.70568575
C        9.99089423      12.97634541       4.49026881
C       10.35617770      12.63161370       3.13786563
H       13.22194653      10.96889283       4.01613817
H       10.31121520      12.83112799       6.56607293
H       12.62548944      12.41317127       7.20493752
H       11.87858162      10.69625496       7.21683357
H       13.52553495      10.99352599       6.46502345
H        9.13546470      13.63621585       4.71223911
H        9.79298675      12.93210292       2.30412920
H       11.30704324      11.18453706       1.23221608
O        7.28030250       2.36150293      15.52491149
C        3.65084185       2.01202030      15.35010391
C        5.00875862       1.78723614      15.17262112
C        3.17379787       3.26742399      15.66647267
C        5.99158898       2.77608319      15.48128384
C        2.66725334       0.80659359      15.02844205
C        4.11597998       4.26710267      15.89384576
C        5.53147690       4.05301992      15.86913727
H        5.38305034       0.81831823      14.89824856
H        2.10938303       3.49458604      15.70530555
H        1.75169321       0.84663833      15.60837829
H        2.36341703       0.92644026      13.95785890
H        3.24765374      17.59233738      15.05603434
H        3.75110113       5.25500914      16.11060036
H        6.25036952       4.89125881      15.97545621
H        7.74411511       2.74866958      16.29934552
O        7.80016065       2.74821064       2.68296413
C        5.87202306       0.60027369       4.94946453
C        6.87660057       1.53893239       4.53934589
C        4.88756673       0.19388036       3.99710030
C        6.77488318       2.07513758       3.20984680
C        6.01967090       0.04030572       6.28594743
C        4.80592307       0.72405023       2.67983886
C        5.74071854       1.74690398       2.40489665
H        7.66756493       1.77761230       5.20916972
H        4.23300658      17.12057062       4.37157291
H        7.14612824       0.14905137       6.44990904
H        5.49550218       0.65262064       7.01361187
H        5.76665736      16.66939896       6.37685600
H        4.05110736       0.32486445       2.03787911
H        5.75568675       2.16640162       1.42101199
H        8.62044756       2.69045215       3.21935606
O       11.29015002      12.27602272      14.56270088
C       10.68216771      13.34896664      10.99845152
C       11.33865631      13.20144041      12.25278171
C        9.38534754      12.71967549      10.83307415
C       10.67408532      12.63636529      13.39185123
C       11.59639971      13.80809128       9.85728858
C        8.82366034      11.99301483      11.84750458
C        9.42233693      12.01625214      13.12976748
H       12.31402766      13.62416048      12.48232299
H        9.00709696      12.91669826       9.88352365
H       12.16578308      14.69390260      10.19203524
H       12.27225505      12.90801284       9.73555484
H       11.10432262      14.04845179       8.89254849
H        8.08341530      11.28345452      11.65900419
H        8.96723157      11.55567815      13.98025801
H       11.98756739      12.87918213      14.72002008
O       14.08242708       9.46956152       2.17800154
C       14.97357096       9.29706645      16.28516839
C       14.28852732       9.52606571      17.51595769
C       16.32907154       8.90306087      16.38799041
C       14.90641301       9.38197017       1.04720136
C       14.26922211       9.32012781      14.94662433
C       17.00306953       8.80817082      17.63666022
C       16.27608480       9.08754136       1.10171005
H       13.26607278       9.65963014      17.37282350
H       16.91944345       8.74279480      15.51578869
H       14.61584396      10.14245175      14.37067122
H       14.49759104       8.52525938      14.23552104
H       13.19891562       9.50420338      15.15082641
H        0.36864109       8.63488175       0.03649747
H       16.71304626       8.89983330       2.03698641
H       13.46902959      10.18186522       2.10554820
O        7.23470434      11.37754509       5.82361840
C        8.53535680       9.24018043       8.49315453
C        8.48219393      10.27253895       7.52181354
C        7.60688437       8.20396799       8.53938857
C        7.36858017      10.36976746       6.66609197
C        9.74315436       9.22867631       9.44601632
C        6.51095794       8.28566347       7.60304289
C        6.35891549       9.34215620       6.65971313
H        9.21621566      11.06204628       7.57369475
H        7.59876301       7.65938676       9.41013711
H        9.96882163       8.16075362       9.67061997
H       10.71218272       9.74390446       9.16932685
H        9.28656725       9.68356750      10.31736553
H        5.76057128       7.52628681       7.49224769
H        5.62606664       9.34877364       5.89049951
H        8.03485637      11.68675279       5.46969891
O        1.63101459      11.74488847       2.21684919
C        0.92824748      11.98085731      16.35931939
C        0.80781979      11.93697408       0.02042339
C        2.21266625      11.71664958      15.81478362
C        1.83674628      11.68996703       0.89118128
C       17.45274305      12.26503915      15.45835723
C        3.29126322      11.47600955      16.66368939
C        3.04905795      11.39912919       0.31861641
H       17.51515518      12.08986365       0.46875977
H        2.35024609      11.84468258      14.73350230
H       17.13867093      11.35544629      14.91585603
H       16.57724733      12.41853728      16.07666463
H       17.49036563      13.07175759      14.79126301
H        4.31653446      11.18749630      16.27156817
H        3.92170511      11.24919056       0.97323293
H        0.71180873      11.87516798       2.41562493
O       15.85536862      14.31828895      11.99471476
C       17.48442769      11.03222143      12.42746894
C       16.48129222      11.99218543      12.18800477
C        1.15307934      11.42572293      12.39562305
C       16.80969258      13.34101137      12.11583243
C       17.19810810       9.56872587      12.44341872
C        1.50162106      12.84833344      12.25441249
C        0.47988617      13.74910394      12.22768636
H       15.44069305      11.59929316      12.02552624
H        1.89536390      10.68016552      12.51100063
H        0.03203544       9.06516502      13.21335259
H       16.15150753       9.44500582      12.57873699
H       17.55766911       9.23087605      11.46934285
H        2.51689277      13.22884148      12.33010193
H        0.64611481      14.82646097      12.37092366
H       16.22885926      15.26187507      12.06135333
O       14.64205289      12.92087765      17.46663620
C       11.75362148      14.89786359      16.53231989
C       12.61540292      14.10286932      17.24988446
C       12.12502456      15.32672764      15.20541169
C       13.83313919      13.73537586      16.75568420
C       10.30145872      15.38666919      16.96999602
C       13.30769004      14.81307346      14.65849898
C       14.22111999      14.05173842      15.44969189
H       12.40809291      13.75832444       0.55320063
H       11.42714859      15.93175872      14.68297087
H       10.16391799      15.61705356       0.26285315
H        9.98863589      16.29829758      16.47996318
H        9.62229191      14.64857496      16.77849078
H       13.70982891      15.11267141      13.66417745
H       15.15919907      13.62399816      15.03440694
H       14.66799807      12.12905532      16.93986580
O        8.43408226       3.42850877       0.11871908
C       10.90385170       5.91700392      16.78228521
C        9.74513805       5.15127371      16.76545139
C       11.95011258       5.72264375       0.04021838
C        9.62815692       4.11891887       0.03287299
C       10.98379314       6.97425343      15.66311892
C       11.83470109       4.70802362       1.01069371
C       10.61124705       3.96623018       1.01623586
H        9.05774313       5.28338581      15.91361806
H       12.85858987       6.35881352       0.03924197
H       10.69492509       7.92066371      16.07116857
H       11.90534979       7.05598098      15.29741339
H       10.28870909       6.67947738      14.82062593
H       12.63111503       4.55424112       1.77346323
H       10.55390752       3.23969225       1.78071621
H        8.19084145       3.39357824       1.09072163
O        4.57848601      14.89612181       8.14942469
C        1.93484327      15.48270746       5.69277585
C        2.78314890      15.58146352       6.80426228
C        1.97455948      14.29655656       4.99746071
C        3.76230404      14.64365899       7.06245870
C        0.93887397      16.56217004       5.46717269
C        2.82268976      13.26771653       5.29566444
C        3.83678000      13.43537582       6.31261963
H        2.69671758      16.42631431       7.44116304
H        1.29941391      14.20675086       4.15455670
H       17.66745372      16.03408019       5.41797424
H        0.93795333      17.32099270       6.30668824
H        1.16866387      17.05838620       4.53693853
H        2.86851587      12.32547429       4.69638038
H        4.56506274      12.66014035       6.49106228
H        4.77421717      14.06912419       8.51751236
O       10.07506771       2.20570101       4.12959426
C       12.45906124       0.03309593       2.41288064
C       11.92127629       1.17670445       3.07267011
C       11.80631853      16.51395317       2.32725895
C       10.63769787       1.10051020       3.62621377
C       13.93882616       0.03611384       1.96137762
C       10.45258876      16.44957164       2.82374504
C        9.89679714      17.62180360       3.46809964
H       12.56122456       2.10406882       3.19649467
H       12.26549236      15.63025635       2.07043913
H       14.53734753      17.21744904       2.76775094
H       14.09534258      17.38224839       1.03929133
H       14.45676701       0.95422999       1.96331764
H        9.89846541      15.47879787       2.72743307
H        8.88423525      17.56939931       3.75708199
H       10.62314824       2.89432174       4.31086207
O        2.90254866      14.44171372      17.10725570
C        5.58372307      15.00483433       1.82674745
C        4.29658736      14.67132490       1.26267011
C        6.58664627      15.65827884       1.04626583
C        4.08906947      14.87990967      17.59023733
C        5.86431372      14.66599281       3.30057961
C        6.30169960      15.95115738      17.38372573
C        5.06181299      15.55474481      16.81272724
H        3.49331661      14.30232641       1.88430083
H        7.53837002      15.95264448       1.49324548
H        5.01286954      14.23895104       3.86060758
H        6.67004800      13.83747489       3.30258271
H        6.29801361      15.54220620       3.77385335
H        7.06553475      16.43735467      16.75069337
H        4.82325053      15.67471143      15.81751682
H        2.90334109      13.47642253      17.03553472
O        6.31842512      12.84460402       8.87111531
C        5.44895641      12.52852643      12.37814733
C        5.70293116      13.11787119      11.12326596
C        5.34678268      11.16755229      12.56366290
C        5.95229046      12.25478833      10.03835974
C        5.42506829      13.43987896      13.59319655
C        5.42839486      10.32154391      11.42403336
C        5.69777049      10.86474011      10.15508385
H        5.85378310      14.22617852      11.13003221
H        5.14747008      10.66629726      13.50515740
H        4.34044128      13.69123401      13.77192228
H        5.83509433      12.99544908      14.48139820
H        6.02102146      14.37530389      13.49509489
H        5.25985344       9.19547103      11.44897841
H        5.81872856      10.21927637       9.34397730
H        6.41839297      12.27264808       8.12505073
O        5.29602184       3.97194272      12.50604466
C        8.82398030       5.13311867      12.49196668
C        7.69445031       4.31376085      12.72725805
C        8.65807359       6.41414469      12.06256632
C        6.43168952       4.74250234      12.31348138
C       10.22272274       4.63037132      12.76217915
C        7.39552215       6.91367412      11.74676668
C        6.27045868       6.11464270      11.98570287
H        7.71513736       3.23459850      13.01596294
H        9.46384177       7.17558081      11.84017577
H       10.14783830       3.88525993      13.45782749
H       10.72666010       4.24974855      11.88858250
H       10.74693680       5.50719813      13.09648804
H        7.20106719       8.01775460      11.48522962
H        5.30041977       6.61370515      11.91126240
H        5.32145908       3.29574223      13.20371608
O       14.70723196       4.59348468       4.03464609
C       17.08499072       4.32154418       1.23414628
C       16.13233593       4.86707500       2.09399075
C       17.47909603       2.99005829       1.40794106
C       15.65127316       4.09092321       3.17260161
C       17.64921918       5.17409671       0.05897684
C       16.99082741       2.23587507       2.52235021
C       16.25022097       2.87549100       3.48909096
H       15.58411822       5.80000636       1.79902129
H        0.51488736       2.59325723       0.73830195
H        0.59358475       5.91042163       0.45419592
H        0.55489977       4.67335658      17.09111560
H       16.87922667       5.69664052      17.26377828
H       17.37310089       1.18945114       2.67282324
H       15.94773743       2.33413002       4.37392319
H       14.59082155       5.56256975       4.04005135
O       16.74937212      16.82012694      12.46379981
C       16.69807894      17.03644227      16.13484636
C       16.70441006      16.53922170      14.77066036
C       16.53771212       0.74345087      16.16781360
C       16.68357106      17.37334422      13.65527888
C       17.05460958      16.11286720      17.31655379
C       16.46262276       1.61485307      15.06751024
C       16.56104927       1.03293762      13.77006584
H       16.69255428      15.49586631      14.73307158
H       16.56790586       1.19078300      17.15700460
H       16.67701619      16.52834906       0.58932812
H       16.47067726      15.19334222      17.35796250
H        0.41257955      15.88765059      17.37196460
H       16.22681455       2.62850531      15.09789782
H       16.46612433       1.58123591      12.81898624
H       17.03795671      17.42656089      11.74963747
