512
Lattice="17.7128441229 0.0 0.0 0.0 17.7128441229 0.0 0.0 0.0 17.7128441229" Properties=species:S:1:pos:R:3 pbc="T T T"
O       12.62986804       4.23130943       3.71033293
C       10.06073057       3.95463698       6.33240731
C       10.82201816       3.62986862       5.21210805
C       10.27718319       5.18618151       7.01734558
C       11.85292645       4.51207044       4.78822182
C        8.86591966       3.05929063       6.55883456
C       11.34068605       6.05844966       6.68297964
C       12.13313154       5.69250058       5.59485850
H       10.64481615       2.70139748       4.61134585
H        9.58133999       5.40351729       7.81569643
H        8.96118985       2.62428644       7.49641694
H        7.95249790       3.66513466       6.45118293
H        8.87770218       2.23255032       5.77892522
H       11.53816835       7.04797046       7.14169892
H       12.94840925       6.25458829       5.26346455
H       13.24057298       4.89530375       3.38692322
O        5.99900938       3.32027357       3.67418041
C        7.95708790       6.30773956       2.96132712
C        7.45213715       4.98424110       2.82447408
C        7.52896638       7.15063909       4.01527381
C        6.56908970       4.53517363       3.82102527
C        8.98351005       6.88887215       1.94591418
C        6.47386490       6.73066545       4.91308666
C        6.06947526       5.39049779       4.81634910
H        7.84331294       4.27185333       2.10847042
H        8.01122972       8.10230143       4.10316691
H        9.96513725       6.62351761       2.20367763
H        8.87450351       6.51383467       0.92235927
H        8.84373512       7.90810181       1.98491204
H        6.17196376       7.43030336       5.71281249
H        5.26912222       5.03604234       5.41276536
H        6.00134046       2.99292182       2.74430763
O       16.48070719       1.58294528      10.85790730
C       14.53459443       2.98806382       7.94961032
C       15.62082210       2.47504945       8.72000080
C       13.24527070       2.91067164       8.48037185
C       15.41288054       1.90988855      10.04880013
C       14.67899108       3.57559554       6.64010501
C       12.99258827       2.35695620       9.72424010
C       14.04173717       1.75680224      10.46399377
H       16.66212712       2.61406216       8.44577925
H       12.39817519       3.42028404       7.99605911
H       15.67625478       3.36685020       6.27815631
H       13.97411794       3.15209228       5.85944824
H       14.52180237       4.68361806       6.70705746
H       11.98428235       2.29895196      10.10031970
H       13.80804317       1.31473707      11.47966100
H       17.33446351       2.00821640      10.52995350
O        3.88493708       2.48346036       9.87065362
C        3.74892715       1.81586294       6.24099037
C        3.37514426       2.32128613       7.51554267
C        4.98381241       1.20576751       6.02158669
C        4.25074425       2.08919863       8.60496718
C        2.83547424       2.04663333       5.08855848
C        5.80708368       0.94194576       7.11306553
C        5.40601684       1.27380815       8.42908853
H        2.48764691       2.91162225       7.65135013
H        5.20479552       1.06552359       5.01965961
H        1.82565778       2.34144858       5.40762610
H        3.21075015       2.91578137       4.41115851
H        2.62815223       1.05605163       4.50177407
H        6.74693742       0.38536311       6.93397383
H        5.99948746       1.09809535       9.30662426
H        4.57972481       2.55624081      10.52501530
O       11.50981425       7.60761902      11.32933048
C       13.89573289      10.36638323      11.79554627
C       12.75675562       9.55100489      11.94319732
C       14.84719734      10.12910906      10.76794184
C       12.52836996       8.50367699      11.01582145
C       14.09021638      11.42640306      12.87537012
C       14.62983013       9.07988076       9.89743355
C       13.45824546       8.27855011       9.95380586
H       12.12497058       9.74003426      12.74208618
H       15.75159304      10.69510326      10.64339025
H       14.53078347      11.10497806      13.82143738
H       14.81999717      12.12328446      12.41345030
H       13.17663960      12.01013885      13.09224977
H       15.35752778       8.90060710       9.07933711
H       13.21617399       7.51488687       9.18764507
H       10.96870338       7.93276244      12.06485058
O       15.99250174      13.84367285       2.36443252
C       16.16510375      17.06573230       4.03895462
C       16.49011550      15.98332577       3.24201416
C       15.05079921      16.98883737       4.92181494
C       15.82689924      14.74883747       3.35585877
C       16.99144539       0.61015139       4.08181920
C       14.36210672      15.74155176       4.97151954
C       14.70484882      14.63227730       4.18141542
H       17.39207448      15.97989837       2.66920047
H       14.89053206       0.01609452       5.65763326
H        0.03380281       0.64014460       3.33528127
H       16.29807642       1.43545671       3.92036939
H       17.39041709       0.58827286       5.08365115
H       13.51143136      15.64805944       5.64209903
H       14.19115930      13.76150559       4.26692347
H       15.15984122      13.43302165       2.24282673
O        0.78351853      10.06618993       2.60661694
C        2.77298173       6.91245926       1.92344459
C        1.66339066       7.89757081       1.98305029
C        4.07293077       7.28082066       2.30350030
C        1.89636161       9.22917279       2.41767312
C        2.55645538       5.49194438       1.32577499
C        4.29313520       8.62921099       2.58044562
C        3.22258128       9.57459256       2.75508477
H        0.65528100       7.60488220       1.66521957
H        4.97485523       6.63609904       2.17644707
H        1.60067489       5.39102701       0.80686685
H        3.28106194       5.21750248       0.57208531
H        2.59911447       4.68581326       2.10157678
H        5.33387918       8.87435899       2.63452581
H        3.41212673      10.53145409       3.15497510
H        0.97971629      11.00198919       2.55012371
O        1.97904234       7.98633135      10.98822422
C        2.82343274       8.40842570       7.39116220
C        2.42365348       8.72845405       8.70456795
C        3.38941116       7.15443625       7.13705001
C        2.44888094       7.74878314       9.78259354
C        2.74240865       9.45014498       6.38573261
C        3.59439243       6.29820013       8.18291489
C        3.07359848       6.51172708       9.46574484
H        1.98303468       9.69742368       8.78948527
H        3.68874467       6.88353738       6.14690970
H        3.16412775      10.40689113       6.63745564
H        3.24887480       9.04358734       5.50323927
H        1.78077390       9.80289003       5.88715264
H        4.23458040       5.48593473       7.98128754
H        3.38081808       5.68310755      10.22833086
H        1.92225867       7.28818671      11.61807373
O        1.23521104       2.69097226      10.25793129
C       17.06472015       5.55424557      11.70703549
C       17.45959477       4.51084183      10.88334902
C        0.15418415       5.77154277      12.83416935
C        0.92288669       3.77882693      11.06499999
C       15.80790988       6.24373135      11.39271541
C        1.42668186       5.18575443      13.01391393
C        1.82146127       4.15206194      12.11209918
H       16.83118004       4.18850728      10.04781747
H       17.59346237       6.49136798      13.52159071
H       15.17674190       6.23165624      12.20692339
H       16.04971276       7.26473849      11.25975432
H       15.23524211       5.89439986      10.50194558
H        2.01115125       5.34220468      13.86578139
H        2.68102298       3.61121279      12.42662945
H        2.16720458       2.59103394      10.06920822
O        6.68572107       0.27438342      12.54607015
C        3.60187068      16.07714872      12.68185087
C        4.65946448      16.86171516      12.16701833
C        3.57546919      15.61926206      14.03261056
C        5.73048998      17.16807296      12.95063431
C        2.37324629      15.77825542      11.88211331
C        4.74356081      15.84838541      14.81025745
C        5.82895499      16.55169923      14.24321248
H        4.90300307      17.17720592      11.15346855
H        2.70265733      15.07548048      14.34627985
H        2.24521181      16.55832352      11.12179125
H        2.52894485      14.79653464      11.35905884
H        1.48450941      15.69463836      12.55031067
H        4.75004462      15.64681334      15.82685826
H        6.65243561      16.75460985      14.85344607
H        7.54086737       0.27450284      12.95546455
O        1.13094945       8.92486370      16.07919675
C        4.77237655       8.98789356      16.05849219
C        3.46305817       9.12971666      16.45516265
C        5.03487313       8.57610908      14.76748535
C        2.40776985       8.86374655      15.59433748
C        5.98420033       9.36618138      16.98597610
C        4.04870915       8.51699516      13.82370128
C        2.72558029       8.53389262      14.24530198
H        3.26058375       9.39915771      17.51788334
H        6.09380425       8.41782180      14.56104446
H        6.83065919       8.62376545      16.86027944
H        6.36983790      10.32808543      16.67937158
H        5.66166562       9.52217264       0.27739736
H        4.31178159       8.16275453      12.83717436
H        1.92554097       8.26807839      13.57595751
H        0.99715089       9.60433374      16.79644894
O        8.09331788      14.36600864       8.63433507
C       10.35661070      17.24729873       8.13303906
C        9.75449361      15.92382979       8.11009996
C        9.80788998       0.37696468       9.10617754
C        8.60289909      15.60510789       8.86494137
C       11.45057079      17.68427869       7.22229184
C        8.64849698       0.08251303       9.89589976
C        8.08096737      16.50352291       9.76103208
H       10.15558253      15.24637647       7.41523083
H       10.20690656       1.38508493       9.12239749
H       11.94195241      16.69130215       6.88958992
H       11.10755348       0.43714993       6.33989960
H       12.31041174       0.51962974       7.69796952
H        8.14801589       0.68005928      10.51516383
H        7.20941509      16.35074663      10.34990129
H        7.30855239      14.38866044       9.09007418
O        9.98346356      10.24904781       1.25055568
C        7.11299600      11.22361523       3.35311120
C        8.24160821      10.58314715       2.88545829
C        6.59229834      12.25871389       2.55597466
C        8.87406866      11.00181926       1.68897064
C        6.47659427      10.84239396       4.65995365
C        7.20066960      12.70053998       1.39786546
C        8.34099797      12.05720246       0.95586183
H        8.62068030       9.74307148       3.50227860
H        5.78689055      12.92060971       2.86027248
H        5.44416519      11.18970994       4.78553163
H        6.50275339       9.76011929       4.86351197
H        6.99234789      11.29952069       5.57340934
H        6.80369679      13.45086254       0.80677349
H        8.75635734      12.46386442       0.04882122
H       10.37643625      10.68417541       0.50281227
O        9.01517118       0.62493513      14.21025156
C       11.68064978      16.14289001      13.19194084
C       10.43355201      16.61492903      13.53478810
C       12.86406710      16.75793659      13.61792630
C       10.31328029       0.15829199      14.11912739
C       11.74675870      14.94601884      12.30558587
C       12.78896847       0.19868187      14.38317526
C       11.50144976       0.76402789      14.64359653
H        9.56274191      15.97545088      13.29305040
H       13.83287253      16.29217149      13.54080866
H       11.07879513      14.98222252      11.48930504
H       12.70554555      14.69370188      11.86874217
H       11.34568570      14.05058867      12.77497037
H       13.70123954       0.56907666      14.81124144
H       11.37214109       1.66752161      15.16831254
H        9.06749842       1.48268056      14.56956164
O       16.55793416       9.16710582       4.45060332
C        0.05249184       5.90943385       5.70496346
C       17.60576208       7.06423276       4.88792948
C       17.10350864       5.93598055       6.93777504
C       16.69864928       8.14797056       5.27624868
C        1.01543836       4.81535135       5.32621626
C       16.17697287       6.96988788       7.25922535
C       15.96001823       8.10915745       6.44746664
H        0.24844016       7.19459996       3.88645615
H       17.17518493       5.07631201       7.63574346
H        1.76797030       5.14703559       4.51890543
H        1.60111553       4.45382173       6.18368731
H        0.27649787       4.07245802       4.99654568
H       15.61059717       6.92753663       8.25543716
H       15.27226497       8.83276576       6.87336772
H       17.34083369       9.40141242       3.96312048
O       11.45188787      11.89485079       3.69062005
C       12.51885845      11.63299977       7.13223505
C       11.97700656      12.18751021       6.00934460
C       12.92894561      10.30234698       7.13933872
C       11.92695114      11.39198485       4.83231549
C       12.45575995      12.40517071       8.42915351
C       12.92588887       9.48275748       5.93660916
C       12.37045270      10.04562106       4.79654032
H       11.66280983      13.17927642       5.85609049
H       13.25316140       9.79059267       7.98732296
H       13.04901843      11.98415593       9.16886400
H       12.90199713      13.33666696       8.25809595
H       11.41053457      12.47721282       8.67653593
H       13.27558647       8.44341963       5.87575231
H       12.36427183       9.48794156       3.90008712
H       11.25203096      11.27288510       3.01469152
O        9.00981711       3.48942674      15.22553930
C        5.42287490       3.21787385      15.70875476
C        6.68330167       2.86992682      15.26814597
C        5.07306080       4.40790086      16.29849981
C        7.71202182       3.71937580      15.56750773
C        4.36453698       2.20756601      15.47689180
C        6.10953096       5.36979797      16.59756149
C        7.38632880       4.96528490      16.22799120
H        6.82958020       1.94062152      14.71799713
H        4.01101247       4.58777816      16.45083557
H        4.64722641       1.19821372      15.82845152
H        3.37439818       2.49688783      15.85336447
H        4.30645025       2.20051314      14.40375899
H        5.98854296       6.30349486      17.09862005
H        8.19643002       5.60897564      16.37243588
H        9.67565173       3.69229256      15.89493026
O        5.74460847       2.49329373       1.09892075
C        4.30468771      16.80597851       1.80174249
C        4.58225868       0.49857619       1.95368952
C        5.11798844      16.02388001       0.95711248
C        5.66016242       1.07062482       1.19514055
C        3.17534633      16.17064061       2.69037723
C        6.24626662      16.59274416       0.37129325
C        6.49031215       0.25995905       0.34846710
H        3.94642187       1.07768107       2.59004071
H        4.80795015      15.03868798       0.77512564
H        2.19408394      16.74981162       2.74887215
H        3.00691749      15.14142943       2.43868865
H        3.53953337      16.13805041       3.74223680
H        6.78332044      15.99072172      17.41618851
H        7.23473446       0.63294650      17.40894400
H        6.20261033       2.71862501       0.30289184
O       11.18037568      10.86078028      16.22455323
C        9.00667934       9.85715412      13.51496493
C        9.96025748      10.53353819      14.28258392
C        8.66730486       8.58378442      13.92966264
C       10.49778174      10.02071876      15.47426040
C        8.70775370      10.25533337      12.06191351
C        9.34605147       7.99400301      15.02190410
C       10.11238673       8.72029990      15.88257395
H       10.48016813      11.39162183      13.85033194
H        7.92737499       8.13202790      13.34929812
H        9.49514121      11.03671028      11.74512464
H        8.84550363       9.43947286      11.27842545
H        7.70183328      10.62464095      11.88928003
H        9.05056722       7.04947095      15.20888427
H       10.51450514       8.29411777      16.80976026
H       11.37180022      11.72037078      15.89122677
O       14.64521285       8.47629632       2.66154432
C       14.30047186       8.38252324      16.62607119
C       14.20157377       8.02549298       0.26313062
C       15.06833791       9.54588340      16.37592175
C       14.81472707       8.76604448       1.29312550
C       13.66882151       7.66401821      15.46279232
C       15.72288247      10.24309085      17.38704208
C       15.62120976       9.84265224       0.99359645
H       13.37876963       7.33484632       0.40426580
H       15.20133953       9.76219008      15.35174468
H       14.10900583       7.81790086      14.52822446
H       13.84508100       6.60838657      15.57339331
H       12.58649144       7.92068829      15.33412374
H       16.21236047      11.17273658      17.04014464
H       16.08762918      10.44019201       1.73706119
H       15.19579725       8.91589695       3.33537496
O        9.13896858      12.31220662       7.39376290
C        7.01471717       9.63546230       8.88554022
C        7.45596318      10.96070600       8.57495509
C        7.68135704       8.53521506       8.40480612
C        8.60700903      11.11275050       7.80194605
C        5.86169504       9.44466270       9.82657142
C        8.71955113       8.65737714       7.48024482
C        9.23070376       9.97456070       7.24190829
H        7.12499866      11.85278031       9.08843314
H        7.41146112       7.53370731       8.65158440
H        5.28565436      10.41698470       9.95501523
H        5.20813643       8.75645712       9.43012367
H        6.12339426       9.30408170      10.86980443
H        9.33228695       7.86147998       7.06733959
H       10.07714446      10.00679747       6.58123352
H        8.74026851      13.10270750       7.89032673
O        0.72117527      12.79004369       2.47304575
C        1.12466029      13.11209560      16.58525056
C        0.61492589      13.09695707       0.19135780
C        2.51314594      12.87246768      16.47494064
C        1.34433651      12.82543617       1.29414645
C        0.19880541      13.43550668      15.41514965
C        3.33867465      12.70584003      17.60697318
C        2.75631256      12.68459153       1.16746709
H       17.32748607      13.22837073       0.43201926
H        3.17365991      12.90656469      15.62315296
H        0.02266641      14.49309602      15.49022222
H        0.68147223      13.33585813      14.42968619
H       16.98040382      12.86327733      15.50387053
H        4.40362329      12.60412918      17.57894803
H        3.30674222      12.39096719       2.04502093
H       17.51812801      13.08107909       2.45338372
O       15.66445485      14.94938443      12.53697824
C       16.41831506      13.61440535       9.23254326
C       16.37814296      13.71180632      10.64852498
C       15.70640561      14.61025895       8.47705148
C       15.69324680      14.81970528      11.21227677
C       17.27543596      12.58433187       8.54519406
C       15.01104938      15.65089838       9.03613652
C       15.01039788      15.78723839      10.38526055
H       16.89800191      13.01299366      11.22534376
H       15.58477281      14.63321798       7.38373994
H        0.47662233      12.53586144       9.09624175
H       16.83680166      11.56484368       8.65429929
H       17.54148916      12.91569144       7.57386256
H       14.50687437      16.31493111       8.36694790
H       14.42124328      16.54275080      10.84084766
H       15.52173766      15.89223689      12.80414219
O       13.37170750      12.58426591       1.94376604
C       11.20630668      14.08277444      16.96794044
C       11.64443716      13.60073881       0.53668485
C       12.12576910      14.18001374      15.90856811
C       12.88348832      12.99564308       0.72982486
C        9.79048742      14.68672107      16.72921427
C       13.41377401      13.75081739      16.16157921
C       13.78862653      13.11267235      17.38841577
H       10.86139595      13.61213422       1.31779125
H       11.90116716      14.48376989      14.94574545
H        9.45375794      15.15568430      17.65426677
H        9.75394182      15.52371007      16.03853386
H        9.16921450      13.94794591      16.34978771
H       14.09180095      13.98756244      15.36532752
H       14.77001252      12.71571106      17.47125110
H       12.65541555      12.43906604       2.60293175
O       10.76484761       4.83201435      17.14371581
C       13.04235301       4.04915725      14.38970730
C       11.94786654       4.56258082      15.16466490
C       14.08654560       3.51073493      15.04938901
C       11.98412696       4.51986747      16.54499509
C       13.07768167       4.08045020      12.94378206
C       14.07644458       3.39708389      16.44328367
C       13.00458814       3.90102252      17.22744628
H       11.15600986       4.99917440      14.66666371
H       14.95941130       3.18506634      14.46031267
H       12.44343021       4.88348459      12.61249536
H       14.11192401       4.27917756      12.64903043
H       12.78129427       3.14729069      12.50252552
H       14.90387332       2.89757707      16.94810461
H       13.15200415       3.81432740       0.62888461
H       10.67735485       4.47162231       0.29700105
O        5.14644799      15.53540680       7.20987383
C        1.51903513      16.27318535       7.66411272
C        2.92029689      16.25487728       7.89197028
C        0.96170485      15.48893164       6.62460677
C        3.81358648      15.47579301       7.02817742
C        0.61495439      17.23359057       8.42606764
C        1.83933298      14.73874472       5.79061464
C        3.22793450      14.68989039       6.04250461
H        3.40170857      16.96980222       8.56962389
H       17.57086018      15.45369083       6.48284723
H       17.52312760      16.85796918       9.03402910
H        1.17877240      17.68428130       9.22739418
H        0.30102728       0.42942165       7.80485557
H        1.23760328      14.22636392       5.01031317
H        3.81713796      14.07259703       5.40151644
H        5.51202367      14.97544187       6.54151725
O       10.36975085       3.69661573       2.24164286
C       12.17361698       0.60936618       1.25168067
C       11.78167283       1.75568525       1.93263571
C       11.38167236       0.23818415       0.15543323
C       10.59841959       2.48619955       1.66853404
C       13.49660424      17.64208916       1.50870307
C       10.16007212       0.87514415      17.60786221
C        9.80685354       2.01404879       0.65613251
H       12.46956413       2.05598801       2.72329235
H       11.72577255      17.17461660      17.16663214
H       13.62690630      17.28058102       2.51479778
H       13.63412349      16.72593791       0.92492551
H       14.20220131       0.70699260       1.30501686
H        9.49323812       0.48242052      16.92719827
H        8.93515510       2.62055117       0.46647421
H       10.99692297       3.95307086       2.88632856
O        6.79576620      13.97423586       5.15141417
C        9.51085451      15.86553466       3.68243016
C        8.75538698      14.82635095       4.28082723
C        8.84849995      17.04035813       3.35984243
C        7.42200330      15.01107748       4.62947979
C       11.01051775      15.73772454       3.34011563
C        7.45904314      17.16622762       3.67546073
C        6.75645999      16.16223653       4.29776032
H        9.30675124      13.89376991       4.38720025
H        9.37320254       0.06840255       2.79482875
H       11.04623120      16.11732995       2.28177245
H       11.62410218      16.30686802       4.02650071
H       11.20182221      14.59889045       3.39860720
H        6.98980216       0.41595818       3.33999658
H        5.80085316      16.42010649       4.55256389
H        7.16792437      13.11143046       5.01073532
O        5.73938032      13.96026966       9.62804941
C        5.35564400      12.32453589      12.81076199
C        5.87043906      13.14880808      11.85021356
C        4.21386813      11.53036511      12.53656758
C        5.16795552      13.21828574      10.58093234
C        5.93785767      12.30962650      14.11773247
C        3.49317778      11.69161715      11.29859301
C        3.97232797      12.53207991      10.27272196
H        6.78394331      13.60874790      12.02732893
H        3.82636447      10.92820261      13.34527712
H        5.93902071      13.28018646      14.58680178
H        5.30727619      11.71802182      14.88856992
H        6.99515575      12.05608158      14.23796122
H        2.59843248      11.11356739      11.18395640
H        3.53650170      12.62368628       9.30655831
H        5.13369546      14.37084058       8.98273689
O        5.24053304       2.95702813      11.96983444
C        8.59762525       4.41985793      11.40447357
C        7.52328232       3.51655140      11.54303725
C        8.24676554       5.81914341      11.44364117
C        6.17491241       3.86708751      11.72236282
C        9.98982304       3.86351090      11.18520315
C        6.96153403       6.16788819      11.77565836
C        5.88149836       5.22687550      11.87360935
H        7.84876732       2.55094443      11.75108597
H        8.91863794       6.56873544      11.17699805
H       10.75457500       4.67572948      11.17146827
H       10.25776039       3.10513555      11.98254645
H        9.95615019       3.45751365      10.18237827
H        6.76633791       7.22741955      11.88178455
H        4.94056513       5.45329778      12.21095048
H        5.68690548       2.18755651      12.24477785
O       14.64500210       5.80348040       2.98251218
C       16.97351013       4.81833266       0.25512131
C       16.20563909       5.68700496       1.05118062
C       16.87944234       3.36381941       0.42523435
C       15.49692144       5.10011688       2.14203318
C       17.59924495       5.38044562      16.69928424
C       16.26582915       2.85121354       1.55770717
C       15.55778769       3.72089098       2.44253685
H       16.30824724       6.73329290       0.80355558
H       17.49778793       2.76235301      17.54825244
H        0.83774327       4.92329534      16.66987339
H       16.96011496       5.05165542      15.82962947
H        0.09279278       6.40248361      16.84742188
H       16.24584555       1.84245757       1.64651023
H       14.97709149       3.35644114       3.27459371
H       14.78529953       6.76227878       2.85048095
O       15.77490163       0.13537580      13.01276922
C       17.55917066      17.39189034      16.19087127
C       16.50808180      17.50884863      15.27240396
C        1.17217457       0.00173950      15.88416015
C       16.72971264       0.20114933      13.92881762
C       17.22523643      16.74593686      17.53383126
C        1.37368425       0.42721526      14.56413327
C        0.31916047       0.55094489      13.60846473
H       15.53133862      17.06345668      15.44144813
H        2.08308440      17.52371009      16.55815558
H        0.36431487      16.96250530       0.46665725
H       16.28424247      17.05653679       0.29666225
H       17.25175478      15.65787457      17.53927315
H        2.36996547       0.55956643      14.13580111
H        0.51723798       0.76830562      12.56073464
H       16.05567290       0.61483492      12.19244896
