512
Lattice="17.7128441229 0.0 0.0 0.0 17.7128441229 0.0 0.0 0.0 17.7128441229" Properties=species:S:1:pos:R:3 pbc="T T T"
O       14.80574006       2.88512212       2.40301830
C       12.93297807       3.26961485       5.52064683
C       13.86117355       2.74597264       4.58555873
C       12.47132385       4.57869474       5.28647023
C       14.16203218       3.51835592       3.37263068
C       12.34075121       2.40842083       6.58467531
C       12.80208547       5.36976163       4.16117381
C       13.69316483       4.85626881       3.17090441
H       14.22429985       1.75046164       4.65797231
H       11.76216098       4.89550417       6.06554088
H       12.30474205       2.92761102       7.50025973
H       11.36868471       2.10789312       6.31950259
H       13.06644140       1.58370984       6.80396920
H       12.48816044       6.47235646       4.10134218
H       14.12720572       5.47039200       2.34584556
H       15.13118630       3.45864377       1.65954718
O        6.60217094       8.00069711       2.43174275
C        6.34687504       4.46612757       3.45301803
C        6.85773542       5.64699125       2.86011165
C        5.38419694       4.49470445       4.48433362
C        6.25595219       6.89879339       3.15916004
C        6.81401880       3.09618264       2.99994542
C        4.87997974       5.79757420       4.82071844
C        5.34989158       6.92170024       4.21053795
H        7.80010748       5.62130765       2.29682699
H        4.84822501       3.64994258       4.89030148
H        6.39935718       2.25139119       3.53627646
H        6.59914212       3.00046791       1.96518568
H        7.90662105       3.12790745       3.01494197
H        4.04710587       6.00443380       5.58423429
H        4.96750805       7.83943295       4.56783431
H        5.96018045       8.73858355       2.52562417
O       16.64420283       4.03250543       9.92973712
C       13.28846692       5.32281612      10.18415662
C       14.39036591       4.52762093       9.81600013
C       13.46003952       6.35647944      11.17962563
C       15.66810593       4.81898973      10.38895230
C       12.03863374       5.09467753       9.44577803
C       14.68776049       6.56807389      11.81315967
C       15.78600128       5.78920999      11.38291573
H       14.17473212       3.77216282       9.05051916
H       12.61777345       6.89956338      11.57631323
H       11.75920700       4.01421644       9.45836333
H       11.25229236       5.69174052       9.99292023
H       12.15790560       5.48934981       8.43851739
H       14.79586822       7.25438892      12.57101687
H       16.72773067       6.03577024      11.87564392
H       17.52063871       4.32855736      10.17918817
O        3.25653018       3.66427438       8.86811261
C        1.39812406       2.25608178       6.02457850
C        1.70124271       3.08137202       7.13501453
C        2.44057392       1.48112131       5.40270495
C        2.97601808       2.90967273       7.76788373
C       17.69293541       2.36173204       5.49467420
C        3.69202374       1.42640192       5.97476036
C        3.98701416       2.09957051       7.16432781
H        0.99076486       3.84746256       7.48540959
H        2.31649638       0.75298323       4.65737878
H       17.63895765       2.90075826       4.57641232
H       17.53591743       1.27778759       5.30171643
H       16.99675000       2.76905506       6.25658017
H        4.47417514       0.80000754       5.46034016
H        5.00747139       2.00250163       7.60228758
H        4.05849153       3.21839781       9.11501037
O       10.62358003       9.19041958      11.78878346
C       13.65257374      11.17607364      11.08966435
C       12.35087764      10.64040973      10.94900985
C       14.45720377      10.80903805      12.17972667
C       11.88728790       9.69593968      11.86332658
C       14.12635740      12.22627100      10.10595549
C       14.04422772       9.76085424      13.03413082
C       12.74121798       9.25013192      12.90035457
H       11.58110148      10.96688504      10.23637292
H       15.48283679      11.25055857      12.34987732
H       14.70537730      13.04389214      10.49182955
H       14.63795070      11.87854166       9.26100603
H       13.23287651      12.62152883       9.68404818
H       14.73748325       9.49416316      13.74339139
H       12.41314861       8.55659701      13.63780295
H       10.23165152       9.22042107      10.94386840
O       15.15844252      12.65757856       3.68148788
C       16.82026434      15.82906865       2.84207608
C       15.74728415      14.94094691       3.10431184
C        0.37489631      15.53388256       3.28951925
C       16.07065331      13.68496002       3.62385053
C       16.40279821      17.14692807       2.11672556
C        0.66035256      14.27782096       3.84432056
C       17.36100107      13.33575237       4.02410170
H       14.79904354      15.18560501       2.65257106
H        1.13162721      16.28254751       3.15917239
H       15.64789149      16.92976070       1.37525978
H       15.78181169      17.65997197       2.81846300
H       17.01931584       0.27489659       1.72138666
H        1.71919852      13.98771683       4.05365951
H       17.66611618      12.41180499       4.47316919
H       14.43024401      12.87928260       3.09311734
O        4.41275406      10.09021288       2.38783092
C        5.86780716      11.03527749       5.67700701
C        5.78580513      10.59375585       4.35461698
C        4.75174344      11.48448501       6.32268195
C        4.52276844      10.56784574       3.67686298
C        7.19000968      11.07919022       6.38460262
C        3.49621557      11.51917044       5.70967415
C        3.40824595      11.10031197       4.32931403
H        6.70405108      10.20287211       3.93087099
H        4.87037578      11.86578739       7.26339630
H        8.00932493      11.39712806       5.84062095
H        7.14678216      11.67213003       7.25669118
H        7.46222776      10.11320860       6.62989447
H        2.58660098      11.97632766       6.23693251
H        2.48339802      11.14015339       3.66404051
H        3.48309734      10.14158350       2.11185301
O        1.77027117       5.59945155       9.94572658
C        0.95404009       9.11501052       9.02100946
C        0.89860087       7.87872201       9.71872828
C        1.47848655       9.12103693       7.65164203
C        1.61664978       6.76352502       9.20664614
C        0.59013343      10.40649957       9.70982591
C        2.00062870       7.90279392       7.16140947
C        2.01545720       6.68719100       7.85399227
H        0.45964394       7.90809479      10.75020472
H        1.47279679      10.09698630       7.08876030
H        1.49789522      10.79414045      10.19040253
H        0.21010636      11.14986384       9.03686251
H       17.38625409      10.32673715      10.41053680
H        2.56459636       7.95302729       6.29270239
H        2.61078755       5.84360721       7.51485001
H        2.31859595       4.94942644       9.48087251
O        1.62985145       5.56027659      12.89178539
C        3.81748689       8.19431376      14.63798183
C        3.18859256       7.47029739      13.53823640
C        3.51416026       7.80874225      15.96288848
C        2.32129678       6.34015219      13.83763620
C        4.71351188       9.36052283      14.28924548
C        2.77428815       6.61339771      16.26303554
C        2.17623615       5.93388558      15.18873228
H        3.35403175       7.78038688      12.54470883
H        4.05039624       8.36011928      16.75727922
H        5.01284670       9.39002727      13.19314006
H        4.15110135      10.24245811      14.59415847
H        5.56500312       9.37024253      14.92638873
H        2.67012787       6.13844804      17.19475152
H        1.59825666       5.05162078      15.54301259
H        1.71259685       5.91926859      12.01130380
O        5.98896745       0.06506866      12.12575629
C        2.99245690      17.59452810      14.24916194
C        3.90429087       0.32519374      13.28900367
C        3.42809633      16.57915412      15.16388296
C        5.13439221      17.43620708      13.12051077
C        1.60488651       0.48841616      14.40018793
C        4.73002466      15.98924209      15.01358519
C        5.59390101      16.44254372      14.00119544
H        3.56545240       1.18692647      12.56673118
H        2.66468611      16.13528944      15.88912526
H        1.49851867       1.11431786      15.29914048
H        1.37861221       1.01417224      13.46841728
H        0.97023855      17.34060744      14.51351118
H        5.06796519      15.30990946      15.73062681
H        6.55861137      15.99939156      13.88311339
H        6.80050716      17.44189387      12.38983806
O       15.98456144      14.81995440      13.02125761
C        0.53352102      11.90939644      13.31686117
C       17.10383882      12.68868018      13.37985098
C        1.61176388      12.42953513      12.58572977
C       17.02921920      13.97397370      12.81030527
C        0.59314354      10.60620466      14.05030946
C        1.57928485      13.68519965      11.96050829
C        0.39971931      14.44657823      12.10639960
H       16.24026817      12.37502354      14.04053263
H        2.62480578      11.95641520      12.52318962
H       17.28135983      10.35719279      14.24785927
H        1.00094785       9.87861755      13.35214152
H        1.29382436      10.60251388      14.91620978
H        2.48293158      14.17023084      11.49410616
H        0.41138541      15.46249154      11.71772451
H       15.98735545      15.59361912      12.38563747
O        8.50170540      12.86266123       9.18543895
C       11.69363912      13.40818033       7.51571038
C       10.51105991      12.78651596       7.82611130
C       12.13710403      14.60506298       8.02378041
C        9.69160204      13.39521425       8.82693791
C       12.49193642      12.68476862       6.48276934
C       11.40862846      15.24133225       9.09470664
C       10.24995439      14.54304016       9.51956209
H       10.12562121      11.91344380       7.26450067
H       13.14754638      15.03071608       7.84545246
H       13.36349525      13.31329470       6.24525086
H       13.02620126      11.81463581       6.73967077
H       11.92145354      12.56968205       5.57059543
H       11.82535751      16.03812101       9.61401119
H        9.67128205      14.94431005      10.38959524
H        7.94270871      13.47090429       9.71837639
O       10.26705453       9.12502216       0.34826693
C        7.70396384      11.82860266       0.47343728
C        8.95405825      11.13767117       0.50254633
C        6.58888766      11.10633616       0.09138195
C        9.07539834       9.75290027       0.17266841
C        7.46998653      13.28090755       0.87894870
C        6.74198498       9.78549047      17.36652995
C        7.94789852       9.05777529      17.37383455
H        9.80029955      11.67723974       0.86712428
H        5.68349605      11.58068525       0.01472600
H        6.94208661      13.29627344       1.81391673
H        8.33626078      13.98493805       0.83560475
H        6.82144721      13.68211433       0.07825348
H        5.82158041       9.30723534      16.99017248
H        7.95722652       8.06240471      16.97270395
H       10.18845110       8.29841553      17.57848162
O        8.70096638       0.03305988      13.67522709
C       11.61529535      15.66638549      12.96920805
C       10.44571268      16.08622381      13.47498737
C       12.44805610      16.63797672      12.33050546
C        9.95224374      17.43009030      13.32680809
C       11.91989680      14.18994692      13.15337506
C       12.10247907       0.28518447      12.34239679
C       10.79847600       0.71783538      12.78342013
H        9.77846631      15.39671937      13.94998560
H       13.37092060      16.35435022      11.86453851
H       11.16277387      13.47280908      12.84564860
H       12.81102441      14.00127550      12.55251801
H       11.97508966      14.17958258      14.27429932
H       12.85110106       0.97440393      12.00288904
H       10.44360337       1.72713761      12.68921355
H        8.59329913       0.92268379      14.07533296
O       15.43135278       9.88447374       3.85830772
C       16.48833290       6.94546677       5.62801848
C       16.24326711       7.90422952       4.62089108
C       16.28929170       7.28312583       6.96991966
C       15.68482161       9.12179759       4.94680296
C       17.13445575       5.69073653       5.17628959
C       15.58296719       8.51661350       7.26553505
C       15.39080810       9.47709665       6.26362537
H       16.46527492       7.76378698       3.58666209
H       16.61806671       6.59541020       7.77477909
H        0.54134444       5.87916189       4.93839031
H       17.16439697       5.06109859       6.01130146
H       16.68557116       5.18407766       4.32744273
H       15.27545653       8.74823346       8.25454912
H       14.89397840      10.41038969       6.47528914
H       15.17339826      10.78537577       4.24017971
O       11.95723806       9.66966385       2.61303250
C       11.26391413       8.94767656       6.20825054
C       11.94605717       9.28080852       5.01296386
C        9.92042815       8.53932876       6.09428837
C       11.32381437       9.36489516       3.76190038
C       11.96075512       8.98580285       7.53329798
C        9.35854517       8.35976298       4.80549372
C        9.99898797       8.81708151       3.67769027
H       12.97511228       9.53023947       5.13600346
H        9.47705931       8.12604142       6.98247060
H       11.61643230       8.40936264       8.40252148
H       12.97796131       8.69474119       7.31784266
H       11.87093675       9.95902081       7.89893382
H        8.38471670       7.83240641       4.73842713
H        9.41561914       8.74905523       2.79887891
H       11.32032546       9.62092176       1.83105226
O        8.75130567       2.46187519      15.15309556
C        5.54559190       3.38481141      16.55108380
C        6.63496814       2.66735701      15.94476625
C        5.71549844       4.67972307      17.12888125
C        7.84183571       3.25645740      15.83380703
C        4.16615741       2.63912946      16.75266906
C        6.99619215       5.23321744      17.03434941
C        7.98694914       4.57074222      16.18678309
H        6.50574404       1.58387666      15.73945006
H        4.95815742       5.23075773      17.69574156
H        3.59731459       3.12249122      17.56973698
H        3.65467577       2.58031562      15.77090344
H        4.15136388       1.63330870      16.97337585
H        7.31508954       6.26615975      17.30465823
H        8.82005398       5.12667655      15.80581870
H        9.62347391       2.74865148      15.29773198
O        6.04274839      17.36632347       3.93030576
C        3.35384978      16.47048996       1.71561652
C        4.25206579      17.19938847       2.41220044
C        3.33146284      15.06094753       1.80569387
C        5.11760679      16.57501903       3.28158979
C        2.39864349      17.14302667       0.80946475
C        4.23976731      14.35611871       2.68886635
C        5.17149096      15.19697827       3.37854066
H        4.24274546       0.55436184       2.32112577
H        2.58913394      14.38678675       1.38592653
H        2.09777348      16.37635616       0.07322633
H        1.54247393      17.64519207       1.28961619
H        2.89899775       0.22789778       0.22653896
H        4.36518469      13.30404399       2.81154981
H        5.93904129      14.67524551       3.98642705
H        6.68338319      16.93673921       4.52429811
O        9.02434527       8.28637023      13.68422000
C        7.02944559       5.33790433      13.03589662
C        7.38204450       6.64084767      13.40131952
C        7.97799843       4.46824451      12.49260020
C        8.69860832       7.02092186      13.24103741
C        5.69141543       4.78764401      13.33244899
C        9.25675835       4.96447196      12.14461924
C        9.63277678       6.21862582      12.57797518
H        6.67777423       7.29364909      14.02102622
H        7.93112240       3.42837733      12.26710900
H        5.24341652       5.19139989      14.25876281
H        5.13127373       5.05124728      12.47187752
H        5.79471347       3.68999007      13.70957710
H        9.85140550       4.15568477      11.74197813
H       10.61567980       6.71113623      12.49164712
H        9.58884645       8.65505596      13.02657073
O       16.79512705       9.71232901       1.50031806
C       16.31685395       7.67858598      16.18492994
C       16.84543096       8.63676700      17.12540152
C       15.12418611       7.04809883      16.57198703
C       16.24177260       8.80159668       0.64841778
C       16.85472594       7.45199185      14.83265898
C       14.40387007       7.38112300       0.08211118
C       15.06072160       8.19682702       1.02761795
H        0.12603884       9.10713732      16.86527768
H       14.74505588       6.27162663      15.87266282
H       16.87335154       6.35594944      14.62494556
H       16.38078483       7.92235603      14.02301004
H        0.13488665       7.88434207      14.72583300
H       13.45936608       7.03755440       0.42375149
H       14.68731604       8.39975451       1.99941981
H       16.37691195       9.81225163       2.31578884
O        9.25344187      10.20887834       9.63634309
C        5.78877118       9.02070299      10.17276313
C        6.88534956       9.90967879      10.05575963
C        5.93984809       7.61535867      10.04281045
C        8.20959150       9.40984290       9.93378948
C        4.41824248       9.63217430      10.31117890
C        7.23320719       7.15734965       9.93647731
C        8.36452887       8.00074670       9.88893289
H        6.69242732      10.93095360      10.10401743
H        5.15373118       6.92736377      10.16046428
H        3.92109095       8.79843926      10.83164001
H        4.57570354      10.47779462      11.02495873
H        3.89607451       9.92492593       9.43128889
H        7.46187069       6.13651254       9.83223850
H        9.37158328       7.69226434       9.61092294
H        8.95689455      11.10820919       9.51455501
O        1.61008615      10.58396510       1.53982071
C        0.83288154      13.32940335      17.00935242
C        0.71683294      12.34994990       0.27270228
C        2.07863347      13.44973220      16.23156675
C        1.79819551      11.52300319       0.56610686
C       17.33896906      14.10216779      16.61291915
C        3.15526602      12.60797859      16.58929711
C        2.99388583      11.62238514      17.60110317
H       17.50288982      12.25529209       0.87234700
H        2.15866811      14.14605268      15.46840417
H       16.69423116      13.61591246      15.91339244
H       16.72897883      14.22912315      17.57326266
H       17.56014722      15.20313567      16.35862070
H        4.06920658      12.78947421      15.98363849
H        3.80092373      10.94525811       0.13655191
H        0.69107411      10.28605323       1.54236313
O       15.53643180      16.62219361      10.76600601
C       16.37211727      14.76490818       7.74250844
C       16.22927830      15.09461407       9.07119909
C       15.98746728      15.66113232       6.71331047
C       15.66787308      16.32916644       9.41888652
C       16.91807147      13.35105092       7.45326985
C       15.38602006      16.85593977       7.00578117
C       15.27480618      17.19527774       8.35872625
H       16.48232184      14.40408755       9.79098703
H       16.25483780      15.36361057       5.70521413
H        0.29246859      13.19575431       7.36933829
H       16.61730328      12.65394927       8.12444297
H       16.63154464      12.99328858       6.41539074
H       15.05418293      17.53042564       6.26613745
H       14.79535987       0.39089337       8.66538685
H       15.58811454      17.56520697      11.01013089
O       12.56493733      12.47396662       2.99218443
C       13.80408420      12.03276801      17.31872023
C       13.57360456      11.80259191       0.95608178
C       13.61446105      13.30830292      16.73545695
C       12.93947362      12.85474865       1.68508317
C       14.26022297      10.93502903      16.37554649
C       13.01894512      14.29465006      17.47546683
C       12.60994605      14.08038615       1.08349403
H       13.68246237      10.81627189       1.28236989
H       13.93250629      13.36949756      15.75798199
H       15.31165842      11.25273479      16.26274851
H       14.16370634       9.94337353      16.84840345
H       13.80645899      11.04136905      15.38427296
H       12.61171339      15.17964015      16.98225040
H       11.87771526      14.68723957       1.58608428
H       12.56154030      11.52559600       3.12876629
O       10.47477711       7.37470029      15.95148312
C       12.65546668       4.49669285      15.44310159
C       11.91043237       5.68923552      15.14825081
C       12.52533755       3.89914736      16.64859018
C       11.14417223       6.22966575      16.20046066
C       13.58436047       4.12348573      14.37351489
C       11.73860720       4.37688045       0.00690368
C       11.01743785       5.62037932      17.50034392
H       11.94396008       6.17429938      14.15158773
H       13.12599623       3.01211829      16.84466193
H       14.38380595       4.85811998      14.24309655
H       13.95642689       3.13234408      14.76768806
H       13.10486730       3.84628662      13.43276316
H       11.62275034       3.80137198       0.93052709
H       10.53761169       6.06363314       0.66442484
H       10.32043324       7.66747304      15.10645297
O        4.92188932      14.76371830       9.16708625
C        2.14802721      17.06076809       9.37088740
C        3.27709785      16.32437063       9.75360956
C        1.42461277      16.77000743       8.18537915
C        3.75765942      15.38686257       8.82271170
C        1.63408362       0.52709997      10.19104157
C        1.91916743      15.77902397       7.33000233
C        3.01774560      15.00854565       7.62529954
H        3.73553257      16.45954814      10.75300041
H        0.51044688      17.25614926       8.02095805
H        2.54649410       1.14843536      10.46702669
H        1.12713713       1.30139206       9.74568920
H        0.95171197       0.23697789      10.94046521
H        1.37965411      15.69647953       6.37357389
H        3.41680254      14.25578381       6.87837836
H        5.42451866      14.63224471       8.38359276
O       12.16702309      17.32284481      15.88938415
C        9.35662149      17.65758839       0.58580607
C       10.18777429      17.24950417      17.19552458
C       10.04761795       0.67859581       1.62744564
C       11.51855341      17.65379787      17.04256530
C        7.82686144      17.45310622       0.66347989
C       11.42014141       1.10069230       1.50987139
C       12.07880641       0.77078816       0.35479529
H        9.67282617      16.77205870      16.36380467
H        9.61013568       0.92525057       2.53505843
H        7.43723030       0.41309298       1.46120228
H        7.26021458       0.01539063      17.50150717
H        7.56565577      16.39275592       0.95030930
H       12.01404820       1.46459185       2.29433422
H       13.11876896       0.98500969       0.34712879
H       11.60394445      16.95412614      15.25690743
O        6.37887206      14.06234117       7.08494153
C        9.00889743      15.29825931       4.88585676
C        8.18211693      14.36584780       5.56611807
C        8.85612402      16.70911887       5.06139108
C        7.26552940      14.86852171       6.45855920
C        9.93342060      14.88367982       3.75388021
C        7.99224890      17.22775255       6.01111842
C        7.16841500      16.28917301       6.71017465
H        8.17664455      13.34879602       5.29979425
H        9.50305007      17.43360539       4.57423034
H       10.05093297      15.77610568       3.14937671
H       10.87378455      14.39726561       4.12118853
H        9.32827559      14.28802548       3.06768751
H        7.92382617       0.59335631       6.09778125
H        6.48463780      16.61587495       7.41131766
H        6.62391970      13.19654077       6.80623326
O        6.94814302      14.36758092      10.56304682
C        7.71610097      12.57806084      13.61950146
C        7.91423069      13.27808583      12.44458858
C        6.41879478      12.43571550      14.19187064
C        6.75677732      13.74628121      11.72467550
C        8.86029635      12.11304402      14.41449926
C        5.32440420      12.91403121      13.45498422
C        5.47460289      13.51951323      12.20261570
H        8.92867352      13.53333987      12.11100849
H        6.29683928      11.96427019      15.13602788
H        8.64175971      11.42165228      15.27416396
H        9.62319621      11.58381045      13.82538487
H        9.42324948      12.89084042      14.91698589
H        4.34650359      12.75789474      13.87735234
H        4.64749593      14.07282252      11.67435213
H        6.14474345      14.58366851       9.99844090
O        5.50984147       1.91536027      10.21996692
C        9.07320093       1.47704149       9.06674032
C        7.81862462       1.13825319       9.71122541
C        9.23015454       2.65634324       8.42017861
C        6.71691826       2.09966797       9.65423920
C       10.20161454       0.45107726       9.09734124
C        8.12213264       3.53991281       8.32335028
C        6.90295922       3.31672642       8.96627392
H        7.59275366       0.25491404      10.31139783
H       10.15073659       2.98156236       8.06152941
H        9.90605328      17.14668127       9.50245123
H       10.54298604       0.35600892       8.06842490
H       10.87738866       0.99806916       9.66124985
H        8.23043320       4.56049441       7.98775905
H        6.08447481       4.05514433       8.87681641
H        5.57202028       1.15593238      10.76123483
O       16.42354959       4.37287731       0.52695746
C        1.67276281       5.84146393       2.11229898
C        0.31754956       5.74565262       1.70706349
C        2.47069395       4.69812454       2.16486889
C       17.53830469       4.51761784       1.23635382
C        2.33305450       7.21065753       2.36238757
C        1.90810777       3.43175021       1.87031863
C        0.59778409       3.38166087       1.49175569
H       17.43560666       6.64374087       1.54074225
H        3.44678680       4.87770087       2.50917671
H        2.89561902       7.43828559       1.40594193
H        1.60035108       8.00340596       2.49501026
H        2.98810643       7.31052462       3.26729461
H        2.52144603       2.53441749       1.96501599
H        0.19603609       2.38744602       1.17323407
H       16.32505340       5.13075617      17.66330123
O       16.19225919       1.56159144      11.50286914
C       15.96648810       0.49368518      15.01166234
C       15.79095722       0.55281696      13.58560310
C       16.59144888       1.64295374      15.65717384
C       16.34270978       1.59917892      12.83415827
C       15.14973257      17.20659325      15.82596796
C       17.05914054       2.67615220      14.87490713
C       16.95295617       2.65505257      13.46985500
H       15.27549792      17.41203360      13.21337766
H       16.48739245       1.77601472      16.73302214
H       15.75943730      16.55669089      16.47424002
H       14.48379728      17.65619157      16.43263876
H       14.59297701      16.41247390      15.27425480
H       17.60576677       3.52925671      15.34111488
H       17.20821349       3.55532725      12.82121702
H       16.35289192       2.31141724      10.96850192
