512
Lattice="17.7128441229 0.0 0.0 0.0 17.7128441229 0.0 0.0 0.0 17.7128441229" Properties=species:S:1:pos:R:3 pbc="T T T"
O       12.79787997       3.76733854       3.79036896
C       10.68920648       4.21133366       6.67867035
C       11.32136713       3.67637254       5.55918160
C       11.23183555       5.42455926       7.17830184
C       12.28440483       4.37218560       4.87869388
C        9.45447648       3.55843456       7.35192050
C       12.24091646       6.13955030       6.48424805
C       12.64868819       5.69630661       5.24315180
H       10.90290970       2.76835121       5.15996728
H       10.81059436       5.94250022       8.04583956
H        8.82196351       4.46814132       7.32302959
H        9.02885238       2.70668746       6.83007225
H        9.63229517       3.32866218       8.38241016
H       12.85936420       6.83873756       6.93375751
H       13.54890459       6.06605396       4.77966852
H       13.49168303       4.23572591       3.44395691
O        5.02677908       3.12674318       2.89699310
C        8.16645167       5.08300481       3.57503847
C        7.16954374       4.35096117       2.86180224
C        7.86223662       5.57194781       4.90325647
C        6.01144957       3.92927377       3.47039281
C        9.37988470       5.43771882       2.86149475
C        6.67073131       5.15806835       5.53059365
C        5.76685214       4.36546913       4.78404965
H        7.34311354       4.16715429       1.81048630
H        8.71803187       6.16540495       5.34226607
H        9.74279129       4.67841655       2.17168635
H        9.30738751       6.42330289       2.29777932
H       10.18389922       5.65678708       3.48955889
H        6.53516522       5.36929816       6.51106884
H        4.88287482       3.91212190       5.19072929
H        5.40181288       2.67980028       2.14581735
O       15.52824896       3.03562029      11.74928089
C       14.42317451       2.33733666       8.28151944
C       15.10734098       2.88194493       9.36307650
C       13.48266237       1.37267080       8.59494105
C       14.82603333       2.52901892      10.72118543
C       14.76733154       2.72389152       6.89605651
C       13.16145887       1.10981247       9.92646940
C       13.82953323       1.66199502      11.01989050
H       15.91439429       3.58759471       9.25065158
H       13.08324571       0.98267671       7.72412376
H       13.89585172       2.56377338       6.28816631
H       14.92116942       3.75865783       6.72715380
H       15.60617749       2.13639980       6.52353511
H       12.29517489       0.47430082      10.12527246
H       13.56818072       1.43915858      12.03406080
H       16.05148994       3.75523579      11.47230049
O        4.11947603       3.20829066       9.02907567
C        3.77628862       1.53970207       5.75742157
C        3.47802646       2.47592377       6.80420862
C        5.07460479       1.07442316       5.61421850
C        4.44213490       2.70851954       7.82679599
C        2.68974949       0.98550503       4.84037195
C        6.13169990       1.45436022       6.49309553
C        5.77356891       2.22203743       7.63108753
H        2.49261566       2.80285673       6.96481153
H        5.34832739       0.58712859       4.69151861
H        1.66344972       1.37573492       4.98614463
H        2.99383502       1.47017566       3.96671429
H        2.74137238      17.61203790       4.81101234
H        7.19228932       1.18540643       6.27691030
H        6.58841421       2.46823763       8.26299608
H        4.60769521       2.86570217       9.76211212
O       11.07436780       9.02169720      10.71783918
C       14.76309826       9.71106072      11.40214598
C       13.36947934       9.89016039      11.02155980
C       15.20386443       8.35632945      11.47542762
C       12.44109823       8.82786037      10.89858977
C       15.67956035      10.87169847      11.29463783
C       14.27670084       7.29775431      11.33358832
C       12.94892897       7.52025642      10.99722984
H       12.98679901      10.90085450      10.91535494
H       16.16046230       8.17636743      11.66342965
H       15.08620757      11.78840026      11.37358151
H       16.21949600      10.81712251      12.20934108
H       16.42663430      10.83330844      10.60229671
H       14.71839554       6.28600310      11.43153188
H       12.29624493       6.69399026      10.75102949
H       10.85090054       9.95191432      10.62245745
O       15.64918987      12.05460040       1.52195681
C       15.03022289      15.13838260       3.38617210
C       14.83145958      14.12520311       2.42496687
C       16.04427161      15.06947314       4.34626576
C       15.68691998      13.00801470       2.49554152
C       14.14455561      16.43746404       3.29499179
C       16.90002685      13.90153200       4.36020120
C       16.57026676      12.83022115       3.52699747
H       14.14450956      14.29098740       1.65453576
H       16.32222124      15.93834501       4.95307633
H       13.10555906      16.12814979       3.27522857
H       14.27576442      17.04423569       4.23718358
H       14.38722946      17.23312009       2.51175399
H        0.03914290      13.82827360       5.04665381
H       17.13752258      11.84829440       3.65035938
H       14.77138862      12.04156701       1.00130932
O        2.09952419       9.45468810       2.16051270
C        5.20521533       9.28386759       4.03544971
C        4.13558258       8.90561436       3.21094956
C        5.20748008      10.44959510       4.85560529
C        3.02021626       9.76196952       3.05199481
C        6.44788502       8.42779248       3.93682346
C        4.04305282      11.28826402       4.81317044
C        3.03213266      10.97263903       3.81557901
H        4.19045062       8.04590807       2.57992432
H        6.05453305      10.71164677       5.52853307
H        6.59558642       7.82970255       2.98120491
H        7.33876123       9.09327869       3.79036169
H        6.61338491       7.69226291       4.73908604
H        3.88070015      12.12058960       5.34950001
H        2.17998567      11.64467254       3.78584440
H        1.57899360      10.12635756       1.83467960
O        1.94825275       5.00145446       9.01990952
C        1.90400184       8.51103900       8.03919139
C        1.65518948       7.33422816       8.77788131
C        2.78410516       8.52591665       6.90941293
C        2.26377201       6.14828535       8.42328019
C        1.16257507       9.78980083       8.28342922
C        3.45905748       7.28855774       6.69736722
C        3.13880592       6.10789009       7.42345244
H        0.95135014       7.37897560       9.58961165
H        2.94319166       9.42601192       6.28797970
H        0.09318782       9.65796662       8.35026974
H        1.43352608      10.10974330       9.30715251
H        1.32577665      10.57966800       7.61844501
H        4.09990161       7.14334037       5.83783042
H        3.76779219       5.27221155       7.13131239
H        2.56901936       4.26188179       8.88145448
O        0.09951577       5.03427190      11.03358767
C        0.10990237       5.59880738      14.62403513
C       17.37806963       5.55966962      13.28715003
C        1.44108489       5.08161722      14.94481763
C        0.51199868       5.09182908      12.27885779
C       16.79576449       6.01761093      15.69244392
C        2.27900839       4.68783974      13.90135978
C        1.80388186       4.60568875      12.54537370
H       16.37769877       5.82061367      12.95816514
H        1.86712679       4.94942295      15.94421683
H       15.77992273       5.67813447      15.54760512
H       17.04488052       5.68182649      16.72620202
H       16.81517117       7.09360523      15.66806252
H        3.28456592       4.30195473      14.10779851
H        2.35803041       4.11327694      11.73702347
H        0.76418536       5.23730107      10.39339017
O        6.66031167       1.63694881      13.19293514
C        3.56639105       0.31946672      14.50297380
C        4.53625366       0.83655585      13.60311665
C        4.07582095      17.44090763      15.71892364
C        5.86529129       0.95166773      14.02917085
C        2.14400836       0.16481024      13.97147407
C        5.43942102      17.37828492      16.02245125
C        6.35501998       0.27568304      15.16184590
H        4.17362762       1.31399353      12.69143157
H        3.30702246      17.00578517      16.41116647
H        2.19535397       0.27403616      12.88508596
H        1.60077095      16.99622116      14.30693917
H        1.55283812       1.01535407      14.37678804
H        5.78749332      16.74946575      16.84784068
H        7.46872392       0.22420580      15.35470295
H        7.60040502       1.47022904      13.41579916
O        1.35286343      11.61096597      11.61297467
C        2.76831573       9.88439874      14.51499413
C        2.35650105      10.95496123      13.64771046
C        2.46622531       8.55169696      14.20897352
C        1.71697902      10.65705330      12.47752358
C        3.39495353      10.25419782      15.89992708
C        1.92234924       8.20717428      13.00803041
C        1.53274640       9.27564040      12.19474461
H        2.52681001      12.00797197      13.84945955
H        3.01331116       7.84251998      14.73777077
H        2.61290671      10.86062770      16.37862251
H        3.59911690       9.36241254      16.48845216
H        4.23036583      10.97695834      15.84612445
H        1.72386798       7.20642301      12.65004582
H        1.01947359       9.03476404      11.31822634
H        1.22572518      12.52699384      11.91637926
O        9.35598574      14.26950935       9.92142984
C       11.36464884      16.19502827       7.63125670
C       10.98087183      15.18265206       8.59243861
C       10.72373828      17.44049081       7.72021761
C        9.83731326      15.39171086       9.34768338
C       12.59698247      15.96813290       6.75686726
C        9.69780353      17.69692717       8.64339718
C        9.29648361      16.64675836       9.49680479
H       11.36105117      14.16748076       8.44610218
H       11.07890155       0.55471143       7.12718136
H       13.43506505      16.47759297       7.20544664
H       12.83632284      14.86697574       6.74504827
H       12.36644921      16.14452577       5.73776368
H        9.16525363       0.92107019       8.63303884
H        8.41114107      16.87980349      10.08851951
H        8.47499830      14.39768158      10.14210974
O        9.90209164       8.64569593       0.30872528
C        7.15712004      10.89230476       1.06595730
C        8.32401544      10.12348672       1.16033083
C        6.45472987      10.89524018      17.58819347
C        8.80103481       9.35864759       0.10404403
C        6.71263497      11.70608271       2.26884349
C        6.99036351      10.21021944      16.44264218
C        8.19106403       9.44040409      16.59317575
H        8.85805498      10.19940182       2.04187378
H        5.56023691      11.46098155      17.43307217
H        7.30183041      11.32892160       3.13941209
H        7.08744026      12.74834952       2.13911998
H        5.64599506      11.61635900       2.33032840
H        6.45065965      10.27576450      15.51851179
H        8.56976921       8.84340163      15.82655190
H       10.20111928       8.26414545      17.19703158
O        9.36867762       1.83098092      14.12891632
C       11.54230956      16.61258836      13.78801671
C       10.38309586      17.41754673      13.75298672
C       12.68803926      16.94035644      14.57269647
C       10.40650342       0.93155800      14.35606092
C       11.60538007      15.31870071      12.95120031
C       12.65503855       0.45348031      15.11594914
C       11.53679051       1.32763802      15.12171092
H        9.50409202      17.11106626      13.18702704
H       13.46021927      16.24293745      14.65409386
H       12.63520858      14.97059992      12.95870859
H       11.05806553      14.51420540      13.37548666
H       11.24398003      15.41035181      11.89867297
H       13.52620778       0.72546842      15.74891189
H       11.57353006       2.30938792      15.54219218
H        9.48992551       2.69638385      14.55028419
O        0.00779610       9.30365763       4.04465229
C       17.01502348       6.33030203       6.10974041
C       17.51005824       7.06372687       5.04160396
C       16.23990764       6.90849355       7.09440551
C       17.20775317       8.42061688       4.96081989
C       17.38475515       4.88108774       6.36591038
C       16.01601149       8.30173563       7.04013354
C       16.45492480       9.05354777       5.98055931
H        0.47515602       6.62032077       4.35344337
H       15.84416016       6.41940176       7.96858682
H       17.24567099       4.18000532       5.43167824
H        0.66190170       4.88845982       6.84645264
H       16.88126471       4.46685827       7.19620223
H       15.56371751       8.78807853       7.90473979
H       16.42084272      10.08105313       5.99829286
H        0.70266490       8.93229870       3.48628181
O       11.81358961      10.26414493       1.46710004
C       12.86811934      10.69996925       4.95474648
C       12.71746802      10.86928307       3.57976595
C       12.22618028       9.57455572       5.54703136
C       11.97589416      10.03177319       2.81045656
C       13.76673551      11.52619938       5.80613351
C       11.33225657       8.76770080       4.73977651
C       11.21790953       9.00885361       3.38666860
H       13.22910976      11.70011929       3.05346058
H       12.33768350       9.18652547       6.54551341
H       14.32809085      10.92426209       6.55476364
H       14.48390901      12.05327218       5.14071038
H       13.12803015      12.26119087       6.36680026
H       10.84141746       7.92949770       5.13046527
H       10.61912888       8.43693697       2.72746932
H       11.01656136       9.91192373       1.09698722
O        9.31114000       4.04462203      16.10192521
C        5.67215805       4.27037593      16.66536759
C        6.91267049       3.76159503      16.18838714
C        5.59870991       5.58727364      17.21416718
C        8.03429705       4.55294589      16.44251007
C        4.47192326       3.44275017      16.57207756
C        6.71277976       6.36041815      17.56599378
C        7.95550202       5.82175632      17.05613580
H        6.91497649       2.76917981      15.72892955
H        4.63217002       5.97560014      17.53441184
H        4.67342908       2.53538511      17.14401573
H        3.54213771       3.98564488      16.86790458
H        4.30294262       3.18759408      15.46326555
H        6.75310016       7.20830550       0.45166437
H        8.78921371       6.37096781      17.40618199
H        9.95369086       4.72875424      16.09751613
O        6.58668879       1.31105818       1.53495406
C        3.62984713      16.75042989       2.18390875
C        4.48033389       0.10115233       1.70019007
C        4.32983132      15.66031505       2.72023668
C        5.89578544       0.16602538       1.92100502
C        2.13270573      16.79054573       2.22479908
C        5.77171881      15.72097756       2.90171677
C        6.48690127      16.78012352       2.46253987
H        4.02266518       0.95607524       1.17590693
H        3.75663714      14.86327850       3.12624383
H        1.68995925      16.16347062       3.06646837
H        1.78142943       0.08581577       2.36421801
H        1.77629285      16.50836710       1.23655015
H        6.23621939      14.98589295       3.47506239
H        7.47880681      16.79395709       2.68199446
H        7.50987131       1.11971919       1.71914811
O       10.21074415       7.91243962      13.02726866
C        6.74994222       9.07468929      12.64735848
C        8.15060492       9.05441389      12.48555242
C        6.00041773       7.99548047      13.17399604
C        8.83588640       7.92351414      12.91075313
C        6.02119343      10.20145166      12.05245062
C        6.66415254       6.87066411      13.58612103
C        8.07402138       6.75651348      13.39531919
H        8.73691734       9.91877173      12.12127176
H        4.94912689       8.14567704      13.36070474
H        5.54693457       9.93347768      11.13379829
H        5.29236456      10.68305443      12.74332345
H        6.72028944      11.03513955      11.82412298
H        6.11451144       6.10090739      14.05461185
H        8.62398852       5.84083089      13.68689042
H       10.79599407       8.22047992      12.27685782
O       14.77586482       8.17325474       1.84072379
C       14.76283272       8.91723041      16.02003556
C       14.31040957       8.55313006      17.27835395
C       16.05553550       9.40173335      15.83574005
C       15.20470632       8.60110625       0.65185030
C       14.00522346       8.59058190      14.77133036
C       16.93250476       9.44197356      16.97190674
C       16.54376258       9.01269547       0.53885685
H       13.40432599       8.05941748      17.40424964
H       16.38316598       9.73803759      14.82781784
H       13.00646922       8.34846052      15.05199250
H       14.18935532       9.21831094      13.97957002
H       14.46461740       7.70417216      14.31390498
H        0.25003533       9.69123106      16.89714419
H       17.35934660       9.09567117       1.34565013
H       14.67265333       8.89944681       2.49430826
O        9.65530991      11.56070516       9.24001016
C        5.99966891      11.04248507       8.67790169
C        7.25257269      11.69769517       8.90199508
C        6.09575311       9.64226087       8.52203681
C        8.48270573      10.97034681       8.84515763
C        4.62205845      11.69998830       8.83594420
C        7.30065931       8.92183785       8.35112067
C        8.53463051       9.59603511       8.47272671
H        7.17401816      12.64230130       9.42340171
H        5.18907395       9.10916483       8.47993993
H        3.89535215      11.05295043       9.40025691
H        4.76112959      12.67360398       9.23049515
H        4.26134600      11.78076679       7.84024093
H        7.32837770       7.84899732       8.12162685
H        9.52177499       9.11232672       8.62014908
H        9.58897948      12.51277473       9.29325349
O        0.63713272      11.74267122       1.28770626
C        0.90999292      13.51930377      15.72792066
C        0.35883451      12.75638017      16.79826073
C        2.10293128      14.26818882      15.97159234
C        1.06707558      12.63304077       0.31445303
C        0.07411720      13.64998374      14.51399598
C        2.82081542      14.12138659      17.17996965
C        2.29781369      13.25689980       0.46088084
H       17.21018861      12.15787555      16.59893423
H        2.62201158      14.77093907      15.09792152
H        0.53390026      14.08588161      13.67209706
H       17.58503230      12.66998160      14.12051013
H       16.87030376      14.26548242      14.57151959
H        3.69195850      14.67981160      17.29112645
H        2.92038620      13.00850250       1.30999877
H       17.38291196      11.64621789       1.37062986
O       17.33451448      16.10083014      12.16141487
C       16.27655905      13.96983763       9.44519516
C       16.98672958      14.48205086      10.52193338
C       15.02425768      14.47825523       9.09227636
C       16.42170740      15.53954878      11.27528699
C       16.87403634      12.95169334       8.51176239
C       14.51801590      15.57837603       9.82551906
C       15.16887061      16.13532593      10.95548540
H        0.35309384      14.30211232      10.63725526
H       14.40511140      13.99421979       8.28091251
H       16.26471139      12.05500230       8.48604904
H       16.93781153      13.40420790       7.56087815
H        0.10191341      12.65332797       8.91507316
H       13.62953219      15.99231599       9.43173910
H       14.78913803      17.00306314      11.44577874
H       16.95221311      16.94464025      12.50251729
O       13.40016383      12.40403528       0.18757472
C       12.20415373      11.87405255      14.42963476
C       12.18059791      11.88762671      15.85531507
C       13.23573261      12.41919259      13.68450670
C       13.25006289      12.48164395      16.51773468
C       11.08228571      11.21037246      13.63961099
C       14.24171151      13.13448653      14.30420478
C       14.27408898      13.11677809      15.73845218
H       11.40644430      11.39590307      16.46545536
H       13.19032123      12.39165833      12.60633052
H       11.29044241      11.26143157      12.55990905
H       11.12818439      10.14612434      13.71737318
H       10.01598892      11.51325795      13.81938834
H       15.10089281      13.53950971      13.78761485
H       15.16566895      13.59762261      16.12435252
H       12.61419015      11.97771972       0.60520689
O       10.66355696       7.43605409      15.85898124
C       12.73227983       4.51573172      15.10260790
C       11.92305358       5.67078042      14.90793314
C       13.10218837       4.17362768      16.39358539
C       11.43376488       6.32669738      16.02344930
C       13.31601979       3.74540196      13.98574326
C       12.54773269       4.76134117      17.57291310
C       11.70643645       5.86902588      17.34217159
H       11.61476301       5.98210774      13.88334644
H       13.82433971       3.41822400      16.63480299
H       12.83736141       4.03927915      13.05005240
H       14.39133995       3.99591504      13.94704148
H       13.34499406       2.64779839      14.04768787
H       12.79582411       4.33994073       0.78876278
H       11.17790249       6.29536884       0.51107034
H       10.56668321       7.77907408      14.94685323
O        4.54352247      15.52761721       8.35714639
C        1.73176595       0.16435805       9.21107387
C        3.04638015      17.25575856       9.27390362
C        0.72517908      17.27823471       8.30232313
C        3.37859998      16.21647243       8.35593003
C        1.32627671       1.26240667      10.19166261
C        1.09647431      16.13879667       7.46916581
C        2.41016838      15.68313211       7.44017933
H        3.67394953      17.52244173      10.13247612
H       17.42128150      17.58645015       8.13259261
H        1.29420558       2.11219845       9.53980379
H        0.41367382       1.17822817      10.77043975
H        2.18223759       1.42040810      10.95067715
H        0.37936355      15.84599493       6.74656229
H        2.53289421      14.76978259       6.79446318
H        4.80779918      15.00836198       7.59723133
O       11.26866231       0.19933598       3.88610001
C        9.80438362      16.75545832       0.81363680
C       10.49059075      16.77113165       1.99254912
C        9.38912737       0.23255231       0.26202778
C       10.71091752       0.29058964       2.67273312
C        9.41852538      15.47897457       0.09784808
C        9.86190097       1.45548754       0.79523186
C       10.42832370       1.50968077       2.10312331
H       10.92782139      15.88937400       2.51343940
H        8.93217997       0.13394507      16.99094257
H        9.94938439      15.55323761      16.80523402
H        9.82967234      14.64168582       0.56139147
H        8.35208435      15.37489077       0.19685642
H        9.65659027       2.40008332       0.33583448
H       10.83351541       2.36916848       2.59050294
H       11.44057466       1.02570913       4.23651750
O        5.77861037      13.73725655       6.33388764
C        9.27985479      13.80835397       5.09299123
C        8.02597322      13.31025556       5.55259811
C        9.41438225      15.24694412       5.03881483
C        6.94412583      14.25853067       5.90349398
C       10.48914909      12.87956143       4.87210165
C        8.37014920      16.12958738       5.33593670
C        7.16451679      15.62052600       5.75414200
H        7.81814466      12.27156628       5.58523293
H       10.27029225      15.61624831       4.61275399
H       10.32855433      12.35334531       3.98271735
H       11.46918537      13.34152410       4.62690717
H       10.59637579      12.06214689       5.62770392
H        8.53857140      17.14717821       5.28741783
H        6.45778130      16.45447085       6.11514620
H        5.82930883      12.88835146       6.69463964
O        6.53923293      14.92322517      10.02290249
C        6.60708662      14.07512054      13.66872757
C        7.01296321      14.34792657      12.30043277
C        5.19466285      14.01366939      13.81797170
C        6.05435527      14.56175418      11.23006190
C        7.61331576      13.94615000      14.86121729
C        4.27257993      14.15225246      12.75819712
C        4.69188282      14.49969442      11.46783860
H        8.07365793      14.30993384      12.16694830
H        4.71432009      13.82811199      14.80566324
H        7.15536552      13.38072841      15.65586493
H        8.52035351      13.36701955      14.55115715
H        7.82581020      15.03278497      15.02538085
H        3.12906964      14.06233218      12.89168929
H        3.91410237      14.58429618      10.69283788
H        5.91135002      15.30588289       9.44986545
O        6.12834008       2.63756045      10.90156176
C        9.29214225       4.47289173      10.83908539
C        8.38867263       3.40964271      10.94717252
C        8.84551076       5.75986915      10.48610140
C        7.05405516       3.61311237      10.71359472
C       10.74058326       4.33338227      11.26421697
C        7.48389029       5.92400556      10.25221007
C        6.58526462       4.85063511      10.34262183
H        8.75560487       2.46239153      11.20035888
H        9.54304491       6.58498404      10.58584743
H       11.17558517       5.25815236      11.61005302
H       10.78894909       3.57179503      11.97607540
H       11.27734789       4.01063012      10.33921565
H        7.17707929       6.92287565      10.16154995
H        5.51565996       5.11846284      10.24254882
H        6.30967859       2.14301208      11.69543130
O       14.99693675       5.48475273       2.14754677
C        0.91987869       4.97515844       1.89681815
C       17.39365347       5.66151123       1.97153696
C        0.99884142       3.56801494       1.98545113
C       16.18702358       4.90905020       2.09264383
C        2.17777605       5.82377724       1.88177679
C       17.50593796       2.84504215       2.21876364
C       16.23543328       3.49897999       2.26411202
H       17.41291963       6.74962284       1.82135168
H        1.92010809       3.02265982       1.97495245
H        2.76221001       5.86431729       2.87447411
H        2.79603478       5.35742258       1.06988615
H        2.01400722       6.86175142       1.70447659
H       17.65284516       1.75857364       2.32736168
H       15.34113956       2.89761815       2.44109483
H       15.05446941       6.41556039       2.14912801
O       16.38469556       0.84720476      13.02944410
C       16.56694090      17.35343551      16.58403628
C       16.48180936      17.36725613      15.15764514
C       16.64471273       0.90736463      17.26482312
C       16.51193103       0.86804602      14.38576421
C       16.34347926      16.01420651      17.27976529
C       16.69444299       2.05858974      16.53178193
C       16.56955464       2.07808080      15.13211631
H       16.29228989      16.44090987      14.58828766
H       16.64403648       1.11819556       0.59654094
H       16.26348317      16.17739791       0.68288815
H       15.44897548      15.58107874      16.94211766
H       17.24115930      15.40887505      16.98049558
H       16.71651756       3.04650731      16.86305575
H       16.64226948       3.05293813      14.67354072
H       16.18639851       1.66131126      12.61517911
