512
Lattice="17.7128441229 0.0 0.0 0.0 17.7128441229 0.0 0.0 0.0 17.7128441229" Properties=species:S:1:pos:R:3 pbc="T T T"
O       11.51832765       4.52933340       4.47721745
C        9.71364582       5.30538850       7.57583203
C       10.01933050       4.69640767       6.37205341
C       10.51853195       6.38424595       8.08863864
C       11.14398063       5.14067459       5.61842341
C        8.61229863       4.72902596       8.41884019
C       11.70996234       6.66654013       7.41896224
C       11.99574743       6.12702013       6.17240057
H        9.47633973       3.79463679       5.99310604
H       10.19667392       6.77864028       9.04600348
H        7.70304793       4.57107009       7.83246482
H        8.88946191       3.83929544       9.02375986
H        8.33507163       5.45065195       9.16514693
H       12.45676683       7.32298856       7.82233696
H       12.89128625       6.40380251       5.62324975
H       12.39772824       4.79587205       4.07921611
O        8.95586274       4.26912675       1.32941635
C       10.09369507       7.60365487       2.56168933
C        9.84441628       6.45090097       1.74256931
C        9.30917863       7.72215448       3.72131124
C        8.99981442       5.38479065       2.11168101
C       11.17143925       8.56927311       2.16008495
C        8.28027171       6.66418206       4.03471920
C        8.22931313       5.50102967       3.26566144
H       10.42657603       6.16375069       0.88471903
H        9.42900793       8.62707155       4.30678837
H       11.46697083       8.39852515       1.14635284
H       10.65642863       9.50770031       2.11042744
H       11.96742210       8.71576629       2.83877117
H        7.57436072       6.69996779       4.86222158
H        7.58687763       4.67691930       3.62147538
H        8.42540185       3.54234490       1.84572161
O       16.86189260       0.87402356      10.90453783
C       14.73378991       1.91893931       8.11489225
C       15.61277211       1.99296506       9.18827301
C       14.35746566       0.64528970       7.66380672
C       15.98814805       0.79633625       9.82612946
C       14.20348455       3.16882996       7.52333320
C       14.72643252      17.16226557       8.25265221
C       15.55132096      17.27093718       9.38418180
H       15.85478348       2.94778480       9.61337696
H       13.73683062       0.48051783       6.77132069
H       14.40139306       3.98029445       8.26256188
H       14.70392952       3.48359498       6.54818410
H       13.10674544       2.98883798       7.48723330
H       14.44892826      16.19785443       7.88061107
H       15.90269257      16.33812125       9.71410701
H       17.25252182       1.74524982      11.01543225
O        3.21265871       2.81552789      10.29945284
C        2.78247577       2.83371701       6.56458769
C        2.46446726       2.89522154       7.95094664
C        4.16964456       2.98543871       6.22593472
C        3.46402842       2.89827546       8.96389204
C        1.65739255       2.65302579       5.58697227
C        5.17053862       3.14211081       7.20490660
C        4.84871805       3.03540983       8.54536628
H        1.48154195       2.83926327       8.33622554
H        4.53660991       2.83934955       5.19468480
H        2.05487162       2.57404731       4.55519287
H        1.13531517       1.73091602       5.80483984
H        0.88814786       3.52136768       5.60605413
H        6.25229398       3.15387176       7.06888343
H        5.64098776       3.00206447       9.25923264
H        3.99021153       2.53586398      10.74092277
O       10.77629550       8.73016177      10.24320936
C       14.24812485      10.04095914      10.13319890
C       12.85559149       9.99645563      10.09218240
C       14.99809521       8.89330036      10.33531532
C       12.18739448       8.72171918      10.23089074
C       14.92662910      11.37246294       9.75474082
C       14.38551609       7.61538238      10.43589171
C       12.96983738       7.56758693      10.44307048
H       12.37385937      10.93898365       9.84000601
H       16.06038296       9.03202864      10.40999383
H       14.35936533      12.22127004      10.24970342
H       15.95670370      11.45171136      10.16705794
H       14.93102157      11.45956807       8.66371753
H       14.99121132       6.69901419      10.52824697
H       12.55321456       6.60841994      10.49397650
H       10.40366591       9.43057820       9.75142128
O       15.17286843      12.25426480       3.26584289
C       16.24701063      14.42262611       6.05610861
C       15.82404012      13.25511574       5.38418452
C       16.16131456      15.68773319       5.44967463
C       15.46438975      13.38624789       4.02344044
C       16.62895001      14.38227639       7.56401258
C       15.94995657      15.80133856       4.06824129
C       15.52516334      14.61896174       3.35371171
H       15.79048782      12.34962785       5.98597062
H       16.54988808      16.52434215       6.06900959
H       15.86603096      14.77853825       8.21195419
H       16.84572975      13.39680107       7.92702084
H       17.46003326      14.99785521       7.69794403
H       15.99882115      16.76914882       3.52541425
H       15.46980886      14.59002603       2.27517316
H       14.59174043      12.40148612       2.48302030
O        2.16683099       8.74429884       0.92930352
C        3.21117770       5.54018603       2.39478905
C        3.19216762       6.67102393       1.56652923
C        2.35145762       5.44677584       3.54733153
C        2.26819141       7.70294235       1.81333351
C        4.20279679       4.38670861       2.06558263
C        1.50972083       6.58413098       3.86272755
C        1.44092233       7.67226881       3.01163858
H        3.79615690       6.69129928       0.63447963
H        2.29997060       4.60105109       4.20149350
H        3.77954159       3.38536320       2.06177276
H        4.80455204       4.69693438       1.21152061
H        5.01669832       4.20866988       2.81369030
H        0.73159614       6.45797706       4.61463118
H        0.59029743       8.33424317       3.15568092
H        1.55168134       9.44954042       1.12651083
O        1.33527322       7.23931124      12.24483245
C        1.61198382       8.65555768       8.85643767
C        1.25539168       8.52418880      10.21624854
C        2.51836847       7.77280481       8.20605467
C        1.69772154       7.37708360      10.93560671
C        1.05018140       9.85988995       8.16806637
C        2.91184262       6.61101510       8.95134408
C        2.51133889       6.47180467      10.29828878
H        0.54973590       9.19452080      10.72194065
H        2.87571288       8.01646156       7.20281833
H        1.45198463      10.87620631       8.44635570
H        1.22717527       9.75496036       7.02101900
H       17.65258807      10.02779530       8.28401852
H        3.46949909       5.76330566       8.58541873
H        2.68131417       5.47275292      10.76634428
H        1.09369859       8.05258001      12.54395597
O        0.36720584       3.17100362      11.10496226
C       16.23466820       4.97267477      13.63463101
C       16.55930848       4.29042485      12.48538110
C       17.16586872       4.97615844      14.70199340
C        0.09916363       3.78658140      12.29265456
C       14.92264925       5.63172704      13.77815464
C        0.77437098       4.40084839      14.54209367
C        1.10541065       3.81950346      13.27067996
H       15.81236971       4.33926963      11.72517056
H       16.88816490       5.44321229      15.58327656
H       14.43303203       5.94114027      12.87406535
H       14.26482163       5.03703615      14.33014828
H       14.99415706       6.61466120      14.25080317
H        1.43388435       4.46718070      15.40766964
H        2.03695069       3.27492178      13.16138212
H        1.27838042       3.22725956      10.90263962
O        6.69377720       0.67515309      12.99935233
C        3.51762820      16.40819193      13.22434586
C        4.37962190      17.50416072      12.89700252
C        4.01733546      15.19438051      13.68805361
C        5.75909486      17.39958421      13.22216469
C        2.05466033      16.53463764      13.04230976
C        5.33766170      15.09783617      14.06396400
C        6.19125484      16.25352800      13.86315624
H        4.04265951       0.69550274      12.35259412
H        3.43354156      14.28006808      13.95614413
H        1.55735809      15.76870752      12.41654410
H        1.57482241      16.47109470      14.07285045
H        1.74373556      17.54021210      12.65553765
H        5.71377553      14.14803783      14.46055037
H        7.21634558      16.19529399      14.16639938
H        7.58888760       0.49260860      13.24085371
O        3.46381968       9.42815170      16.30051063
C        6.47201921       7.45937233      15.71334464
C        5.66443069       8.38573447      16.23649021
C        5.93286341       6.58469265      14.70535976
C        4.31949735       8.57819028      15.72055088
C        7.80597314       7.10638700      16.30518018
C        4.62915026       6.64014929      14.28353005
C        3.78188528       7.65439163      14.78145314
H        5.87428011       9.00762426      17.06867581
H        6.52293917       5.74881522      14.33978868
H        8.29015770       6.28931148      15.66889703
H        8.49176268       8.04554518      16.15817604
H        7.70755797       6.68297248      17.33000622
H        4.35828764       5.96815789      13.51111751
H        2.93026424       8.01006900      14.28937752
H        3.05549469       9.21106889      17.11391220
O        7.48647416      14.59828969       8.64958750
C        8.53296152       0.29578154       8.28977002
C        8.51651540      16.61000713       8.13463272
C        7.63250764       0.97410209       9.04202768
C        7.42605476      15.97030615       8.75830591
C        9.67766998       1.00820078       7.67419966
C        6.58737086       0.36541800       9.64544425
C        6.47576792      16.65898567       9.56795127
H        9.30354996      16.17355227       7.49925947
H        7.71563538       2.03036341       9.20243578
H       10.56463030       0.50022944       8.08926388
H        9.54385423       1.02092800       6.60143218
H        9.89609607       1.99798493       8.13794296
H        5.97415857       0.95638516      10.34198582
H        5.67130485      16.04973514       9.97529261
H        6.75073417      14.09052584       9.02145417
O       11.29229206      11.19046556      15.90328259
C        8.15760958      11.20249095       0.18219930
C        9.40383577      10.71207422      17.37505032
C        7.63531104      12.40172939      17.52538761
C       10.08967535      11.51620975      16.39966918
C        7.50343397      10.36190331       1.33756063
C        8.29254437      13.19025319      16.52804436
C        9.47770893      12.71120623      15.92853999
H        9.74750082       9.69463463      17.50693708
H        6.78450096      12.81608856       0.44554993
H        7.42827142       9.33766607       1.05647059
H        8.08784425      10.44256940       2.24031563
H        6.51620407      10.78584075       1.65129479
H        7.83205995      14.17966802      16.22242045
H        9.99270533      13.33820421      15.19538369
H       11.41269315      11.85052443      15.23790556
O        9.22788544       0.19740076      14.30567047
C       11.80599135       1.66857966      12.07090436
C       10.63621901       0.95213594      12.51980692
C       12.53842719       2.47309043      12.91602121
C       10.27459837       1.00411517      13.82819146
C       12.30680283       1.60050516      10.61596531
C       12.20254192       2.55112368      14.27220368
C       11.12045378       1.77263763      14.66446848
H       10.06814060       0.46372652      11.78117505
H       13.38093804       3.02046974      12.49287612
H       11.73698344       0.73488913      10.11192110
H       12.10596673       2.56070380      10.16629516
H       13.30333782       1.46247478      10.60934530
H       12.89980421       2.99724395      15.01911643
H       10.91060827       1.68916963      15.71709701
H        8.92213334       0.39588953      15.14686333
O       14.81316131       7.70821027       2.53787403
C       15.74652729       7.74224421       6.12539562
C       15.61419392       7.34345178       4.78229683
C       15.16419021       8.95773058       6.55121841
C       14.99018042       8.18084321       3.82461590
C       16.46588035       6.78736234       7.08168441
C       14.67829533       9.86732269       5.56591075
C       14.54359576       9.44478221       4.24869372
H       16.07230865       6.37705571       4.45059236
H       15.20764633       9.18072194       7.62306468
H       17.52725820       6.64771584       7.08083010
H       16.05411849       6.88092372       8.02490521
H       16.19811935       5.77963684       6.75421103
H       14.32134544      10.88370181       5.68392706
H       14.02278177      10.08783662       3.60108121
H       14.57748034       8.41147337       1.90588249
O       10.86496821      12.64103648       2.45501102
C       11.87348762      12.90330411       5.94975263
C       11.85085201      13.18953463       4.55298520
C       11.08879100      11.88945223       6.48805043
C       10.96177813      12.43592406       3.74310947
C       12.72835589      13.68308097       6.90432542
C       10.32189680      11.04274366       5.68216566
C       10.21196242      11.35660306       4.28636326
H       12.54208654      13.99017700       4.15123885
H       11.14548300      11.61099113       7.59120973
H       12.05111465      14.19218241       7.56952076
H       13.43330395      12.98441682       7.38495269
H       13.17534179      14.43274058       6.31523006
H        9.70860846      10.28674396       6.14575902
H        9.48723306      10.88401586       3.63202358
H       10.00549955      12.32344497       2.17247787
O        8.40090342       1.80360393      16.52510316
C        4.75187285       1.44315853      16.19296400
C        6.12257294       1.09469822      16.25481995
C        4.36620727       2.81622348      16.12039130
C        7.08182416       2.09665711      16.24042823
C        3.70712937       0.33198591      16.27524532
C        5.36929406       3.82820654      16.11509688
C        6.69614442       3.44733769      16.24688545
H        6.44475489       0.05957872      16.30512503
H        3.33497766       3.15612580      16.09738060
H        2.93677034       0.46170541      15.54215293
H        4.22721795      17.08905802      16.20130395
H        3.29503848       0.29097405      17.34040809
H        5.15144091       4.83980403      16.26863170
H        7.38852204       4.19641475      16.39101777
H        9.06682892       2.36449924      16.16024351
O        8.08013483       2.15542597       2.64979927
C        5.59850237       0.20776544       4.63477520
C        6.84897081       0.89722976       4.28786002
C        4.64032038       0.05406775       3.65555978
C        6.97481297       1.46715276       3.01710321
C        5.41493946      17.37441423       5.99628830
C        4.77379359       0.66519820       2.38920772
C        5.94503116       1.41602404       2.02628473
H        7.51759483       1.07751525       5.11644358
H        3.69920122      17.27767291       3.83672850
H        5.08257301      16.34147499       6.03037072
H        6.40067966      17.24372920       6.43254934
H        4.76600308       0.22042420       6.62875931
H        3.95905909       0.46462271       1.73951917
H        6.11431962       1.92888327       1.04742333
H        8.97234211       1.93004897       2.99930772
O       12.96462001      12.39457402      13.47877581
C       11.09008892      14.58270222      11.14629821
C       12.00129731      14.20404143      12.12303104
C       10.12693593      13.60668047      10.75742488
C       12.06699085      12.90891970      12.63044761
C       11.20737449      15.89860861      10.38109947
C       10.15211908      12.34815154      11.32259531
C       11.06734526      11.98593631      12.32780797
H       12.84744701      14.79333262      12.35915150
H        9.54161380      13.70244373       9.86973694
H       11.71109778      16.57969879      11.12981451
H       11.74400967      15.71449999       9.50181151
H       10.26586053      16.28083141       9.98843566
H        9.43877809      11.62576474      10.99797608
H       11.10854002      10.87725026      12.60829114
H       13.84101539      12.65910008      13.44974900
O       14.30162500       9.97795809       0.52421040
C       15.94356814       9.30976398      14.94334402
C       15.11500276       9.85466196      15.95465739
C       17.08900202       8.61821372      15.37436745
C       15.23144440       9.54149863      17.33215499
C       15.63198216       9.58237390      13.45837489
C       17.24776513       8.22917439      16.71454972
C       16.40697939       8.78578806      17.67668901
H       14.28871473      10.51016354      15.70339794
H        0.09581687       8.13544766      14.66573512
H       16.49195971       9.32754284      12.79162903
H       14.66900439       9.10693620      13.27914473
H       15.42185190      10.65261637      13.27700980
H        0.26196024       7.50623483      16.99039782
H       16.66860478       8.54480612       0.92644607
H       13.61353284      10.55492369       0.26442226
O        6.51662655      12.33790825       6.52979187
C        6.26478195       8.69454961       7.16148584
C        6.53558780      10.02136171       7.37648013
C        5.58071648       8.28668215       6.03860905
C        6.22842162      11.00695477       6.38264789
C        6.75400130       7.66272869       8.17098256
C        5.34939592       9.16779641       4.91684816
C        5.62592822      10.51616439       5.17428900
H        7.18954505      10.27335066       8.20454709
H        5.45441008       7.26496655       5.96581144
H        6.18496087       7.73772952       9.04985484
H        6.66458946       6.59372832       7.91425222
H        7.78295139       7.79386411       8.50520488
H        4.93255806       8.76786796       3.94599248
H        5.22901189      11.10535748       4.40004780
H        7.11694337      12.51636141       7.14793807
O        0.37718919      11.82961701       4.45403620
C        1.22192068      12.04185308       0.88341193
C        0.45481479      12.04306232       2.03408757
C        2.59103827      11.69333503       0.96607367
C        1.04490378      11.70438422       3.26173398
C        0.61503516      12.25640789      17.23683984
C        3.16086456      11.28833847       2.21157954
C        2.36305115      11.26749984       3.32451116
H       17.12581998      12.35925214       1.95801510
H        3.16043545      11.70176320      17.70777917
H        0.25575589      11.44516813      16.72087043
H       17.50691831      12.94564870      17.23592036
H        1.34533101      12.74666126      16.61478994
H        4.24016654      11.13885145       2.35264990
H        2.70101571      10.95660803       4.33168536
H       17.22536604      12.05501986       4.34887558
O       15.73225802      13.74741870      12.56727828
C        1.25033474      11.94926176      12.69990226
C        0.01522254      12.49775623      13.08768867
C        1.70354761      12.28121928      11.43174860
C       16.97823935      13.24141292      12.19790830
C        1.89170263      10.80496205      13.43863488
C        1.05387328      13.09207855      10.57195305
C       17.54151172      13.61373270      10.96838510
H       17.51441814      12.46609921      14.17635538
H        2.66137916      11.83268470      11.09959639
H        1.70220186       9.80980373      13.03539458
H        3.02841863      10.90611324      13.44012755
H        1.49068808      10.73712048      14.42876944
H        1.47245701      13.38013056       9.61484777
H       16.95550217      14.20677659      10.22057745
H       15.60490392      14.69521626      12.54666597
O       13.18087657      12.52046800       1.13521265
C       13.02637272      14.90192463      16.12304649
C       12.60364955      14.12991127      17.19226317
C       14.22129838      14.53930445      15.46217770
C       13.47231744      13.17603268      17.70109192
C       12.15785689      15.96956052      15.56899529
C       15.10227088      13.56544311      15.93824946
C       14.71215491      12.87803635      17.07516890
H       11.70192439      14.42693079      17.65818661
H       14.51333162      15.22155984      14.64751162
H       11.52830209      16.49098492      16.32724652
H       12.62354548      16.81381153      15.04290183
H       11.55456830      15.50060630      14.79056166
H       15.97259655      13.37265443      15.45191942
H       15.33136587      12.01719234      17.39280892
H       12.29395357      12.65589893       1.42405191
O       10.57424736       3.63103459      17.14881770
C       11.67277053       6.62201797      15.39811731
C       10.91316620       5.46224318      15.67880039
C       12.85400220       6.95851927      16.10698648
C       11.33019376       4.72296115      16.77168741
C       11.22692074       7.51775615      14.24481104
C       13.25455355       6.14288368      17.16743579
C       12.56908680       4.96403028      17.43019936
H       10.04671368       5.04364961      15.18003917
H       13.44153678       7.87356741      15.93694758
H       10.27393394       7.94580740      14.38366961
H       11.85718894       8.42511463      14.04493787
H       11.10879896       7.08816168      13.29390637
H       14.07530291       6.46674056       0.09670512
H       12.97044202       4.28712132       0.40956740
H       10.04052023       3.81221407       0.28951113
O        3.71722939      13.06282966       7.64512192
C        2.15167611      16.40446713       7.58353808
C        2.76726727      15.24255682       8.06640956
C        1.95200387      16.47613829       6.19659828
C        3.13758231      14.16628009       7.21849563
C        1.80773886      17.52241260       8.46538347
C        2.20671407      15.41621302       5.26485081
C        2.84168431      14.29718105       5.83146163
H        2.76689355      15.18029518       9.15299095
H        1.44727936      17.34998808       5.80160716
H        1.58504772      17.28092720       9.52257365
H        2.72400769       0.39413547       8.45382038
H        1.11119646       0.50596661       8.03207536
H        1.95475551      15.33442303       4.22653159
H        3.33215536      13.65889151       5.12029680
H        4.30038794      12.71498288       7.03478231
O       10.41931058       2.14173590       4.04625899
C       12.69095740       0.75044488       1.61202462
C       12.07572420       1.65112356       2.46427529
C       12.49776735      17.06964222       1.77145260
C       11.12324333       1.22456319       3.37974750
C       13.64756705       1.15238856       0.45525558
C       11.66437016      16.64121454       2.79741311
C       10.85909084      17.55370605       3.53591355
H       12.35815680       2.66933775       2.39883807
H       12.89468603      16.30904569       1.12610441
H       12.98982320       1.30583278      17.30022679
H       14.36965127       1.98922657       0.66015220
H       14.18341260       0.25494629       0.16600903
H       11.55547387      15.57408343       2.87407068
H        9.90695724      17.25460712       4.04148320
H       10.83681899       2.98088718       4.15414843
O        3.93387151      14.58929197       0.65564993
C        6.89121276      14.67278046       2.81196766
C        5.55073541      14.44259024       2.34446337
C        7.75677910      15.30488887       1.93280211
C        5.20397252      14.81916417       1.05767909
C        7.32949824      14.29019774       4.20598537
C        7.36564356      15.80850804       0.70298016
C        6.07657847      15.47240617       0.22807633
H        4.86482191      13.91559778       3.00916144
H        8.75310161      15.34436304       2.27322822
H        6.53417734      14.63079042       4.86628192
H        7.43995085      13.25875135       4.33302017
H        8.27082828      14.77212533       4.58161031
H        8.01050356      16.35879131       0.04278309
H        5.79189630      15.78936749      16.97529911
H        3.43312313      13.95467571       1.16999032
O        5.10364324      13.39354282       9.94831940
C        6.50894511      11.24244385      12.52852107
C        6.16222332      12.40474830      11.78580433
C        5.94080793       9.96400325      12.18635108
C        5.37807232      12.24691998      10.66851939
C        7.47820948      11.34586880      13.73436039
C        5.14718693       9.86944225      11.03630919
C        4.92090583      11.00219320      10.22637328
H        6.64327424      13.39618978      12.08792054
H        6.27481037       9.06747893      12.72578697
H        7.93605957      12.27394611      13.78744127
H        6.89035800      11.35854123      14.66422690
H        8.24207300      10.53522999      13.73454147
H        4.74963978       8.89357747      10.73558464
H        4.42805220      10.90467440       9.21841849
H        4.49601774      13.12368264       9.22541980
O        5.47219144       2.81834797      11.95751782
C        8.61329651       4.73702068      12.20008226
C        7.70338275       3.67007631      12.28470682
C        8.07950304       6.02059507      11.94504407
C        6.34662377       3.82831856      11.89258366
C       10.06143078       4.58775374      12.29064267
C        6.77609248       6.20832358      11.52841876
C        5.89018860       5.10933727      11.46677351
H        8.10014524       2.62627691      12.57217710
H        8.76795166       6.87190068      11.97692321
H       10.59255203       4.35745349      13.31250353
H       10.40069363       3.76987747      11.63938390
H       10.51497119       5.54150609      11.84917680
H        6.46143733       7.24020959      11.22123207
H        4.88205859       5.30027436      11.15176967
H        5.84692094       1.96350572      12.23910232
O       13.94972597       5.15441211       3.31107798
C       16.78277007       3.28883229       1.99090922
C       15.82155167       4.28052649       2.15868409
C       16.68100918       2.12292297       2.76183242
C       14.83397802       4.15919348       3.14150165
C        0.22462505       3.54370965       1.02652824
C       15.57540181       1.98183300       3.64773285
C       14.62332238       2.98851867       3.81310737
H       15.74340769       5.16919483       1.57398239
H       17.41722674       1.32756146       2.71283070
H        0.62512284       2.62155024       0.70061404
H       17.58209664       3.94513527       0.06746671
H        1.03282155       4.23165166       1.33631258
H       15.44370145       1.03799830       4.13053573
H       13.78421048       2.73906135       4.48210688
H       14.13639928       5.98863601       2.85603460
O       16.06765036      17.13661637      13.08380993
C       16.93229655      17.28513341      16.65069023
C       16.76271420      16.74377931      15.35394398
C       16.70608163       0.90534580      16.93998780
C       16.26683544      17.58279609      14.31709005
C       17.35824724      16.44923655       0.12455869
C       16.30058159       1.78786126      15.97068357
C       16.02630294       1.26195428      14.65452436
H       17.00633585      15.68947735      15.24712174
H       16.62496975       1.26655974       0.20024854
H       16.39035858      16.36114721       0.65904636
H       17.62293388      15.43063385      17.65135262
H        0.35572271      16.91075401       0.74645156
H       16.20409655       2.83347657      16.18529353
H       15.76845159       1.94575891      13.86428148
H       16.46896624      17.67269190      12.36856659
