512
Lattice="17.7128441229 0.0 0.0 0.0 17.7128441229 0.0 0.0 0.0 17.7128441229" Properties=species:S:1:pos:R:3 pbc="T T T"
O       12.75314002       4.59558648       4.13654398
C       10.51881788       5.23607854       6.94749362
C       11.00977632       4.67412640       5.75319600
C       11.34013700       6.12058510       7.74609066
C       12.27025038       5.10139451       5.31900812
C        9.07375827       5.02898847       7.37179631
C       12.61777922       6.48896260       7.29860137
C       13.08420325       6.00422107       6.08288662
H       10.38985552       4.02772146       5.13363759
H       10.95966734       6.52865237       8.69052341
H        9.01210509       4.53946442       8.31453135
H        8.59960908       6.01931756       7.47539726
H        8.51661338       4.42257879       6.56184107
H       13.24416027       7.15317554       7.88223878
H       14.00397276       6.36430368       5.68553487
H       13.63749336       4.87602147       3.79947938
O        5.51051607       3.19729223       3.34570287
C        7.69771265       6.07789314       3.50309506
C        7.16646164       4.83509113       3.11469652
C        7.24396773       6.66028085       4.71790264
C        6.13466672       4.24360899       3.91138680
C        8.71357399       6.76692410       2.67249377
C        6.32240728       6.01331354       5.64128014
C        5.73107464       4.81995314       5.15756624
H        7.46207764       4.46232714       2.17235027
H        7.69435271       7.58709771       5.05139999
H        9.09954350       5.91738140       2.13290000
H        8.50556090       7.43593407       1.91075235
H        9.57511251       7.04839334       3.22486198
H        5.87928913       6.47905369       6.53190324
H        4.84152340       4.44491589       5.68632452
H        5.70754058       3.06345570       2.42238457
O       16.93838837       1.70027763      11.35953488
C       15.69080852       2.91575999       8.12122401
C       16.45982026       2.75902203       9.28541156
C       14.76775241       1.94162464       7.75338922
C       16.16145881       1.76921406      10.20478409
C       15.87706354       4.19769618       7.22942422
C       14.48002603       0.86860986       8.65015937
C       15.12162232       0.89407262       9.90336566
H       17.27886576       3.42616823       9.46501765
H       14.23727671       2.17951338       6.82282085
H       16.92175449       4.34330246       6.99492930
H       15.25225795       4.30150121       6.35034651
H       15.73448184       5.03489391       7.95235659
H       13.78204821      17.71163569       8.51874239
H       14.90110134       0.08647807      10.61940503
H        0.01847231       2.21041978      11.21201933
O        3.63788180       2.62468603       9.83774215
C        3.30821569       2.13063389       6.25125896
C        3.07367504       2.51844213       7.60756178
C        4.53485611       1.52986291       5.91489839
C        4.02230344       2.28309356       8.58862840
C        2.24851409       2.33026631       5.15507540
C        5.54201364       1.41859947       6.89811761
C        5.31386768       1.79018725       8.23723401
H        2.10444163       2.86343228       7.94708605
H        4.75163435       1.22012693       4.89501990
H        1.26608144       2.15148956       5.57660120
H        2.36491081       3.29721602       4.64896847
H        2.28420207       1.60342832       4.39214288
H        6.48346802       0.88705687       6.61184396
H        5.96718771       1.48059315       8.98998548
H        4.39933650       2.52789312      10.45183391
O       11.11917906       7.93592144      10.97584467
C       13.94129142       9.93440751      12.21458194
C       12.61790456       9.46159476      12.00457378
C       15.06802139       9.27291064      11.59357367
C       12.41302704       8.36702782      11.10375770
C       14.04959347      11.25549269      13.02437415
C       14.83516277       8.09544860      10.87990666
C       13.53836532       7.61382108      10.71098520
H       11.73592346       9.90260814      12.52178751
H       16.03947355       9.68532012      11.71033239
H       13.38024502      11.93838833      12.62842542
H       13.84517318      11.11885384      14.07248747
H       15.06676732      11.68765671      12.98685040
H       15.68663430       7.53001723      10.46156607
H       13.37326730       6.64914951      10.23160314
H       10.58330628       8.61459330      11.37581794
O       15.09899118      13.11858405       2.59660927
C       16.00585020      16.41241423       4.22206558
C       16.02742184      15.28704057       3.36307921
C       14.90629715      16.58951834       5.06651300
C       15.10123219      14.22836443       3.45428431
C       17.07072562      17.49258303       4.12990162
C       13.89869902      15.67314573       5.08389112
C       13.94177712      14.49295664       4.32191866
H       16.88907589      15.07546504       2.79375326
H       14.89799812      17.49648009       5.71767063
H       16.93219065       0.31038306       3.20288158
H       16.91743321       0.45708410       4.93787758
H        0.40079393      17.14663763       4.10786646
H       13.01498376      15.81160742       5.68268627
H       13.01719788      13.97415863       4.24881759
H       14.25669607      12.75317810       2.31762686
O        0.09007414       9.63693097       1.53483739
C        2.75102043       7.17845568       1.97028081
C        1.56730051       7.83855465       1.52122578
C        3.35836362       7.72001432       3.12077334
C        1.19012567       9.11761509       2.07059084
C        3.29875573       5.92458143       1.31481013
C        2.89889488       8.94554118       3.76632071
C        1.81794841       9.71480794       3.22845755
H        0.97629770       7.36988631       0.82325702
H        4.13042269       7.13009230       3.55535815
H        2.61511865       5.14229325       1.41363943
H        3.45576337       6.09014187       0.26067267
H        4.25675869       5.56171628       1.82010425
H        3.42604189       9.32187813       4.63813298
H        1.51368939      10.68712572       3.56595007
H       17.65490989      10.57421933       1.63673179
O        1.29319593       7.97296590      11.56648461
C        2.99700668       9.36758268       8.59902876
C        2.13947653       9.25995123       9.75740903
C        3.76495449       8.21812450       8.19202252
C        2.04693104       8.04094770      10.46714103
C        3.23569418      10.64494608       7.87228609
C        3.49490255       7.03043341       8.84609288
C        2.66762569       6.93099470       9.96168657
H        1.69477477      10.10733342      10.08330871
H        4.33493294       8.45684351       7.28000310
H        3.09645950      10.53059233       6.80443382
H        2.62251079      11.55203839       8.17886572
H        4.34635598      10.80661842       7.87815362
H        3.91644541       6.08881332       8.51552458
H        2.44471235       5.93369240      10.38183398
H        1.37156948       7.21465764      12.12536004
O        1.42752030       3.33888356      11.10532299
C       17.56118697       5.67030849      13.31637650
C       17.65690032       4.65293700      12.37350320
C        0.92260082       6.23325980      14.01441907
C        1.27660967       4.21843388      12.09502345
C       16.18529921       6.16045744      13.68231712
C        2.18214117       5.68146374      13.78864148
C        2.38609942       4.72940827      12.77306313
H       16.76407123       4.27924174      11.91000670
H        0.72225892       6.98971323      14.77728009
H       15.68384742       6.46358847      12.78999469
H       15.57784109       5.36993049      14.05445065
H       16.24076165       7.09991539      14.33952361
H        3.01847676       6.21808955      14.27114092
H        3.33464017       4.31465792      12.48602766
H        2.38981503       3.18034723      10.90226971
O        6.76594489      17.67648964      12.26998944
C        3.28273437      16.54614451      12.96026247
C        4.42620511      17.07564651      12.25202745
C        3.41921731      16.35633334      14.41124531
C        5.63161366      17.23374423      12.91100949
C        2.02375371      16.13939354      12.19636590
C        4.66515489      16.51786119      14.98304460
C        5.79193723      16.93508588      14.28082433
H        4.49198792      17.14861092      11.14582880
H        2.63062500      15.81680934      14.94549312
H        2.31445521      15.75430693      11.24337171
H        1.46242583      15.33954872      12.71314218
H        1.40299086      17.02635670      12.11635217
H        4.70751533      16.28670806      15.98022291
H        6.66043041      17.19409967      14.81568823
H        7.59271631      17.43018944      12.65283920
O        1.02996537       9.91028295      16.38445543
C        4.58872864       8.96035149      15.94675873
C        3.34134125       9.30437069      16.55947015
C        4.59402163       8.86711563      14.57651512
C        2.20903904       9.59928925      15.78674988
C        5.81580380       8.77279204      16.83224573
C        3.44937541       9.06871516      13.81800371
C        2.20679895       9.50185031      14.38495376
H        3.37260804       9.45110815      17.64569389
H        5.53875974       8.66287332      14.08951264
H        6.25185855       7.73665427      16.80361169
H        6.62222003       9.42987064      16.49221822
H        5.60547615       9.00590576       0.15408791
H        3.56688434       9.19145794      12.75247378
H        1.26018840       9.70543673      13.83572067
H        1.05928464      10.69917689      17.01045936
O        8.72854142      15.25768013       8.95900077
C       10.21899920       0.16562425       6.82860668
C        9.95844460      16.63494232       7.38963595
C        9.69979972       1.34372467       7.41064471
C        9.03754008      16.47981985       8.40291912
C       11.38061889       0.45618084       5.82642452
C        8.78318133       1.22988870       8.45279258
C        8.47942829      17.68421269       8.95138276
H       10.40265471      15.69798736       7.03859559
H        9.93665119       2.35250912       7.15774263
H       11.03917836       1.26397234       5.18908870
H       12.33507785       0.72419807       6.28962881
H       11.49396036      17.24473089       5.29926746
H        8.39412663       2.15663657       8.85826509
H        7.68839594      17.66218067       9.81588336
H        8.11958280      15.26214550       9.68797302
O        9.64956912      10.10081058       1.07022051
C        6.75567373      10.90594914       3.06123019
C        8.00282732      10.46330839       2.71773157
C        6.07967310      11.73274568       2.17027370
C        8.47319307      10.68471084       1.39338095
C        6.03555876      10.37707479       4.30500476
C        6.39169636      11.98495362       0.83745496
C        7.64276503      11.38997647       0.42587847
H        8.56653519       9.76386486       3.31723538
H        4.99305664      11.87559121       2.31822276
H        5.19591354      11.03745424       4.58000025
H        5.65681266       9.33307854       4.16364132
H        6.79778249      10.44274799       5.07448799
H        5.74362971      12.54730561       0.17842611
H        7.94466968      11.61039733      17.05509243
H        9.99752523      10.29125747       0.19415242
O        9.41019617       0.13356887      13.43935206
C       11.86965469      15.59208035      12.01326453
C       10.61646702      16.26470198      12.24020156
C       13.05140001      16.03051379      12.64436142
C       10.52663464      17.26929576      13.17333439
C       12.10863811      14.72405241      10.78507513
C       12.93484535      17.01311577      13.59485808
C       11.64850747      17.54624809      13.96259189
H        9.64640225      15.79469599      11.93753442
H       13.94228115      15.53128304      12.42630486
H       12.85184798      15.21878416      10.15566342
H       12.57957573      13.74616915      10.98565251
H       11.27254402      14.55960900      10.13317685
H       13.78604415      17.32160916      14.17367281
H       11.56383678       0.54529645      14.79536611
H        9.52903083       0.77066629      14.14063078
O       16.35313745       8.94489156       3.74592009
C        0.49339600       6.76085858       6.28103372
C        0.11347705       7.41119031       5.02495001
C       17.51168220       7.07216235       7.48611518
C       16.75829007       8.33129933       4.98224929
C        1.59175287       5.73286887       6.22004513
C       16.46783807       7.99518019       7.36587927
C       16.04152000       8.63890664       6.10489508
H        0.63160449       7.25969945       4.07611303
H        0.15396623       6.65564627       8.45523616
H        2.56834154       6.24003417       6.21943305
H        1.57367716       5.05664768       7.04724034
H        1.43946989       5.25294678       5.24044435
H       15.81176198       8.11568298       8.21880046
H       15.19295922       9.27629300       6.00993928
H       16.84891587       8.73757352       2.96876235
O       10.96949645      11.89220355       3.31039474
C       12.20140210      11.48757134       6.69791461
C       11.64612003      12.09067407       5.54646779
C       12.73809467      10.20543483       6.67227151
C       11.63123253      11.32192430       4.37530532
C       12.15126590      12.23261173       7.97906930
C       12.67478683       9.47716143       5.50778048
C       12.10926834      10.00664070       4.32581064
H       11.22217682      13.14750494       5.56323100
H       13.06668336       9.72380407       7.58276072
H       11.79111903      11.62870827       8.77396956
H       13.19591130      12.47700494       8.21839343
H       11.57188750      13.12231381       7.95372124
H       13.05947293       8.47821120       5.62135277
H       11.93708641       9.42568065       3.41863595
H       10.50971616      11.14620444       2.88810747
O        9.37243096       2.37084986      15.33109673
C        5.96271420       3.57130848      15.29062569
C        7.06245896       2.73701100      15.22569601
C        6.11670806       4.92656903      15.40093979
C        8.32827900       3.21431133      15.39539555
C        4.62810756       2.97074750      15.20849944
C        7.46879067       5.44817556      15.49745303
C        8.57275919       4.58728330      15.45560994
H        6.92510521       1.77914096      15.00442953
H        5.26445433       5.68379538      15.37845032
H        4.40756376       2.60730584      16.24198487
H        3.93820483       3.78843123      15.06457573
H        4.58552864       2.08446874      14.59930389
H        7.52047096       6.48540297      15.69505261
H        9.57979201       4.80414429      15.56741003
H       10.20192160       2.84673760      15.36460786
O        5.59139468       2.75753092       0.63452416
C        4.82049498      16.93490377       1.47481218
C        4.71356069       0.60702625       1.39729955
C        5.79304855      16.24796809       0.77902382
C        5.72840707       1.40642708       0.81059610
C        3.78751509      16.18935103       2.21389193
C        6.78382447      16.99620705       0.09156918
C        6.82216353       0.72704680       0.20307598
H        3.87902668       1.05345876       1.83710774
H        5.85571638      15.14597321       0.80982054
H        4.14297105      15.10530357       2.24849843
H        3.53363581      16.64491556       3.14517382
H        2.91703440      16.20496516       1.63166656
H        7.60952915      16.43933174      17.36126462
H        7.55963579       1.29875882      17.30216988
H        6.07981220       3.00648188      17.58309280
O       10.71766481      10.41988483      16.48354841
C        9.57715317      10.91595892      12.91731971
C       10.11056508      11.22032187      14.22207361
C        9.04374027       9.64937964      12.67275656
C       10.18596738      10.21164587      15.21298794
C        9.69225668      11.91079144      11.85961996
C        9.14702599       8.66400477      13.71815554
C        9.64616259       8.87914031      15.03343520
H       10.59877371      12.23548500      14.47907632
H        8.61689955       9.39512687      11.74554709
H       10.67221972      11.97431574      11.44610173
H        9.04774197      11.58076578      11.04756375
H        9.42766134      12.84909759      12.22407571
H        8.77514098       7.70595451      13.49353405
H        9.54291025       8.15782142      15.80830711
H       11.41665944      11.04394982      16.56078100
O       14.33079596       7.84422230       2.43357792
C       12.88412797       7.69040011      16.73192256
C       13.20939582       7.39921640       0.33519905
C       13.39918241       8.88406448      16.23428373
C       14.00064445       8.22501665       1.19716593
C       12.13025185       6.64635545      15.85173163
C       14.18940647       9.73408565      17.04943009
C       14.46272378       9.42190882       0.65398466
H       12.76823060       6.52324465       0.77006844
H       13.11443660       9.21879631      15.22563567
H       11.10719539       6.47274474      16.19878379
H       11.89501914       7.08173505      14.82511392
H       12.66178637       5.68936229      15.68425663
H       14.62292045      10.61909857      16.80748395
H       15.10931738      10.07975596       1.26370945
H       14.85417786       8.44155171       3.08678639
O        8.87688444      12.82366491       7.50993202
C        7.02487543      10.19013146       9.37567686
C        7.48870961      11.50070266       9.02369300
C        7.44895308       9.04872390       8.61574570
C        8.41896299      11.61254463       7.93081022
C        5.90780509      10.12915467      10.47843231
C        8.50720719       9.18896633       7.70660497
C        8.93839103      10.48519175       7.32685901
H        7.21910656      12.38065584       9.68099804
H        7.13574077       8.03073062       8.73212235
H        5.45756620       9.09703287      10.50412887
H        6.33408867      10.30777352      11.42277962
H        5.15438342      10.89716559      10.26987646
H        8.90108923       8.24204103       7.26368540
H        9.67995808      10.62290304       6.64630594
H        8.69079157      13.53388991       8.13027533
O       17.65942221      12.25095846       2.08724352
C       17.50466181      12.83435898      16.24477017
C       17.11865254      12.50404909      17.55787984
C        1.02658953      13.48558797      16.01349328
C        0.32898428      12.73653752       0.85029888
C       16.74447334      12.30068060      15.08383367
C        1.81339990      13.93464912      17.11546832
C        1.53757249      13.40962514       0.65441165
H       16.15164807      11.96940265      17.60043624
H        1.33873214      13.68235360      15.01665712
H       16.92266065      11.26176715      14.91749845
H       15.67541767      12.60435865      15.21202967
H       17.08582271      12.84236153      14.15763684
H        2.83890878      14.31045581      17.01788921
H        2.31615643      13.57955025       1.40862934
H       16.92759646      12.79027599       2.41336129
O       16.30417143      14.41724731      12.62828031
C       16.29422414      12.36093121       9.45339810
C       16.50868672      12.76472188      10.86667354
C       15.90957873      13.32606564       8.48902007
C       16.16779286      14.06754764      11.29417487
C       16.29359474      10.94329392       9.03185693
C       15.65743301      14.60813281       8.94741349
C       15.80569662      14.97554732      10.29735939
H       16.82804909      12.18442878      11.65909084
H       15.61394079      13.07832807       7.45867172
H       16.68629920      10.79788799       8.07528985
H       16.98559114      10.46709980       9.76417399
H       15.30598244      10.52104997       8.98653166
H       15.30991372      15.37150134       8.25107604
H       15.64189745      15.90363958      10.56815919
H       16.47716882      15.30716373      12.69934705
O       12.90680095      12.46254847       1.59604433
C       10.84825183      13.99363102      16.68644266
C       11.18143008      13.30942517       0.14803727
C       11.87747916      14.36645915      15.78909667
C       12.53281119      13.03202806       0.44358639
C        9.41349769      14.39466018      16.40173811
C       13.19320735      13.99058879      16.01945587
C       13.51048574      13.37395553      17.25696259
H       10.32322981      13.11464907       0.77663860
H       11.61213659      15.01687986      14.93410863
H        8.99113211      13.94544829      15.43865613
H        8.77855619      14.19154898      17.28024038
H        9.46748676      15.47161064      16.26627246
H       13.98595339      14.35216387      15.37054550
H       14.51020551      13.26719730      17.70231679
H       12.18680126      12.33448922       2.22816646
O       11.69989771       3.38740168      16.36605228
C       13.58664255       3.30541450      13.30575076
C       12.51174812       3.39757833      14.14771458
C       14.85180266       2.84570759      13.80703162
C       12.73891021       3.20238292      15.49989210
C       13.41492039       3.89652149      11.85314150
C       15.05814326       2.48634034      15.19392357
C       13.92036474       2.69990389      16.02396366
H       11.43428981       3.48295119      13.80232655
H       15.69682216       2.84680483      13.20706280
H       13.50121630       4.98243659      11.73374971
H       14.15558908       3.50475075      11.18474349
H       12.48789463       3.53744440      11.43289716
H       16.03720590       2.11889180      15.52000249
H       13.84328589       2.43517057      17.04568967
H       11.98629823       3.33255129      17.25784670
O        4.98339987      14.71685027       7.50988184
C        1.54817439      16.13358653       7.84963023
C        2.96646474      15.93567884       7.99435275
C        0.86290532      15.13910911       7.21734128
C        3.61656524      14.81732882       7.33357311
C        0.88683965      17.34989939       8.48692934
C        1.44665187      13.95353643       6.72706266
C        2.85978484      13.84358888       6.71457006
H        3.48258846      16.71791894       8.54757488
H       17.53195931      15.28861406       7.12930975
H       17.54817191      17.24070709       8.70035383
H        1.50713429       0.00160391       9.28012875
H        1.00135818       0.45698541       7.71780164
H        0.96958429      13.00909835       6.46779600
H        3.35554948      12.92316408       6.34679960
H        5.42949244      14.19344251       6.85832926
O       10.87363355       3.21112267       2.28650313
C       12.80661035       0.46270860       0.78198331
C       12.44713930       1.56734596       1.50024914
C       11.80280981      17.52686681       0.10816628
C       11.11952548       2.03448737       1.67653603
C       14.26809227      17.67855227       0.62740002
C       10.48609660       0.20936651       0.28257511
C       10.11512465       1.33864002       1.01460303
H       13.24619449       2.10370132       1.91799077
H       12.08917182      16.60025578      17.33512522
H       14.24244535      17.05242834      17.45529602
H       15.03339727       0.75742473       0.56588347
H       14.56513130      17.06164336       1.46530453
H        9.73168155      17.41418956      17.31626356
H        9.06561503       1.59933841       1.04147324
H       11.43279023       3.49016049       2.95600304
O        6.48676002      13.53815752       5.70627799
C        8.86768967      15.57610995       3.69749881
C        8.34602119      14.46074155       4.44121898
C        8.16125340      16.79880685       3.57809896
C        7.05438121      14.60758431       4.99587212
C       10.34697563      15.63003909       3.23599748
C        6.91743940      16.88103255       4.20697643
C        6.32069274      15.78736599       4.82882057
H        9.17302921      13.69543850       4.54040608
H        8.54739857       0.00450763       3.08867788
H       10.36243345      15.16947881       2.20039806
H       10.64439136      16.66075143       3.23711315
H       10.96000564      14.99757841       3.95085737
H        6.35586158       0.05373056       4.25507813
H        5.28851086      15.94830792       5.19290916
H        6.98094660      12.73359677       5.77532797
O        6.16246420      14.76928533      10.04584584
C        5.42981162      13.02574808      13.18220673
C        6.12646770      13.78637651      12.21225802
C        4.20769746      12.33800919      12.84516502
C        5.52774840      14.01262639      10.93272120
C        6.16895081      12.69638896      14.48937291
C        3.61845975      12.63453940      11.59075589
C        4.29134344      13.39541516      10.61514275
H        7.15852725      14.13405138      12.49391909
H        3.70110726      11.73143354      13.57056310
H        5.73638600      11.85217646      15.10010811
H        7.20558070      12.27190108      14.16896142
H        6.26521623      13.63625327      15.01856626
H        2.66684660      12.27420262      11.29421311
H        3.76272493      13.67796330       9.72495208
H        5.58807882      14.89650671       9.25846891
O        5.54285737       2.71527420      11.61598686
C        8.34230778       4.98438364      11.46971029
C        7.62656933       3.88282553      11.71906142
C        7.71734376       6.15002265      10.83738034
C        6.29494282       3.86252921      11.41920643
C        9.83621818       4.96638460      11.76416865
C        6.34387632       6.09193893      10.46874174
C        5.60992830       4.99338468      10.90514400
H        8.12365305       2.91618710      11.95689964
H        8.44883567       6.99010364      10.66366237
H       10.46772074       4.94465426      10.91607597
H       10.17195984       5.92907595      12.16728083
H       10.13810915       4.14657948      12.42271675
H        5.82308598       6.81008448       9.94349487
H        4.62293297       4.76084902      10.50382695
H        6.05122347       1.95781113      11.99180307
O       15.10264593       5.34374141       3.21829122
C       17.24550216       4.24446942       0.44466746
C       16.25472234       4.93406258       1.11533441
C        0.23999262       3.16376211       1.09876361
C       16.06168946       4.68649316       2.50414555
C       17.45902263       4.51090961      16.69120183
C       17.70673850       2.90741709       2.48197436
C       16.77412611       3.69093138       3.16789291
H       15.62234253       5.75981545       0.74983854
H        0.87814089       2.51665849       0.48598908
H        0.75175993       4.94397202      16.75998407
H       17.33182886       3.56912943      16.11093580
H       16.90381147       5.35678912      16.29437420
H        0.46450204       2.13608401       3.02343785
H       16.59260815       3.56033724       4.19347439
H       14.87713074       6.19717266       2.87567561
O       16.36941711      17.59545005      13.50312234
C        0.30526182      17.36748590      16.81011712
C       17.12554551      17.14421585      15.71654560
C        1.35433527       0.60342329      16.63360942
C       17.32677694       0.10730403      14.49065771
C       17.66921745      16.88694217       0.44349670
C        1.54169884       1.21315957      15.42285667
C        0.76079123       0.87739395      14.26856261
H       16.24666022      16.40776519      15.77688466
H        1.93514802       0.83031665      17.47503934
H        0.84440886      16.37121209       0.73697674
H       17.56367051      17.68686892       1.17090008
H       16.89093052      16.19556311       0.50664271
H        2.34194523       1.96313033      15.35117994
H        0.87443755       1.43828839      13.40091383
H       16.40740836       0.55772095      12.82820826
