512
Lattice="17.7128441229 0.0 0.0 0.0 17.7128441229 0.0 0.0 0.0 17.7128441229" Properties=species:S:1:pos:R:3 pbc="T T T"
O       13.24106120       2.69432684       2.78888850
C       10.72450834       2.47530255       5.48226592
C       11.71642582       2.14652056       4.53166112
C       10.41291587       3.85131585       5.65873888
C       12.32638581       3.13146713       3.71628049
C       10.09963543       1.46168215       6.45435546
C       11.09982611       4.81837465       4.90192252
C       12.09818031       4.47430893       3.96644904
H       11.71566724       1.07019099       4.43759799
H        9.57585720       4.23952808       6.21176372
H        9.11314579       1.19726855       6.16914948
H       10.69175884       0.56271366       6.43754137
H       10.05126384       1.91980168       7.44595477
H       10.78816323       5.85883401       4.96812831
H       12.47109074       5.27409573       3.30435298
H       14.00757461       3.32211749       2.62108708
O        4.12335459       8.30775036       2.57627218
C        6.85437298       5.86632973       2.78671195
C        5.98305916       6.90188084       2.34471870
C        6.48114567       5.28425148       3.96323061
C        4.86061258       7.35473490       3.11663252
C        8.01546506       5.58313412       1.92387814
C        5.36958808       5.64409967       4.71929760
C        4.55245615       6.72817161       4.30436121
H        6.11884405       7.33372760       1.36564132
H        7.14059088       4.51628507       4.39639079
H        8.22928194       4.54282773       1.69054714
H        7.89970389       5.98371638       0.90660308
H        8.83325867       5.99604935       2.36773719
H        5.02993900       5.13526059       5.58733784
H        3.61245663       6.92185282       4.83019296
H        3.46899811       8.66816572       3.09826539
O        0.09047581       2.68830818      11.51227778
C       16.69348718       5.49267982       9.29229339
C       17.07687823       4.80336364      10.46444713
C       16.73943232       4.84288919       8.06319242
C       17.40725055       3.42051298      10.46154066
C       16.36619142       6.95579721       9.38001350
C       17.12821345       3.52032590       8.03730431
C       17.32049768       2.84114400       9.25544155
H       17.13521743       5.39651501      11.38495370
H       16.46897105       5.36313652       7.13263111
H       16.31523087       7.45285061       8.35905825
H       15.37308536       7.06970761       9.81587574
H       17.04868245       7.29518642      10.12222695
H       16.96627574       2.95095534       7.20396336
H       17.53707462       1.75606087       9.19727860
H        1.02977212       2.88773265      11.76583727
O        4.86558233       3.77503308       9.81245461
C        3.48732668       1.94955059       6.96355672
C        3.57336120       2.76184788       8.10499038
C        4.63104366       1.42632695       6.40168453
C        4.83604747       3.06148818       8.69814920
C        2.18088195       1.84293611       6.25223600
C        5.95751076       1.63942934       7.01603865
C        6.03006177       2.44984526       8.15142136
H        2.69619390       3.18078011       8.52826192
H        4.58260650       0.77669040       5.50286034
H        2.14516426       1.17595917       5.46234405
H        1.33603784       1.55930647       6.88504344
H        2.05995981       2.73568072       5.74953853
H        6.86474493       1.25326888       6.62464366
H        7.02768255       2.48403877       8.55802989
H        5.76444280       3.77519406      10.12780243
O       10.83364046       8.81714987      10.90836059
C       13.75509838      11.06112185      11.20818011
C       12.43992212      10.65011240      10.87028744
C       14.72394034      10.11937085      11.55444189
C       12.05904006       9.29906761      11.19276066
C       14.07675753      12.51422113      11.07252370
C       14.39033195       8.72886759      11.66446842
C       13.06055370       8.38740034      11.61240233
H       11.79756533      11.39010987      10.52725874
H       15.79179734      10.33276406      11.56760202
H       13.19176180      13.12248349      10.90168992
H       14.44978682      12.81041977      12.08698426
H       14.66523162      12.70503313      10.27509805
H       15.08102885       7.93771526      11.72009399
H       12.82598899       7.29006700      11.59343787
H       10.30902106       9.48848481      10.48036384
O       14.82212379      12.66390411       2.20442965
C       15.10822906      16.01281719       3.91167675
C       14.60917530      15.04547400       3.03650206
C       16.33501641      15.92363787       4.60225261
C       15.29927309      13.78561694       2.89394633
C       14.13056571      17.14909331       4.25265892
C       16.96142701      14.69466104       4.47218857
C       16.44720848      13.61760057       3.71567942
H       13.68420315      15.10827967       2.53102796
H       16.76805669      16.81720737       5.07988631
H       13.05414822      16.88611680       3.98065827
H       14.01325541      17.31804885       5.34652112
H       14.48100911       0.35957515       3.77640745
H        0.22730738      14.48057551       4.91338206
H       17.02317840      12.70104912       3.67640762
H       13.93394925      12.78545829       1.93292750
O        2.25295032      10.05840093       3.65637407
C        5.13310334      11.49263569       5.42789193
C        4.18725692      10.63313397       4.86215860
C        4.82587866      12.88575836       5.45319485
C        3.00094703      11.03468759       4.32735177
C        6.37071020      10.86933714       6.08133704
C        3.59980015      13.30090129       4.90368299
C        2.72756913      12.42947773       4.28410658
H        4.42788572       9.54300299       4.84913470
H        5.42820273      13.63148494       5.92921424
H        7.21941629      10.68555008       5.36642707
H        6.66012601      11.47844274       6.87922023
H        6.14443019       9.85729792       6.54299745
H        3.49047040      14.40417344       4.80987883
H        1.82535532      12.75219979       3.79617183
H        1.54448655      10.36302717       3.13791370
O        3.39127432       6.23709437       8.49355240
C        0.94939058       8.25895644       6.72236150
C        1.79134248       7.89805631       7.78467496
C        0.69776024       7.38630429       5.69323737
C        2.42298672       6.63616156       7.65002496
C        0.43803512       9.71038618       6.64353867
C        1.15979213       6.06460152       5.57671102
C        2.03494723       5.67330582       6.68673025
H        2.10121908       8.56868740       8.57483207
H        0.00149621       7.69522127       4.91219873
H        1.18310392      10.31165525       7.15013715
H        0.43066778      10.07591256       5.67563176
H       17.17983074       9.72654192       7.03413883
H        0.96123242       5.48867359       4.72587816
H        2.38068489       4.69659419       6.58266485
H        3.75046372       5.39978973       8.36340537
O        3.04200796       3.34757413      11.88588630
C        2.16972687       6.92462354      12.47191462
C        2.44456110       5.68435014      11.82673950
C        2.25208943       7.02755186      13.84278312
C        2.72191883       4.51605972      12.52997179
C        1.84604513       8.17204001      11.65777296
C        2.49541839       5.86708036      14.59367780
C        2.74579510       4.62291840      13.95423520
H        2.50768656       5.63480010      10.76299516
H        2.15102613       7.84208527      14.43461532
H        0.80369591       8.53360580      11.57436507
H        2.40219849       8.94119720      12.14270869
H        2.37706435       7.91756283      10.70769071
H        2.58670677       5.92328557      15.67853733
H        3.14350225       3.71325448      14.42113972
H        3.54034403       3.48761498      11.04410434
O        7.13799129       0.89522634      13.14117737
C        3.84393778       0.27938912      14.66182197
C        4.89911338       0.82046143      13.89916143
C        4.08698694      16.81299150      15.37008691
C        6.16215784       0.21362158      13.85884605
C        2.46466863       0.98099251      14.90171756
C        5.31139640      16.13427548      15.22857261
C        6.36649011      16.72671652      14.48726666
H        4.88489806       1.69952226      13.34953848
H        3.20221476      16.40494776      15.98441293
H        2.30316782       1.49863139      14.00284427
H        1.58531768       0.28073330      14.99654252
H        2.47526687       1.56420820      15.86019435
H        5.34837925      15.16625215      15.67730949
H        7.36650142      16.31960051      14.29621223
H        8.03390522       0.78040389      13.48916251
O       16.21045360      14.26290939      13.85460130
C        1.32214083      11.88615073      13.78781078
C        0.13234995      12.46667291      14.16155355
C        2.04844811      12.45513974      12.75069093
C       17.44279331      13.69821577      13.62350554
C        1.70632962      10.51558381      14.29941526
C        1.77057221      13.66735785      12.24809174
C        0.59209737      14.28679041      12.64108861
H       17.23692294      11.85113022      14.85646013
H        2.92445393      12.00958268      12.36712123
H        2.33743330      10.02925588      13.55658298
H        2.29358662      10.71898356      15.14742343
H        0.84850555       9.77905706      14.47670916
H        2.39801616      14.14651334      11.50140221
H        0.33932097      15.32538138      12.43207073
H       16.03185728      14.99137614      13.23049508
O        9.65264093      13.51629730       9.82680979
C       11.72864436      13.97835717       6.89046924
C       10.78475107      13.39135444       7.75441233
C       12.17343428      15.29205664       7.14090659
C       10.44389579      14.06846673       8.92326476
C       12.36228605      13.31370468       5.66167732
C       11.90458330      15.97046894       8.36371700
C       10.98126276      15.30620384       9.23547601
H       10.49812224      12.35192783       7.61484180
H       12.76525946      15.78024051       6.39254840
H       12.52605856      12.24453916       5.84705559
H       11.86304161      13.50725603       4.67962585
H       13.33635599      13.76713306       5.46962549
H       12.18238084      16.99297699       8.47828419
H       10.55739186      15.89516154      10.03778574
H        8.87933432      14.05393345      10.12046179
O        9.92104109       8.49630983       0.29023576
C        7.15745214      10.82208415      17.47562121
C        8.34198219      10.28223599       0.34547247
C        6.44866710      10.04691725      16.56260046
C        8.73557393       8.98568964      17.58384095
C        6.74177596      12.21015689       0.06057502
C        6.77605000       8.71787806      16.35029426
C        8.00433888       8.18482570      16.71289894
H        8.93709351      10.94905751       0.98874129
H        5.51454747      10.38302526      16.14109534
H        6.16881780      12.63770545      17.00436603
H        6.19427302      12.22921512       0.97075209
H        7.63044632      12.89177492       0.12830356
H        6.03909476       8.26436252      15.73597348
H        8.37437590       7.24103387      16.21458178
H       10.16060222       7.62380240      17.65364422
O        9.40179657       1.51737955      14.49321613
C       12.01307427      16.74627396      13.76909023
C       10.85119083      17.54430808      13.60574779
C       12.90315307      16.92403562      14.85393542
C       10.60914502       0.83594237      14.57112004
C       12.28785876      15.71722722      12.78699712
C       12.70432398       0.26988322      15.72847987
C       11.51046321       1.07385359      15.63588520
H       10.08236037      17.31715422      12.84371687
H       13.81502516      16.35499695      14.99462318
H       12.67322566      14.88553649      13.32288840
H       11.36470563      15.40912602      12.29924825
H       12.93549646      16.08331733      11.96021125
H       13.33298767       0.50501737      16.51773390
H       11.37631504       1.83158693      16.30934252
H        9.22513691       1.86168190      15.31079361
O       15.55309359       9.75394100       2.93790392
C       14.42357135       7.89291600       5.96524326
C       14.99873598       8.14932234       4.68011839
C       14.29204886       8.91874153       6.91130641
C       15.23247465       9.46685703       4.27091559
C       13.98062291       6.42915704       6.18926901
C       14.74286408      10.18827688       6.56329572
C       15.21947645      10.44317538       5.26470557
H       15.10765250       7.29894823       4.05124267
H       13.85464933       8.79048403       7.90158394
H       14.09684133       5.96501400       7.12788219
H       12.91119281       6.38612699       6.01429023
H       14.38422064       5.69950569       5.45473392
H       14.65351770      11.04857869       7.25668670
H       15.46691383      11.43542790       5.00407420
H       15.54629017      10.69358483       2.73018845
O       10.90298275       9.84511554       2.42881412
C       10.70045475       9.23339596       6.08738541
C       11.19733368       9.68874497       4.84775616
C        9.52048531       8.47449061       6.15377178
C       10.53460324       9.43689616       3.64856355
C       11.31456904       9.66051368       7.45643708
C        8.78007323       8.35053874       4.97171509
C        9.31471562       8.77531860       3.72700657
H       12.20946287      10.15509367       4.79311649
H        9.21633618       8.13783548       7.15680376
H       11.87728253       8.78966298       7.77044909
H       11.82884742      10.65050729       7.40932074
H       10.46203339       9.92407757       8.19609701
H        7.80664895       7.89734489       5.10619188
H        8.70109815       8.79555700       2.86645173
H       10.55946659       9.42892165       1.67519054
O        7.99673120       3.33506484      16.49957493
C        4.62122267       2.36641541      17.59661620
C        5.92629093       2.30113822      17.22317904
C        3.95073128       3.62507482      17.50731877
C        6.68624277       3.40991680      16.76619570
C        3.94392316       1.17766113       0.61014036
C        4.66617267       4.70690087      16.96090608
C        5.98526313       4.59415641      16.49776647
H        6.28040652       1.24947549      17.33058675
H        2.97234821       3.74822554       0.06379388
H        2.85961060       1.24570971       0.71316699
H        4.20434640       0.30430510      17.70736991
H        4.38803537       1.12258747       1.60701612
H        4.32437064       5.73542903      16.92403646
H        6.65455306       5.34234067      15.98320216
H        8.41662066       4.20018837      16.33499737
O        5.88523197      16.78887499       4.44673149
C        3.20444040      16.06969816       2.12793646
C        3.88547632      16.53255040       3.24164670
C        3.95950480      15.44353306       1.07838114
C        5.27310705      16.40498354       3.31029081
C        1.72327503      16.18721576       1.99884305
C        5.33769416      15.32668244       1.18137308
C        6.03886241      15.72220439       2.31075431
H        3.41804300      17.06834529       4.07792221
H        3.48908517      15.19443824       0.11280235
H        1.31874143      15.47935815       1.29884715
H        1.20078321      15.97207446       2.94827320
H        1.47702056      17.18233599       1.60040988
H        5.81650549      14.94610568       0.33167441
H        7.04524080      15.60769182       2.38645340
H        6.79358145      16.49876116       4.45757062
O       10.26649826       7.46712740      13.17770292
C        6.62999719       7.63943491      12.85562602
C        7.95789824       8.06281232      12.86029787
C        6.27197977       6.27783855      13.17925304
C        8.96701532       7.13496545      13.15135285
C        5.53009275       8.57959974      12.46224582
C        7.29143715       5.33623012      13.47905264
C        8.61772821       5.79504786      13.39841137
H        8.25087838       9.09236096      12.71347372
H        5.24531113       6.06929304      13.17027069
H        5.06537675       8.27080191      11.54631074
H        4.84677521       8.69944069      13.32688057
H        6.03795945       9.46770182      12.15187768
H        7.07909902       4.35381047      13.87239636
H        9.43938004       5.16167440      13.66482562
H       10.43893689       8.17501225      12.55253884
O       14.57624706       7.57365612       1.16048914
C       15.73574377       7.68968855      15.31622530
C       15.34930904       7.21749838      16.58405341
C       15.75653873       9.08466784      15.16499612
C       14.95035484       8.06670176      17.69179850
C       16.17930481       6.78086897      14.11710943
C       15.38680583       9.95601742      16.19814899
C       15.03667616       9.48905698      17.46378454
H       15.22317648       6.19111454      16.62537602
H       16.21540456       9.52327097      14.25235668
H       16.88304370       7.31526127      13.49857656
H       16.67723681       5.90923628      14.54945996
H       15.40205478       6.36808885      13.51085086
H       15.51011688      11.02111060      16.05604308
H       14.79062164      10.18395274       0.46944961
H       14.70467475       8.26939661       1.76299957
O        9.01188939      10.74940540      10.49206196
C        5.51757704      10.36887245       9.39922766
C        6.77954050      11.00396756       9.80689026
C        5.50644447       9.00346033       9.09630152
C        7.89640998      10.27635563       9.92381252
C        4.21556090      11.24037904       9.21493267
C        6.70636460       8.24318348       9.14481734
C        7.85544553       8.90422495       9.55111218
H        6.84609059      12.09439280      10.00176836
H        4.48594780       8.57856675       8.82717067
H        3.37108273      10.77567935       9.76745964
H        4.38792047      12.22757528       9.60993517
H        3.94552147      11.23724210       8.18468184
H        6.68859031       7.15946632       9.06333680
H        8.78930748       8.26794528       9.65029951
H        9.19417561      11.73087386      10.37372211
O        0.42660884       9.82011890       1.74825308
C        0.59281175      12.91485646      17.58363369
C        0.12008593      11.79104747       0.53765402
C        2.00863759      12.91734884      17.28759413
C        0.98153109      10.78279956       0.93005423
C       17.34927459      14.00992420      17.17737885
C        2.89355504      11.92715732      17.66134030
C        2.36103769      10.87569007       0.63524054
H       16.80986514      11.92565149       0.77843841
H        2.44097019      13.67327784      16.72465655
H       16.39842823      13.63017966      16.82129680
H       17.16712339      14.59823756       0.36872476
H       17.55631099      14.77408418      16.36044669
H        3.94670789      11.97621499      17.49310499
H        3.06508036      10.09261237       0.89002082
H       17.20162447       9.74831957       1.59892969
O       15.61857145      16.31337423      12.20204055
C       15.78046965      15.38921466       8.67531615
C       15.91030284      15.37383968      10.07853459
C       15.12363559      16.42718929       8.00579855
C       15.50904230      16.45584598      10.84905001
C       15.95634762      14.07473775       7.84400513
C       14.86695391      17.62863314       8.81658573
C       15.06935642      17.65993053      10.23057390
H       16.22147975      14.49865325      10.59359342
H       15.00105859      16.43105390       6.91366177
H       16.95607856      14.11692454       7.42782144
H       15.88512185      13.18277708       8.45020687
H       15.11364792      14.09347658       7.16529629
H       14.51190834       0.83386151       8.35282423
H       14.77012645       0.86079133      10.87393697
H       15.80507551      17.10674424      12.67410491
O       12.37236813      12.34929870       1.32861007
C       12.27659354      10.92715433      15.70782444
C       12.08010012      11.06690694      17.06580960
C       12.91463236      11.94795652      14.97785252
C       12.57255979      12.21072590      17.68068326
C       11.69389471       9.75624955      14.94986888
C       13.54375972      13.00980344      15.61702435
C       13.23786174      13.22413478      16.98699704
H       11.56099260      10.30724126      17.65729708
H       13.14465338      11.74697006      13.91323357
H       12.50343099       8.93843504      14.90672207
H       10.81630625       9.41663305      15.48461309
H       11.29368327       9.93586862      13.98123344
H       14.09426095      13.74934992      15.14677690
H       13.64814763      14.01033226      17.50140486
H       12.13810543      11.50089035       1.67253224
O       10.92701154       6.67788820      15.90268298
C       13.25066190       4.23708725      14.31719476
C       12.27470290       5.20210796      14.47469868
C       13.78553479       3.57965150      15.43162458
C       11.79881630       5.53997029      15.76739017
C       13.68482558       3.83797102      12.89097390
C       13.38481452       3.88424977      16.70874075
C       12.38426046       4.89371734      16.88241239
H       11.78375056       5.63211749      13.64836715
H       14.59729435       2.89109978      15.30468010
H       13.95226897       4.73264812      12.30310619
H       14.64160448       3.33170657      12.81443777
H       12.93915280       3.17701589      12.50304777
H       13.81772584       3.45576134      17.65057083
H       12.21378388       4.98580153       0.26326977
H       10.83543939       7.09732341      15.05725830
O        6.15452332      15.59712656       8.78230633
C        3.11339011      17.01638843      10.30189581
C        4.45371520      16.55056466      10.14570650
C        2.27821882      17.00878592       9.18138836
C        4.92114008      16.10157320       8.90853394
C        2.64628448      17.42581020      11.63686550
C        2.74113098      16.54408132       7.95604797
C        4.02141376      16.10395791       7.76160041
H        5.16368631      16.41597737      10.92730652
H        1.25681746      17.38914495       9.16545317
H        3.57936542       0.19116397      11.92067266
H        1.85347302       0.41854110      11.48987719
H        2.27886770      16.63197261      12.28874415
H        2.10142464      16.48528738       7.04585092
H        4.40625985      15.75311287       6.84655613
H        6.45023290      15.30106978       7.91985438
O       12.28387154       0.35691241       1.49564480
C        9.46478320      16.30424544      17.68566341
C       10.74046007      16.65030517       0.30665735
C        8.37050736      16.98850516       0.50659332
C       10.99583226       0.06083071       1.19089797
C        9.21933490      15.19619977      16.63236906
C        8.59907111       0.34247377       1.37774294
C        9.87663003       0.74365801       1.75476039
H       11.62759440      16.15256067      17.66534132
H        7.33744796      16.71840951       0.19186134
H        9.88728466      15.47820581      15.84105757
H        9.51964234      14.16835548      17.04881510
H        8.17570099      15.04385984      16.25969901
H        7.83935005       0.86850057       1.93944735
H        9.99313642       1.52786299       2.44241695
H       12.41985839       1.24234487       1.86856552
O        7.82021835      14.17623088       7.29432695
C        9.15400089      14.32777161       3.68794131
C        8.51826586      13.86235731       4.89745616
C        9.57812269      15.64990909       3.67890611
C        8.35578968      14.64324286       6.06696361
C        9.25288474      13.42911793       2.52367737
C        9.33034597      16.53666323       4.81846716
C        8.72372948      15.99871760       5.95293467
H        8.20349546      12.82306249       4.95293742
H       10.10474633      15.86630166       2.79503501
H        9.74997664      12.46489514       2.71290231
H        8.23412323      13.14049830       2.26419781
H        9.70166775      13.98369863       1.73598983
H        9.65054457      17.54447374       4.71119500
H        8.63057956      16.67097600       6.85883341
H        7.77694692      13.21145507       7.27378701
O        7.70949187      15.11764772      10.76300057
C        7.99770286      12.93469901      13.65168803
C        8.35518790      13.76512598      12.61409286
C        6.59293659      12.69172962      13.92669649
C        7.33169409      14.30299704      11.79657359
C        9.00957748      12.42907212      14.57221690
C        5.64264453      13.12199120      13.03898435
C        5.95983930      13.93710243      11.97426535
H        9.33573652      14.16228862      12.39124393
H        6.28877971      12.08873884      14.77030221
H        9.44375925      11.45498634      14.16343564
H        9.84129199      13.16221041      14.73653015
H        8.48650301      12.14880315      15.50989422
H        4.64785361      12.80178922      13.11216999
H        5.13985438      14.21821547      11.34874819
H        7.16301030      15.46560774      10.10381747
O        7.43587106       2.91466799      11.31334310
C       10.86844907       2.52319432      10.02677994
C        9.66279956       2.15533471      10.66391905
C       11.04342470       3.77250639       9.43331576
C        8.65363035       3.12641648      10.66953579
C       11.94636230       1.54326241      10.07623129
C        9.95429934       4.67087843       9.46458254
C        8.75521814       4.37512212      10.03983299
H        9.64280414       1.17381687      11.18424604
H       11.91711481       4.15688846       8.99799130
H       12.22846124       1.43422100       9.00056450
H       12.77020683       1.84608168      10.77027643
H       11.59685790       0.49117439      10.24815899
H        9.99865443       5.60794450       9.01601224
H        8.01357300       5.20086093      10.13992984
H        7.38412982       2.09927658      11.79978359
O       15.01184091       4.90350293       2.09074131
C        0.96793153       5.08797213       1.86981043
C       17.34012665       5.41921794       1.67097402
C        1.21015378       3.91286273       2.55689988
C       16.31962369       4.59646619       2.12918849
C        2.01894457       6.07322452       1.46600896
C        0.23986764       3.03113747       3.01661781
C       16.63433859       3.37236952       2.77374553
H       17.20509828       6.37917904       1.21398222
H        2.17911466       3.60696933       2.75473566
H        2.01497449       6.05036006       0.38943657
H        1.79154187       7.02765418       1.84554613
H        3.05725741       5.78832593       1.74509324
H        0.49436850       2.12735091       3.49021248
H       15.91037955       2.72994733       3.20283596
H       14.88739504       5.79417935       1.66444145
O       16.61902035       0.97509170      13.26183955
C       16.92942970       0.99581656      16.92889799
C       16.77306415       0.53318691      15.56223386
C       17.29878814       2.29713122      17.19000095
C       16.89445560       1.40482834      14.47122335
C       16.71771965       0.04800584       0.40590107
C       17.56277065       3.17789673      16.09923059
C       17.34753557       2.72230911      14.73286842
H       16.45513713      17.14008501      15.46070508
H       17.54764176       2.62791124       0.43680572
H       15.81738562      17.21648042       0.29210566
H       17.57441200      17.05197712       0.24175922
H       16.77200038       0.50882268       1.34372749
H        0.26793779       4.17311816      16.12269206
H       17.43747137       3.37538630      13.86095031
H       16.89271236       1.73850886      12.66939329
