512
Lattice="17.7128441229 0.0 0.0 0.0 17.7128441229 0.0 0.0 0.0 17.7128441229" Properties=species:S:1:pos:R:3 pbc="T T T"
O       12.69057198       4.24753393       4.87099266
C        9.96949743       4.99327077       7.25805748
C       10.68103197       4.34807035       6.14982132
C       10.60656532       5.92004409       8.09226540
C       12.05677108       4.71669922       5.95215418
C        8.52493514       4.67346125       7.49128062
C       11.91804991       6.22610200       7.87388500
C       12.67748655       5.62156017       6.81596553
H       10.17925023       3.73626579       5.40779886
H       10.08983141       6.37442942       8.97350092
H        7.91133670       5.41799825       8.04815937
H        8.02400030       4.50479330       6.50765529
H        8.43363373       3.70010257       7.98924539
H       12.41592260       7.00804486       8.45124609
H       13.78116237       5.92697941       6.71657192
H       13.03736746       4.99896053       4.34895771
O        5.56884720       3.92262117       3.94106951
C        8.77257911       5.89302875       3.50642391
C        7.81330934       4.83780259       3.46654962
C        8.41141864       7.04609602       4.22835435
C        6.52599232       4.89191731       4.08699502
C       10.12636547       5.76025837       2.80724876
C        7.13303583       7.14292653       4.89696416
C        6.18421866       6.06185988       4.80844789
H        8.14953217       3.94006015       3.01512760
H        9.18566973       7.86465029       4.17243329
H       10.69547974       6.74278070       2.77310821
H       10.66965818       4.88063863       3.21514225
H        9.79098812       5.72967567       1.79279598
H        6.85512055       8.03034527       5.32365064
H        5.33525049       6.17383673       5.33653117
H        5.88682515       3.09301944       3.55774886
O       16.99622053       1.31272083      10.96441343
C       14.70946468       2.16455014       8.21301419
C       15.89381251       2.01459226       8.99408398
C       13.50610744       1.73171642       8.75928880
C       15.87739338       1.46959532      10.24391397
C       14.83911901       2.83567270       6.87414834
C       13.47600625       1.18085483      10.04571073
C       14.65580487       1.03672142      10.78087719
H       16.85470235       2.35094483       8.74999516
H       12.60789016       1.85824795       8.18555182
H       15.86907614       2.87572587       6.45903504
H       14.16475647       2.48005060       6.10657248
H       14.59037487       3.93308239       7.09412071
H       12.47582256       0.79834138      10.41570332
H       14.58073696       0.67979190      11.82479949
H       17.63987005       1.88357012      10.65526153
O        3.86250233       3.15167768      10.09777199
C        3.29993430       2.05855264       6.72092781
C        3.33398984       2.92184018       7.83914683
C        3.86327855       0.76416792       6.77651700
C        3.99589333       2.44289302       8.99629480
C        2.43511358       2.50534929       5.47224223
C        4.60853599       0.38293124       7.87914527
C        4.64766984       1.19819006       9.01661998
H        2.76475969       3.87851072       7.78050783
H        3.71454074       0.01575193       6.03805472
H        2.16533730       3.54189706       5.63514506
H        2.85107587       2.38923071       4.47017152
H        1.59334612       1.82505744       5.51965941
H        5.21077082      17.19158496       7.91357580
H        5.15932198       0.72587028       9.84469449
H        4.51582945       2.93696709      10.74443233
O       12.53317768       7.80680324      10.68329827
C       14.89421830      10.40231403      11.90484498
C       13.67724871       9.84307996      11.39499949
C       16.09104043       9.69895460      11.86674785
C       13.68286769       8.51688543      10.94204802
C       14.92839002      11.89613184      12.34079232
C       16.13405260       8.45418114      11.33057024
C       14.90575032       7.80844922      11.00011031
H       12.71980643      10.25925994      11.37557420
H       17.05211220      10.24248266      12.17501817
H       14.08201276      12.50057074      12.09749053
H       15.11730289      11.96810609      13.44145134
H       15.78392904      12.36292742      11.88398053
H       17.06342806       7.87422605      11.24562383
H       14.79888959       6.76665237      10.71169403
H       11.83856973       8.41576563      10.67969482
O       15.01183927      14.05153440       1.71870133
C       15.08668280      16.17131040       4.67430687
C       15.38421104      15.73611946       3.33928108
C       14.24418259      15.45027194       5.59582685
C       14.87111817      14.49249289       2.93850762
C       15.47861574      17.58204552       5.15119593
C       13.83674541      14.14168683       5.16253357
C       14.11164403      13.74168005       3.81657781
H       16.06910758      16.31249851       2.77902913
H       14.03407170      15.79359229       6.55613437
H       15.14997751      17.69670647       6.25532465
H       16.55960161      17.60144287       5.27340032
H       15.14744959       0.72160547       4.51500431
H       13.24324993      13.58980839       5.84031102
H       13.59667059      12.90685024       3.47478879
H       14.38686312      13.38307726       1.35876444
O        0.95138724       9.93573867       0.49980662
C        2.44924619       7.42886934       2.96254771
C        2.00310614       8.11319390       1.72045724
C        2.16171644       8.17138837       4.12912227
C        1.33781043       9.34531138       1.69721389
C        2.96910696       6.03162870       3.00394737
C        1.48978555       9.39973931       4.07386463
C        0.99126565       9.93937404       2.89449483
H        2.10998034       7.71601374       0.73457147
H        2.47282599       7.76361315       5.09554744
H        3.46523647       5.94406259       3.97098271
H        2.10187083       5.39695707       2.96684829
H        3.64605073       5.80872724       2.15012670
H        1.31192109       9.80504697       5.05671105
H        0.42686383      10.89465270       3.01627390
H        0.89000795      10.90410953       0.56599257
O        1.82147332       7.38584868      10.75415137
C        3.42015997       8.86152143       7.74841144
C        2.58641664       8.70978971       8.89086258
C        4.21987902       7.72941544       7.29364502
C        2.49100062       7.48738459       9.56794274
C        3.56628509      10.24899028       7.05763928
C        4.10364468       6.53568021       7.96312507
C        3.28742143       6.40079922       9.08733762
H        2.18103167       9.56011713       9.34523060
H        4.87955334       7.83163498       6.45746576
H        3.47873147      10.15203623       6.06094547
H        2.91672325      10.98111754       7.48245524
H        4.52653640      10.59908745       7.00316818
H        4.53262451       5.60756560       7.59265692
H        3.18075684       5.42329592       9.55006216
H        1.84963916       6.48944184      11.04792728
O        1.21662920       3.55383348      10.83293613
C        0.02071607       5.90385367      13.40494638
C        0.03629073       5.08433884      12.21721448
C        1.21026586       6.24963199      14.10957076
C        1.23502894       4.36874677      11.92215884
C       16.44621044       6.46162231      13.93970664
C        2.41967589       5.61015776      13.73258030
C        2.39767121       4.57889608      12.69772742
H       16.87000783       4.85537715      11.68176296
H        1.19732346       6.88483376      15.00810763
H       16.59825863       7.37874542      14.46425418
H       15.68766474       6.59633947      13.17600539
H       16.00371010       5.69129345      14.60301236
H        3.37291375       5.94316931      14.21863173
H        3.26545174       4.03757493      12.44639704
H        2.11699845       3.26493633      10.59243033
O        6.90660414       0.52924270      12.61444005
C        4.12375923      16.36904364      13.99355463
C        4.84084248      17.11440037      13.10108993
C        4.48552815      16.34744459      15.34456436
C        6.16317003      17.53950371      13.44273064
C        2.81030125      15.78634390      13.55538053
C        5.72218966      16.83452309      15.79054606
C        6.60197068      17.42734145      14.84326451
H        4.51410505      17.03918927      12.09774833
H        3.82173049      15.64583405      15.93904729
H        1.90364105      16.28933104      13.75466917
H        2.87218434      15.46487332      12.55033871
H        2.65052659      14.93331695      14.16273642
H        6.04020372      16.74828148      16.78129084
H        7.51817573       0.14899602      15.17979624
H        7.69939505       0.92285349      12.99753914
O        1.25529664       9.75626390      15.47104618
C        4.82366444       9.08159390      15.29704497
C        3.57781226       9.48339055      15.76939776
C        5.03186098       8.59699421      13.94836272
C        2.46655955       9.43883057      14.94483823
C        6.01343120       9.08465120      16.28040140
C        3.83407135       8.62235599      13.15037564
C        2.60567548       9.07267673      13.54992472
H        3.46140452       9.71309126      16.83413367
H        5.99733057       8.28478997      13.64352265
H        5.70402786       9.08451389      17.38097560
H        6.72115354       8.26837444      16.12906831
H        6.54132909       9.98080505      16.10760131
H        4.03194099       8.03449127      12.23268685
H        1.70960156       9.17841256      12.89184367
H        1.31618802       9.66305679      16.44119194
O        7.73157701      14.08083032       8.66220243
C       10.05054765      16.78241808       8.14698702
C        9.49671465      15.50686735       8.05707333
C        9.45623123       0.08420992       8.92224281
C        8.27833028      15.29558503       8.66310564
C       11.45878283      17.00535823       7.55396543
C        8.20719617      17.54667535       9.52518821
C        7.67627947      16.26574261       9.48585872
H       10.06392289      14.79479727       7.43739558
H        9.93421522       0.99978374       8.99005429
H       12.16595179      17.31077850       8.28322016
H       11.94849157      16.13183486       6.99980423
H       11.39877360       0.04004505       6.82594214
H        7.68349019       0.64902470      10.03006197
H        6.81568715      16.02333600      10.02016958
H        6.74660668      13.98715724       8.92344970
O        9.42260884      10.01988534       1.01624264
C        6.15476240      10.95688232       2.48728131
C        7.31884821      10.20607164       2.08467111
C        6.01362635      12.23327617       1.85833000
C        8.30089692      10.76680381       1.28762119
C        5.18452799      10.33830380       3.49136228
C        6.95569713      12.69777873       0.95702085
C        8.09900855      12.00283965       0.73995901
H        7.45332484       9.14235500       2.38146325
H        5.11002368      12.82205105       2.03647961
H        4.54840181       9.63156536       2.93874853
H        5.67083899       9.72615270       4.25251837
H        4.70965710      11.06231511       4.05269873
H        6.96794400      13.65341132       0.57356183
H        8.79393229      12.50158016       0.10074553
H        9.87731862      10.39078387       0.23216308
O        9.05307754       1.35580852      13.75589975
C       11.44571143      16.64608930      12.18422088
C       10.27630487      17.29160260      12.50999465
C       12.61114149      17.00938554      12.86852294
C       10.26660553       0.71299482      13.41093039
C       11.52971621      15.51384225      11.20258886
C       12.63396157       0.41468015      13.77900441
C       11.48157015       1.09277737      14.04523157
H        9.35651569      16.80785653      12.17164609
H       13.48759607      16.35883398      12.60573091
H       12.12786406      15.72363379      10.25199841
H       11.65390583      14.51115683      11.64194487
H       10.57318814      15.46079421      10.77839262
H       13.57158428       0.73524957      14.13780444
H       11.51457823       2.02150352      14.58580271
H        9.23825188       2.14957189      14.29759067
O       16.52370330       7.92003422       3.56422538
C       17.02791357       6.31079341       6.75148253
C       17.11946301       6.58069459       5.39540254
C       16.19490922       7.13885019       7.56172789
C       16.26187939       7.57019718       4.79974851
C        0.07641121       5.15145346       7.37793939
C       15.32475720       8.16072967       7.01372506
C       15.42045147       8.37777117       5.62474860
H        0.10402368       5.99109941       4.77103469
H       16.27649002       7.10364762       8.64568371
H        0.90497228       4.83618605       6.72821526
H        0.56691147       5.46023864       8.27678299
H       17.16836951       4.34933051       7.68787329
H       14.67624242       8.72623901       7.63563929
H       14.75936513       9.19212345       5.27076573
H       17.29477992       7.58228966       3.24513039
O       10.78590901      11.80227063       2.73532596
C       11.72773096      10.89237757       6.30045503
C       11.23471334      11.63977032       5.13457738
C       12.07967632       9.55363249       6.11238814
C       11.20669645      11.10042843       3.82011836
C       11.82428079      11.44224729       7.70329843
C       12.04581888       9.00618198       4.84249016
C       11.58138326       9.73406837       3.70264480
H       10.95924470      12.63324244       5.28388496
H       12.34911017       8.91009937       6.93616752
H       12.65870818      12.02273961       7.78393285
H       10.96811750      12.06293382       7.82014497
H       11.77838409      10.70611056       8.48692851
H       12.31926638       8.00282608       4.82251976
H       11.61645184       9.11913550       2.81056899
H       10.11037516      11.33285827       2.28477889
O        9.65277863       3.61718725      15.26291068
C        6.08136869       3.89083387      16.41300958
C        7.28729621       3.42607936      15.71984410
C        6.13189402       5.00106613      17.28153588
C        8.54376515       4.06589426      15.95599688
C        4.80232903       3.20393490      16.04750909
C        7.36605106       5.61126513      17.45173555
C        8.54576011       5.18177617      16.84702982
H        7.14921936       2.47419138      14.98793543
H        5.33014244       5.43015835       0.04972271
H        4.14912634       3.83279355      15.39779162
H        4.96259584       2.29246324      15.46024656
H        4.20082591       3.11630285      16.93679792
H        7.46731882       6.45806322       0.39599510
H        9.46898459       5.79380662      17.11550065
H       10.27324522       4.31868844      15.53696970
O        5.96699636       2.43678736       1.31639805
C        5.22288937      16.66684781       2.42352291
C        5.02800817       0.31895872       2.14803687
C        6.37510595      16.05575983       1.98406217
C        6.03681110       1.09483171       1.51535644
C        4.09854589      15.80115980       3.04339519
C        7.43456108      16.80714950       1.47501577
C        7.23188647       0.44125212       1.14055232
H        4.10066155       0.71311641       2.51556667
H        6.59574810      15.06104867       2.20850906
H        3.10615697      16.19975620       2.72919862
H        4.28975236      14.70316853       3.00986421
H        4.15272727      16.08905597       4.07656516
H        8.37429814      16.32856567       1.27302631
H        7.97827362       1.03808432       0.66216515
H        6.67592434       2.77236254       0.82777881
O       10.41792003      11.17354373      16.58058284
C        9.16093907      11.13165246      13.02288135
C        9.79677808      11.56625410      14.23600034
C        8.59032506       9.83456178      12.98155646
C        9.88284810      10.71987593      15.38727521
C        8.99502835      12.09370559      11.84569759
C        8.74609014       8.96262852      14.07537621
C        9.31194322       9.37849115      15.29248677
H       10.24761137      12.54420720      14.38478706
H        7.97079492       9.36145452      12.20962683
H        8.65980371      13.07157443      12.30044059
H       10.06006908      12.23380731      11.44551578
H        8.29453585      12.00272166      11.02862492
H        8.51784699       7.91733556      13.94013261
H        9.28585399       8.76655724      16.15555532
H       11.16985597      11.75118386      16.48398761
O       13.48786641       7.98093204       1.65313917
C       13.39788834       8.14820508      15.74615796
C       13.11884639       7.85809283      17.10941794
C       14.56926100       8.99176140      15.57247014
C       13.92239251       8.34903835       0.42366273
C       12.48890078       7.71995577      14.58973343
C       15.31088564       9.54035531      16.65822365
C       14.98343404       9.16905922       0.25894357
H       12.29702309       7.19620564      17.34118494
H       14.81590832       9.34132429      14.59184983
H       13.04278376       7.11504429      13.91768756
H       11.73654674       7.14019664      15.08637701
H       12.12712739       8.46917160      13.89568783
H       15.98584232      10.33165106      16.44998126
H       15.51662698       9.58965154       1.07822743
H       14.05048165       8.29983376       2.38252347
O        8.24983019      12.06744721       6.96857078
C        6.85189245       9.62631121       9.28615133
C        7.14124828      10.86582927       8.67375405
C        7.31437547       8.35040800       8.79470873
C        7.97655363      10.79905063       7.51116614
C        5.92951766       9.58357431      10.41618126
C        8.20323639       8.36299116       7.66043679
C        8.47514147       9.60197720       7.02534964
H        6.80487173      11.74775649       9.11501182
H        7.16284083       7.48602136       9.42354471
H        6.12446303       8.64086074      10.95314874
H        5.92887839      10.33856364      11.21364427
H        4.93522117       9.47750755      10.02235453
H        8.55176124       7.47262965       7.25267534
H        9.18235458       9.57062133       6.25708523
H        7.96780785      12.79906720       7.50523560
O        0.12579572      13.80533220       1.87052683
C        0.72217037      13.31258433      15.94347571
C        0.01861707      13.54631742      17.13908445
C        2.09928715      13.11497064      15.84253303
C        0.73992520      13.61460367       0.62963021
C       17.62800937      13.11888861      14.65903452
C        2.80454007      13.19031212      17.09473519
C        2.16979273      13.48358419       0.57495737
H       16.64109133      13.56997431      17.24713595
H        2.54046602      12.86379705      14.88515705
H        0.40925741      13.45051791      13.73330213
H       17.43863570      12.02317022      14.53336516
H       16.59278135      13.56004942      14.66296532
H        3.82862238      12.96781038      17.12565434
H        2.75403849      13.38427428       1.51795935
H       16.90269856      13.82566345       1.88621679
O       17.15083984      14.98668945      11.57296445
C       16.45370048      12.75281464       8.71456199
C       17.16208588      13.32963097       9.76863318
C       15.19109948      13.30072864       8.32281424
C       16.57839174      14.38151235      10.48934016
C       17.06963936      11.59371421       8.01333283
C       14.64701557      14.40777143       9.02757164
C       15.36824377      14.98565106      10.11603820
H        0.45366558      13.04550380      10.02505222
H       14.66545239      12.82008367       7.44760169
H       16.45991262      10.80572196       7.62722814
H       17.69490431      12.02726348       7.13760379
H       17.66581952      11.17047050       8.73677231
H       13.70726618      14.71728670       8.63155342
H       15.04571499      15.91291235      10.64400543
H       16.73851792      15.76870494      11.84379487
O       12.72906429      12.69425488       1.12769657
C       11.15522918      14.47185500      16.01776489
C       11.34295142      13.88351927      17.31408344
C       12.16506434      14.46825657      15.05564907
C       12.55550742      13.21797511      17.64927441
C        9.91132472      15.17138443      15.63748657
C       13.30959849      13.68202922      15.29740131
C       13.51097860      13.10205782      16.58212022
H       10.59067804      14.04880654       0.34875401
H       11.93793047      15.02421698      14.10451486
H        9.31350902      14.48474008      15.04075034
H        9.24445741      15.61147628      16.39173943
H       10.18134726      15.89550238      14.83780863
H       14.05219552      13.67775514      14.46322930
H       14.44741727      12.56578786      16.64487611
H       12.05395263      12.80829207       1.81139321
O       11.61874848       4.99357597      16.55793860
C       13.94252802       3.80290996      13.80029583
C       12.78325258       4.31184802      14.47561783
C       15.09666952       3.35855877      14.48938281
C       12.75301534       4.44412304      15.91029747
C       13.96421605       3.97919779      12.29314164
C       15.08401054       3.48990275      15.91156515
C       13.90631162       3.92328001      16.58241999
H       11.85813242       4.54485005      13.83381105
H       16.04247486       3.22887780      14.07010733
H       13.53864077       4.94575371      12.02251704
H       14.99297707       4.05479547      11.94107846
H       13.36934340       3.23410603      11.77646778
H       15.88141917       3.10954770      16.51914530
H       13.87192474       3.90528317      17.63153752
H       11.52246480       4.72564800      17.44504662
O        4.36340747      13.70602064       6.32290400
C        1.45668829      15.81227267       6.68084059
C        2.68994009      15.23130378       6.90844239
C        0.58227928      15.27848687       5.73899003
C        3.04832343      14.15289274       6.10605156
C        0.96120715      16.92467435       7.49788124
C        0.93158422      14.14970342       4.96382819
C        2.16214451      13.59544611       5.18106533
H        3.40773207      15.72264567       7.59173556
H       17.27292878      15.68406859       5.48786299
H        0.32901930      16.55463614       8.29105182
H        1.71490506      17.43927157       8.01952392
H        0.38969550      17.58484645       6.74445529
H        0.17557391      13.65433129       4.39875233
H        2.45157177      12.71964533       4.57413162
H        4.90988186      13.39809693       5.60740663
O       11.22144413       2.36384236       3.42684701
C       13.05648853       0.77886169       0.81395550
C       12.80445535       1.45626905       1.96715832
C       12.07837563       0.60267194      17.58870030
C       11.49166912       1.86248742       2.22731112
C       14.45146307       0.21058860       0.46766246
C       10.82534145       1.11239285       0.05517137
C       10.46855335       1.69139938       1.27783052
H       13.63457790       1.55381700       2.68669915
H       12.33921948       0.19762667      16.66584089
H       14.67446738       0.03942675      17.11895725
H       15.18352906       0.89842827       0.91956727
H       14.63018228      16.90952252       0.86085101
H       10.02244554       0.98245531      16.99390931
H        9.48716190       2.06211011       1.42985803
H       11.96764853       2.74290716       3.79160163
O        6.76361980      13.02144437       5.02572590
C        9.39790097      15.41133013       4.06955600
C        8.78692769      14.15850510       4.35160325
C        8.78906338      16.66938788       4.36316739
C        7.47794529      14.17893224       4.87367607
C       10.79068079      15.57699049       3.43786103
C        7.54827427      16.64791220       5.00567712
C        6.92626260      15.41245036       5.32795681
H        9.15446887      13.23176867       4.08916231
H        9.24180170      17.54835998       4.06143343
H       10.45483794      16.11271428       2.51052994
H       11.61161139      16.05503062       4.01011315
H       11.19210450      14.56312447       3.27633071
H        7.05441618      17.54893702       5.27685365
H        5.99385242      15.54665299       5.93440654
H        7.12807032      12.40928320       5.63175244
O        4.89043449      13.76576232       8.81461607
C        4.70231891      13.08195735      12.37094371
C        5.14992376      13.56779538      11.14562870
C        3.46555930      12.34655194      12.43708301
C        4.38858219      13.38303026       9.97843551
C        5.50908341      13.23540955      13.66663376
C        2.70835596      12.12608929      11.24829887
C        3.17634885      12.67463968      10.03040138
H        6.05683185      14.17635158      11.06108635
H        3.15874567      11.87459095      13.31750162
H        4.87260456      13.73236591      14.51535888
H        6.02590606      12.28057654      13.89631291
H        6.35526748      13.86646260      13.46101175
H        1.81638395      11.56613687      11.36547948
H        2.59600762      12.50141404       9.14649950
H        4.44543128      13.88230153       7.98298267
O        5.56627438       2.86149862      12.32974710
C        8.89704220       4.31180639      11.50136942
C        7.87442385       3.33012558      11.74085654
C        8.60308450       5.72377476      11.59739060
C        6.59970745       3.71402365      12.11105971
C       10.19891422       3.75468719      10.97967406
C        7.41917650       6.01865060      12.16844863
C        6.34892966       5.09204784      12.31620882
H        8.17303272       2.25318895      11.68272496
H        9.24000501       6.40320796      11.20731170
H       10.31294555       3.73102234       9.93783907
H       11.13586976       4.29932044      11.16774702
H       10.41618297       2.78924760      11.46666690
H        7.17736833       7.05912687      12.29030700
H        5.42990835       5.47471457      12.72781038
H        5.82335493       1.93635176      12.60633293
O       14.21264619       5.65474254       2.84361579
C       17.23921654       4.54079677       0.94960208
C       16.22903624       5.39408997       1.38614443
C       17.42636435       3.27900255       1.63439166
C       15.39122822       4.99857956       2.48122309
C        0.47897993       5.05003827      17.59231022
C       16.71439733       3.03054264       2.80519322
C       15.74949215       3.90065976       3.21532648
H       16.10117215       6.24972476       0.69803607
H        0.58160920       2.55180087       1.47468701
H        1.50738322       5.12600156       0.19131490
H        0.51646001       4.34707805      16.79225591
H        0.12541262       5.93231308      17.06215964
H       16.88091898       2.24224293       3.47866537
H       15.16228940       3.63636902       4.05176767
H       14.08466776       6.41670216       2.28504505
O       16.75447857      17.27903235      13.22053206
C        0.54478009      17.64433243      16.60496017
C       17.51833386      17.07741452      15.60562610
C        1.32766181       1.10024263      16.38386857
C       17.52143378       0.00585666      14.30391842
C        0.61047822      16.91377802       0.25565815
C        1.26400343       1.74279303      15.14524439
C        0.48491501       1.24005692      14.10497223
H       17.03871846      16.13046553      15.63716227
H        1.89989290       1.49224195      17.12891334
H        0.75110848      15.88848418      17.64914793
H        1.33941639      17.21682657       0.99473510
H       17.42661400      16.94428377       0.79115276
H        2.02035803       2.45034682      14.92983613
H        0.52261894       1.73874966      13.15014168
H       16.70157919       0.22861914      12.53541375
