512
Lattice="17.7128441229 0.0 0.0 0.0 17.7128441229 0.0 0.0 0.0 17.7128441229" Properties=species:S:1:pos:R:3 pbc="T T T"
O       15.59470229       3.61665584       2.28475799
C       13.22269187       3.87648838       5.10269604
C       14.10454571       3.28818769       4.15620441
C       12.77118251       5.15650848       4.83795118
C       14.58318235       4.08076820       3.05896688
C       12.77574760       3.07682482       6.31797605
C       13.20434481       5.96981797       3.81029846
C       14.14160423       5.44924445       2.84529610
H       14.38038211       2.31408782       4.30848858
H       12.06093302       5.62696994       5.51746280
H       11.89783863       3.39950749       6.91172274
H       12.57719919       2.00202844       6.17725289
H       13.63219511       3.11616619       6.96089003
H       12.89991156       7.03569337       3.56761359
H       14.55333824       6.04066358       1.96333881
H       16.05689471       4.24417171       1.82806098
O        6.27829901       7.94697751       3.33423738
C        6.29615732       4.68793536       5.14375181
C        6.28910935       5.57023358       4.05573459
C        5.98311630       5.09815866       6.49304438
C        6.18084799       6.96946226       4.36237492
C        6.58208580       3.24756860       4.84523229
C        5.93634042       6.48467442       6.74088349
C        5.99648856       7.36880256       5.67967027
H        6.49245215       5.33002434       3.04296903
H        5.95036434       4.43098497       7.29738913
H        7.56362063       3.15453133       4.42942499
H        6.59345986       2.74343905       5.74243731
H        5.85766127       2.77986104       4.17704758
H        5.64771204       6.82180026       7.70326872
H        5.88693230       8.31050672       6.03750792
H        5.76583380       8.69052223       3.59534223
O       17.56346721       3.26909261      11.98445186
C       14.14941813       3.67582585      10.23683897
C       15.20878368       3.12474593      11.06744050
C       14.43475925       4.82161978       9.43092948
C       16.53677579       3.71364105      11.17793160
C       12.86627301       2.96269691      10.11449588
C       15.67090654       5.42798599       9.58268066
C       16.72347747       4.92502016      10.38982269
H       15.06475867       2.31350721      11.76153232
H       13.66418369       5.15145097       8.77185867
H       12.10392941       3.57530117       9.63122191
H       12.84587285       2.00841394       9.59543252
H       12.37403708       2.73002992      11.07561068
H       15.72011838       6.27530565       9.01696220
H       17.60706344       5.48039449      10.39193999
H        0.56600849       3.84290554      11.91540169
O        2.39920213       3.49822057       9.22430172
C        0.78110983       2.31658417       6.17301607
C        1.02848387       2.99671182       7.40604968
C        1.90547340       1.76390043       5.43242765
C        2.30142542       2.94375900       8.00027100
C       17.07318360       2.18252998       5.60729475
C        3.22483121       1.84365947       6.00307199
C        3.39192931       2.33872931       7.34225203
H        0.17623346       3.46295858       7.92534649
H        1.72425019       1.29423312       4.48339918
H       16.99867269       1.07216493       5.16335795
H       16.29567608       1.98832124       6.53919239
H       16.80654502       2.97146725       4.89528249
H        4.14265493       1.39645029       5.62250565
H        4.35341374       2.30138039       7.84731240
H        2.91435472       2.93705799       9.74352870
O       11.41817197       8.95897531      11.66308248
C       13.99209432      11.29451050      10.44654592
C       12.77714551      10.76347263      10.78959127
C       15.15405123      10.55900667      10.68144269
C       12.66282316       9.45462767      11.32186932
C       14.01699830      12.75022146       9.83881002
C       15.01757505       9.25242665      11.17865089
C       13.76084094       8.67203343      11.52216147
H       11.89580530      11.26793798      10.49350828
H       16.13954192      10.96410625      10.45890618
H       14.66282071      13.28744409      10.57807057
H       14.49765387      12.78468076       8.86489164
H       13.01360545      13.15246855       9.68239052
H       15.93382572       8.69756800      11.33905632
H       13.63075504       7.63104735      11.92516978
H       10.78993180       9.51787188      11.23071521
O       15.00190395      12.23021822       2.69807811
C       15.94230527      15.78305017       3.13276100
C       15.16596321      14.61912855       2.95347872
C       17.35001675      15.63870160       3.39399496
C       15.76499667      13.37661434       2.99878904
C       15.24361354      17.18003595       3.10955921
C        0.21510530      14.35596221       3.43670631
C       17.09689211      13.19262370       3.31632356
H       14.14329135      14.70120109       2.58589329
H        0.22645994      16.55182746       3.64803587
H       14.48288082      17.17229542       2.34377264
H       14.69611266      17.27190865       4.01927929
H       15.89791893       0.31107776       2.93793225
H        1.28379551      14.16391114       3.73988132
H       17.48452375      12.18237287       3.37678221
H       14.16445866      12.43353986       2.26142568
O        4.43332261      10.49467357       3.24920323
C        6.27014404      11.90054041       6.13304791
C        6.01177451      11.24985545       4.88031796
C        5.25375597      12.35506476       6.95563635
C        4.67471104      11.10295544       4.42932092
C        7.75624907      11.92875942       6.52974908
C        3.96507800      12.28816584       6.41366616
C        3.70923557      11.65930325       5.19971820
H        6.75246123      10.91423429       4.16454930
H        5.46657310      12.78519663       7.90856109
H        8.02943832      10.97587284       6.93931750
H        8.35482760      11.94621717       5.63107214
H        8.10151948      12.80030370       7.06949641
H        3.17051923      12.81018435       6.99177940
H        2.67283198      11.63307324       4.87826122
H        3.51279148      10.65511409       2.99297524
O        2.94743223       6.25155951       9.24648589
C        1.74919415       9.54474501       8.21166283
C        2.06389973       8.40563822       8.98225262
C        1.86684173       9.44100865       6.82603051
C        2.51453428       7.23347566       8.38309502
C        1.13990449      10.76346061       8.91712312
C        2.28191846       8.27759901       6.22370097
C        2.62255664       7.19856381       6.96289220
H        1.91657964       8.43035552      10.02239543
H        1.64024686      10.24519768       6.28055446
H        1.95443829      11.35886737       9.33237408
H        0.59836866      11.47886548       8.16576122
H        0.36504186      10.43561421       9.63780138
H        2.38873417       8.15669702       5.13098963
H        2.92961865       6.29427600       6.45009332
H        3.19681242       5.41433254       8.90025578
O        1.93645319       5.08893461      11.93219797
C        3.38660415       8.03436770      13.55160187
C        3.11258658       7.00764103      12.61620863
C        2.54589765       8.09794786      14.68431697
C        2.08063892       6.10153078      12.84677542
C        4.51066782       8.97769481      13.46568129
C        1.54781017       7.16048349      14.92551287
C        1.31108143       6.18578329      14.00405949
H        3.63307234       6.96751613      11.65483739
H        2.67431621       8.88164413      15.42535648
H        5.19507166       8.69576349      12.69795010
H        4.19337160       9.99912863      13.19069016
H        5.18641732       9.06124017      14.28493656
H        0.96800296       7.28483713      15.81567182
H        0.59026814       5.49644025      14.30666052
H        2.31645433       5.16261852      11.00448866
O        5.66843061      17.67213841      12.73170763
C        3.62857863      15.72798611      14.80749636
C        3.93281509      16.71954530      13.94245583
C        4.47288769      14.85777701      15.44110950
C        5.27214139      16.74872315      13.59705957
C        2.15093258      15.60301505      15.14549991
C        5.81837265      14.92115772      15.16856989
C        6.23605950      15.93553480      14.21839485
H        3.15846201      17.36962381      13.47893924
H        4.02832987      14.19140887      16.14888344
H        1.56313807      15.83489592      14.26183442
H        1.80657905      14.55146693      15.45171463
H        1.90118472      16.21522346      15.98360870
H        6.51772532      14.27118758      15.76146652
H        7.30074793      15.97661900      14.04302901
H        6.63729983       0.15475454      12.88007717
O       15.89890631      14.00155090      12.80171157
C        0.69660569      11.39627942      12.18008381
C       17.23465255      11.99217623      12.61946228
C        1.76447606      12.19961889      11.75575576
C       17.05058329      13.40739965      12.47439985
C        0.89211711       9.89477269      12.20389250
C        1.62744141      13.58190020      11.60741050
C        0.39282573      14.16967144      11.98599431
H       16.44318455      11.26641223      13.02895053
H        2.62429730      11.68988194      11.40416283
H        0.76248021       9.43671407      13.16186279
H        0.12541070       9.44372930      11.58993302
H        1.86914341       9.65496176      11.75821215
H        2.47843002      14.26481984      11.21874849
H        0.33727089      15.28884895      11.99908719
H       15.71048749      14.84545136      12.36922412
O        9.46553628      12.92584623       9.45349730
C       11.84199767      13.14621066       6.69777930
C       10.88970676      12.63434268       7.57674706
C       12.32766813      14.49294787       6.93880208
C       10.47456684      13.38894473       8.71165224
C       12.36464887      12.45339354       5.47972119
C       11.95454750      15.17203768       8.14428456
C       10.95753667      14.66899577       8.95133310
H       10.50224953      11.69372052       7.40825054
H       13.21430819      14.80028060       6.22612723
H       13.13453502      11.79360150       5.86135258
H       11.61097553      11.93056791       4.89552224
H       12.77279091      13.20371921       4.72498018
H       12.39603615      16.10552619       8.43085053
H       10.80619629      15.29778255       9.78665761
H        8.96244160      13.68289110       9.80928746
O        9.54726882       9.53464220      17.46190763
C        7.59721865      12.70812835       0.06997936
C        8.76651888      11.87947888       0.04833366
C        6.28930548      12.20136192      17.59143981
C        8.50994901      10.46305786      17.46830166
C        7.70935977      14.12723813       0.55552281
C        6.09225178      10.83908461      17.25720740
C        7.20721963       9.99829766      17.23136102
H        9.75966999      12.21663367       0.37401211
H        5.43354950      12.80105110      17.69439848
H        6.75417116      14.60741659       0.77886312
H        8.31625461      14.08977351       1.46365711
H        8.29118558      14.77480280       0.00230996
H        5.09826355      10.38331130      17.15182528
H        6.95390408       8.93923481      17.04757090
H        9.31241925       8.70370352      16.94689561
O        8.89770556       0.42769753      14.75572048
C       11.95523958      16.64286142      13.36047035
C       10.57653929      16.76490189      13.64727641
C       12.85671305      17.56562368      13.97440540
C       10.17400760       0.09377663      14.52518856
C       12.48855662      15.57763580      12.37845981
C       12.40516298       0.90134789      14.73248417
C       11.07485843       0.96629971      15.09745194
H        9.92512968      16.13516060      13.15209399
H       13.91241209      17.32307117      13.91730016
H       13.46062307      15.19567185      12.66385595
H       11.75969597      14.79708283      12.20795559
H       12.71658434      16.18624021      11.48404973
H       13.16749331       1.67498291      15.08241954
H       10.74532055       1.68579708      15.79650466
H        8.93406399       1.25784216      15.28290430
O       15.55838833       9.67255315       2.86876406
C       16.66593637       7.40986722       5.57558411
C       16.34622383       7.93756989       4.30458405
C       16.61850837       8.26915380       6.71664055
C       15.88992299       9.23053862       4.12588679
C       16.98700705       5.94090983       5.95388694
C       16.14552935       9.64044770       6.56090187
C       15.78578194      10.10368825       5.24213674
H       16.43010025       7.14596195       3.56189606
H       16.93356762       7.87356746       7.70023179
H        0.01175360       5.65888878       5.19369042
H       17.51485668       5.77157711       6.98517585
H       16.18414506       5.20750866       5.96844273
H       16.10190527      10.26808408       7.44537724
H       15.51824517      11.10699162       5.16751128
H       15.60958627      10.65674985       2.89458425
O       10.90410812      10.06458825       1.95096972
C       11.54458404       8.88961126       5.49971506
C       11.79138430       9.34820265       4.18788313
C       10.20665680       8.67041309       5.85741667
C       10.71727437       9.50970431       3.19761354
C       12.61739224       8.80508474       6.54014189
C        9.15107130       8.82593525       4.99476245
C        9.40516921       9.20602361       3.68444340
H       12.78384986       9.65537937       3.75958295
H       10.01416507       8.21694711       6.84387780
H       13.57827966       8.70963000       6.11069505
H       12.83571356       9.67952051       7.07611303
H       12.48478336       7.90304746       7.21364616
H        8.19587515       8.59955998       5.43581911
H        8.59678739       9.31552264       3.04645706
H       10.29478653       9.77467301       1.29838761
O        8.53857573       2.58256715      16.64515812
C        5.20659471       3.11254601      15.19583665
C        6.42009188       2.53366075      15.47511110
C        4.80171311       4.08507827      16.02293572
C        7.27864223       2.99221217      16.48126123
C        4.41798859       2.62636496      13.96147338
C        5.58841095       4.52457743      17.10851566
C        6.85412983       3.99136512      17.31738677
H        6.56326296       1.62006582      14.89062631
H        3.78678826       4.47489136      15.89267661
H        4.06578044       1.63369925      14.00486194
H        3.52884272       3.28073781      13.90043459
H        5.10193267       2.75428480      13.03910839
H        5.18092732       5.36453586      17.67825213
H        7.44905469       4.47524246       0.38892264
H        8.82546888       2.59680633      17.52152721
O        5.91219112      17.30685737       4.52612965
C        2.97512819      17.40513244       2.26149201
C        4.09976650       0.13170950       3.04720889
C        2.81574186      16.03534201       2.05261877
C        4.92767791      16.96300931       3.69814287
C        2.05581010       0.66458469       1.63362668
C        3.69190593      15.10208790       2.58096939
C        4.74961469      15.57949575       3.40067978
H        4.20344367       1.25339648       3.17357547
H        1.96165243      15.58243078       1.55401734
H        1.89701726       0.44234765       0.61595464
H        1.09865670       0.65037252       2.22201679
H        2.47408883       1.70421744       1.63054255
H        3.46183643      14.07870404       2.28537860
H        5.48908949      14.92265494       3.57856566
H        6.45100839      16.58688016       4.87005118
O       11.49834354       6.36667528      12.12875573
C        8.10213390       5.68484256      13.14229405
C        9.24010998       6.41537298      12.79896273
C        8.18634241       4.22718525      13.19618317
C       10.40189389       5.69480594      12.59361794
C        6.77345128       6.35100293      13.44821106
C        9.34462012       3.56692351      12.93998230
C       10.48584948       4.25942618      12.68456788
H        9.23184658       7.49452039      12.75736966
H        7.26802059       3.64192149      13.32744933
H        6.63919363       6.50707917      14.58917516
H        6.91759582       7.31922927      12.99339855
H        5.90339887       5.87822957      12.96280626
H        9.32334025       2.46886450      12.91779084
H       11.36677425       3.67454474      12.48547742
H       11.28430604       7.26840624      11.97278577
O       15.92251873       7.96898556       0.61707949
C       14.37355790       6.60579278      15.38781690
C       15.37062674       6.75802322      16.36824370
C       13.09372399       7.22124149      15.46232953
C       15.00164438       7.60796569      17.47343162
C       14.67804271       5.73164700      14.15909693
C       12.76200760       8.01248423      16.60622651
C       13.72608058       8.15143656      17.67185423
H       16.29360291       6.41422529      16.30942998
H       12.35547406       7.14053558      14.67655328
H       15.27094118       4.94209450      14.56005621
H       13.72415342       5.27739002      13.64032633
H       15.40149175       6.11799013      13.38933446
H       11.82055506       8.59637333      16.62210166
H       13.47234466       8.66498180       0.83600749
H       15.63804212       8.42801948       1.39981971
O        9.82078907      10.19730431       9.72250593
C        6.18739445       9.53676912       9.78458820
C        7.44411501      10.25298596       9.76914188
C        6.19756869       8.16407379       9.91195224
C        8.64101273       9.51297981       9.89729106
C        4.91171722      10.25037156       9.73062831
C        7.40537749       7.43657436       9.89214472
C        8.59314325       8.15529215       9.83966959
H        7.41317312      11.31249065       9.70106495
H        5.30228063       7.57394464       9.93979775
H        4.96752172      11.23365248      10.16430001
H        4.56966563      10.13286487       8.74046633
H        4.16433628       9.73439049      10.40063380
H        7.49026022       6.44923780       9.81457468
H        9.50638418       7.60092320       9.73739988
H        9.60534084      11.19269170       9.64557470
O        1.73600865      10.48155865       2.39802397
C        0.05426921      11.33976394      16.89519574
C        0.23668027      11.01482024       0.57398495
C        1.12979941      11.65231740      16.06282080
C        1.51549943      10.86707366       1.11120710
C       16.33106806      11.48419707      16.33875286
C        2.43084905      11.56874209      16.65627018
C        2.59028231      11.29364491       0.37772139
H       17.08084717      10.94829404       1.11583992
H        0.96634565      11.89963272      15.09956799
H       16.17154088      11.09808355      15.40609303
H       15.55595934      11.13572546      17.00219106
H       16.12749906      12.56675432      16.33796225
H        3.15821177      11.88577013      15.96896398
H        3.57014349      11.42766725       0.85230670
H        1.15140745       9.77196759       2.56404193
O       15.98390275      16.44519692      11.37788007
C       16.07095635      15.18294067       7.91311169
C       16.32693505      15.31216097       9.25547705
C       15.46898557      16.25099032       7.19749847
C       15.72879901      16.34505213      10.00465878
C       16.56547639      13.97642704       7.07882882
C       15.05974218      17.33926735       7.91479112
C       15.18490349      17.47313086       9.30402884
H       16.90094430      14.64801650       9.85698854
H       15.36833518      16.22484281       6.16883670
H       17.49512731      14.18715990       6.52493899
H       16.77660046      13.15803076       7.84603811
H       15.82838093      13.70897428       6.31399204
H       14.58171638       0.42813522       7.28712235
H       14.95048344       0.65003611       9.82322179
H       16.04834853      17.30657359      11.75987865
O       12.39043631      12.13159491       1.71908393
C       12.81373665      12.23715488      15.80009566
C       12.55440078      11.73478000      17.10230296
C       12.91801857      13.62929965      15.65097772
C       12.51429294      12.59101198       0.49494512
C       12.92241783      11.26485910      14.61692678
C       12.79465133      14.46921353      16.72902122
C       12.56084989      13.93784177       0.25977252
H       12.39950230      10.65455724      17.37166460
H       12.93986283      14.16013225      14.70389957
H       12.29186255      11.55281048      13.78132644
H       13.97914052      11.10566839      14.25437885
H       12.61272716      10.25171386      14.90743971
H       12.96006848      15.50444389      16.58128257
H       12.46917461      14.63390634       1.05691194
H       12.02645151      11.21821739       1.81544706
O        8.78253513       6.99684399      16.39835894
C       11.30830633       4.59756141      17.56864900
C       10.40277025       5.30441693      16.71149124
C       11.11045550       4.71947157       1.25356835
C        9.56071679       6.27398594      17.29995995
C       12.35176651       3.86970757      16.85733500
C       10.25526251       5.75148711       1.81885749
C        9.50086493       6.52988690       1.01741462
H       10.43686983       5.22978305      15.67252730
H       11.85879262       4.20610730       1.88687819
H       12.06276612       2.78204047      16.97974948
H       12.49821316       3.98228831      15.78291691
H       13.36695589       4.06573514      17.22819749
H       10.34985019       5.91198278       2.88813111
H        8.81182376       7.26439967       1.39350822
H        8.50465385       6.35398564      15.76889876
O        5.41630571      15.50918100       8.63583681
C        2.23873475      17.19724605       9.43927358
C        3.56545570      16.65130177       9.48968071
C        1.52003386      16.94320263       8.26074583
C        4.15120492      15.97160213       8.42969320
C        1.66479014       0.22160988      10.62605181
C        2.09291644      16.30599834       7.18403673
C        3.46323455      15.86205749       7.23380612
H        4.18675899      16.85333977      10.37798829
H        0.50058796      17.25467621       8.23289116
H        2.26597765       0.14343681      11.60897441
H        1.46088481       1.25079799      10.47433147
H        0.78125387      17.29205113      10.84622825
H        1.52392965      16.07523665       6.28972310
H        3.78958697      15.45156301       6.30504180
H        5.74981916      15.30194919       7.74260329
O       10.98239370      16.67328106       0.25697831
C        7.66899056       0.27644109       0.68086716
C        8.74273534      17.39957913       0.06438598
C        7.84700650       1.08839997       1.82958707
C       10.00927348      17.55540085       0.62124574
C        6.24012556       0.06788669       0.08390974
C        9.11450921       1.34043906       2.37236636
C       10.19229026       0.67541587       1.75923406
H        8.60882629      16.76622448      16.91338821
H        6.98295280       1.57609543       2.35542844
H        5.78644068      16.82337172       0.45928915
H        5.58848643       0.88999645       0.37671088
H        6.31153923      17.60824642      16.73540315
H        9.33302084       1.87491833       3.33069566
H       11.14308522       0.79344883       2.38243706
H       11.06971521      16.37937272      17.03223313
O        6.84021469      14.91241503       6.50821968
C       10.02741044      15.88514751       4.79510978
C        8.84675378      15.13227468       5.17386534
C       10.26121331      17.13816134       5.38566010
C        7.95599597      15.62584312       6.13599622
C       10.90364823      15.37173627       3.60386260
C        9.45838902      17.54908225       6.43814629
C        8.31679492      16.81053109       6.75127501
H        8.66546860      14.23289087       4.68213970
H       11.19272747      17.65806466       5.07122931
H       11.63486858      16.05532762       3.21251307
H       11.38984612      14.50726814       3.73674117
H       10.29038378      15.40576204       2.77326190
H        9.69199665       0.81636489       6.89806139
H        7.70048158      17.10424466       7.58152715
H        6.63878638      14.13139513       5.99231252
O        7.57340363      14.95945673      10.23506215
C        8.04795655      12.82623028      13.17438843
C        8.28911271      13.68162178      12.13090407
C        6.78873237      12.23921853      13.37988872
C        7.28379148      14.02803378      11.21166419
C        9.28505068      12.45865737      14.00534518
C        5.80609528      12.52123964      12.44131645
C        6.00829647      13.47858010      11.42597526
H        9.25677325      14.10910890      11.97996966
H        6.61313678      11.57470746      14.24576633
H       10.20060379      12.23695156      13.41361860
H        9.52958254      13.23800170      14.63344571
H        8.98413445      11.67569045      14.62884329
H        4.75205183      12.16210803      12.63334308
H        5.15511649      13.75676684      10.80428575
H        6.85479672      15.28495024       9.70537689
O        5.07453686       1.79908075      10.43879617
C        8.72547240       1.45297393       9.86720301
C        7.38268625       1.10620821      10.15067437
C        9.02133970       2.79763046       9.42643710
C        6.39831672       2.11851266      10.04988775
C        9.79359402       0.45177747      10.16634072
C        7.99382422       3.73859443       9.21786290
C        6.70576948       3.45561548       9.67797097
H        7.17291058       0.09053874      10.35638719
H       10.03756228       2.98320496       9.27790875
H        9.45852929      17.09350080      10.35580320
H       10.57580665       0.48465064       9.35110628
H       10.22199286       0.74971133      11.12983232
H        8.32221071       4.78818137       8.84398184
H        5.96940950       4.30723157       9.52911696
H        5.08858708       1.14180897      11.10095367
O       17.01814135       5.49015192       0.93720599
C        2.66518647       6.68511761       1.47959726
C        1.29571197       6.67477345       1.02850190
C        3.16549729       5.61361683       2.30399577
C        0.56388300       5.52118064       1.39180689
C        3.56676415       7.82751474       1.18144385
C        2.33584474       4.50116590       2.63363916
C        1.03445808       4.43146504       2.08608564
H        0.90663236       7.43938710       0.47054110
H        4.23684833       5.62873992       2.63648132
H        3.32633807       8.21987767       0.21543392
H        3.23865020       8.64444508       1.83322156
H        4.63185115       7.60485456       1.27182360
H        2.79031815       3.66073681       3.08660165
H        0.38739147       3.49601481       2.27974274
H       16.73491169       6.37289817       0.72936136
O       16.90993316       0.83864647      12.90947944
C       16.78904569      16.65260412      16.11492648
C       16.89256123      16.86482025      14.73964571
C       17.10595818      17.67701749      17.03349908
C       17.06198001       0.47644428      14.26240675
C       16.69761962      15.29028820      16.72090191
C       17.29886704       1.32678417      16.53802906
C       17.21150994       1.57816192      15.11850736
H       16.73797008      16.00944726      14.07147882
H       17.18981607      17.39550130       0.35291966
H       17.09578185      15.34995506       0.01985027
H       15.75497992      14.81623823      16.71278113
H       17.43399306      14.84393013      16.08106714
H       17.25175699       2.18626216      17.22220924
H       17.38313285       2.56097424      14.70052723
H       17.06673019       1.80675084      12.68052951
