512
Lattice="17.7128441229 0.0 0.0 0.0 17.7128441229 0.0 0.0 0.0 17.7128441229" Properties=species:S:1:pos:R:3 pbc="T T T"
O       12.43059642       3.47137098       4.85898676
C        9.82721764       4.40763826       7.18999599
C       10.61871728       3.70386651       6.30172391
C       10.28257251       5.73896282       7.50434753
C       11.80218896       4.17389022       5.77244058
C        8.45561400       3.96357194       7.64868514
C       11.50154113       6.24473331       6.97609650
C       12.20365383       5.49990479       6.05708093
H       10.28581991       2.69857212       6.01667719
H        9.64874119       6.30141871       8.16346780
H        7.63109718       4.61871624       7.90571767
H        7.93090379       3.42937615       6.78408417
H        8.55592192       3.20757086       8.44532853
H       11.80560543       7.28389365       7.00878161
H       13.06047521       6.02153832       5.60417017
H       13.04050774       3.90678776       4.25344281
O        8.81618340       4.02248291       2.68663096
C        9.44892389       7.25504655       4.34621182
C        9.59684519       6.18308588       3.48705799
C        8.22762962       7.47146042       4.95363992
C        8.69276316       5.13231016       3.45432555
C       10.49420809       8.34520222       4.43777182
C        7.26688560       6.46100816       4.89996511
C        7.57644372       5.18315984       4.31609329
H       10.38245443       6.17658860       2.76322776
H        7.95224276       8.42971858       5.46869147
H       10.02562894       9.27835359       4.91493289
H       11.37430448       7.94562225       4.91762135
H       10.82945482       8.72993152       3.50690954
H        6.30671199       6.42360153       5.38397789
H        6.76206827       4.43552688       4.35831259
H        8.33731273       3.22720849       3.02805167
O       16.35352909       0.71739855      11.11285878
C       14.79570098       2.75395746       8.50720320
C       15.56395796       2.50780630       9.64724441
C       14.07580447       1.72416499       7.84149178
C       15.57942113       1.13952897      10.10215099
C       14.69224865       4.19098748       8.02064160
C       14.06850158       0.39833436       8.32497524
C       14.79852886       0.17563102       9.52031512
H       16.10423568       3.18361151      10.16312874
H       13.43219813       1.86832979       6.98205211
H       15.33630428       4.82395139       8.52103007
H       14.71271775       4.31845635       6.96092192
H       13.75705315       4.53503349       8.24824847
H       13.48515084      17.31924701       7.89600879
H       14.82791965      16.85508450       9.90937512
H       17.16008048       1.20922270      11.03000391
O        3.22782562       2.72431033      10.40233318
C        2.35504627       3.48207851       7.00728923
C        2.24222789       3.12350149       8.32802270
C        3.63588043       3.81188881       6.40083210
C        3.37065062       3.18227409       9.13246789
C        1.06445730       3.59073838       6.20289977
C        4.73767277       3.76993635       7.23799101
C        4.58376232       3.54133208       8.63494052
H        1.39922145       2.74904667       8.86453428
H        3.80856482       4.07440848       5.38663119
H        1.24610332       3.94145530       5.22562450
H        0.51510434       2.69774969       6.07945657
H        0.53394125       4.37583246       6.76831639
H        5.72417785       4.04611551       6.88697915
H        5.37214334       3.52580115       9.33062297
H        4.02529168       2.59932757      10.85773365
O       11.43493644       8.58620579      10.85547227
C       14.96680790       8.65697039       9.71028492
C       13.66049137       9.08877387      10.14081576
C       15.25089434       7.27099579       9.94589908
C       12.70011493       8.17298589      10.59482263
C       16.06436123       9.54625805       9.21786628
C       14.32162290       6.31057281      10.44193477
C       12.97077592       6.78714853      10.64754586
H       13.39678064      10.11694719      10.23492721
H       16.30046513       6.92561534       9.77400296
H       15.64620464      10.45462487       8.86569602
H       16.77769076       9.75362791       9.96461838
H       16.59131263       9.06989114       8.38342302
H       14.52631559       5.25186492      10.65228722
H       12.21827656       6.16753356      10.98984166
H       11.21578276       9.50387547      11.15217908
O       16.29374199      13.45310114       1.92663471
C       14.38163764      14.87120379       4.74979831
C       15.08799356      13.90518060       4.01342506
C       14.13055372      16.16415811       4.30886650
C       15.66932090      14.30835140       2.78015906
C       13.76083252      14.55544661       6.11502310
C       14.77236997      16.56050778       3.12043545
C       15.65805338      15.67386053       2.42945081
H       15.17021627      12.95157609       4.39325202
H       13.59107607      16.87370320       4.92728564
H       14.41876540      13.83675150       6.66509653
H       13.70856443      15.47304059       6.59652139
H       12.76490837      14.13916202       5.95889936
H       14.52243026      17.57887915       2.78067931
H       16.11454020      16.00270528       1.44471442
H       15.65153519      12.78602247       1.56848578
O        3.35637329      10.07963544       2.84572966
C        3.71228982       6.44678424       2.85082570
C        4.03630200       7.81374184       2.76231827
C        2.37662232       6.06423436       3.08581842
C        3.02627703       8.76617632       2.91201830
C        4.84289356       5.42106307       2.61810562
C        1.37957124       7.03178823       3.22425647
C        1.67409508       8.41693650       3.22280592
H        5.03208673       8.16467279       2.51158450
H        2.07540406       5.01887610       3.26965640
H        5.81315556       5.91289711       2.60861878
H        4.95623039       4.78240897       3.42557784
H        4.77509818       4.82907258       1.66674475
H        0.38201338       6.73452505       3.37919400
H        0.86080075       9.11181689       3.38738944
H        2.68225398      10.63101634       2.50227011
O        4.44412858       7.87285032      10.73143317
C        2.56874316       9.30236448       7.78840324
C        3.05936091       9.16196056       9.11599932
C        2.83977174       8.27308346       6.81523506
C        3.83827792       8.01325111       9.52199400
C        1.82903028      10.54308963       7.39009504
C        3.55812700       7.10536499       7.21557538
C        4.08252778       7.02647770       8.53176222
H        2.75529678       9.89839665       9.89248133
H        2.34464048       8.20997980       5.86203757
H        1.78075848      10.66865361       6.28640457
H        0.74955280      10.59179009       7.75850992
H        2.34325592      11.31741327       7.86392072
H        3.87046997       6.38024925       6.53131280
H        4.75104170       6.16193035       8.75631635
H        4.17970615       8.44562963      11.34847631
O        0.53580650       2.46221541      11.58360245
C       16.71909944       4.44692369      14.36285907
C       16.81250999       3.58869655      13.21598080
C        0.13852507       5.15017289      14.84956693
C        0.37770419       3.34612600      12.64306849
C       15.42126373       4.60017574      15.10388776
C        1.39941549       4.93741143      14.19597133
C        1.47672901       4.10690668      13.09525436
H       15.92771359       2.96092681      12.89906584
H        0.18149827       5.81930863      15.75850255
H       15.24900975       4.17808442      16.13762372
H       15.38413781       5.63130472      15.29692622
H       14.57470291       4.27643752      14.42241947
H        2.27698284       5.57538541      14.52440758
H        2.49569019       3.97484403      12.73995975
H        1.41078473       2.27829464      11.19798022
O        6.14992256       0.15207550      12.79430345
C        3.09907673      15.96081355      13.29446596
C        4.06259152      16.76589513      12.72802167
C        3.29848292      15.48563988      14.59714730
C        5.26448854      17.05376677      13.41161568
C        1.75209460      15.78756634      12.54924446
C        4.46300905      15.68304687      15.29688131
C        5.42907777      16.50104173      14.70140076
H        3.88741469      17.29064547      11.78634261
H        2.49625035      14.93894202      15.09650214
H        2.02104233      15.66799215      11.50583400
H        1.24982611      14.87666769      12.70144501
H        1.07197481      16.68457594      12.56024200
H        4.58054691      15.42003240      16.33620521
H        6.23601136      16.78675675      15.34728619
H        6.98530175       0.20638334      13.23965361
O        2.87695589       8.62495112      17.44678093
C        5.92742184       8.39110112      15.50725710
C        5.05747894       8.73453977      16.57733488
C        5.38685850       7.90975885      14.27393026
C        3.69430123       8.35655357      16.38313810
C        7.42149559       8.64294955      15.69809700
C        3.98438785       7.56693034      14.13548002
C        3.14665710       7.75495779      15.27241405
H        5.43482988       9.31698801      17.40436175
H        6.17536608       7.82349874      13.50683427
H        7.54999160       9.76602098      15.79484216
H        7.84435489       8.11406351      16.51459479
H        8.00060490       8.36225851      14.81091826
H        3.55300802       7.20465744      13.22242570
H        2.11841261       7.42008177      15.23423498
H        3.33357884       9.33562338       0.21310574
O        7.78016763      14.74456756       9.64222791
C        9.14203881      17.17405078       7.25555965
C        8.85464029      15.94274429       7.82874451
C        8.54658691       0.68129788       7.75012106
C        7.97844982      15.90778257       8.95408084
C       10.25809636      17.19581672       6.19381485
C        7.66507180       0.61293646       8.80145305
C        7.34268666      17.11103932       9.42077212
H        9.41960968      15.00518782       7.59252655
H        8.83869282       1.59177375       7.26274650
H        9.76848535      17.12188098       5.25679635
H       10.67381675       0.49275401       6.18318916
H       10.98847957      16.38945642       6.38378638
H        7.09541326       1.54757289       9.10226216
H        6.62374824      17.09617629      10.22440312
H        7.25625786      14.89903814      10.43423293
O       11.18077809       9.60406653      16.24034379
C        8.78274459      10.50096148       1.20068926
C        9.63333862       9.69312102       0.39087852
C        8.60102184      11.88507444       0.89921713
C       10.31201159      10.29339187      17.06861559
C        7.91745437       9.89262696       2.26491011
C        9.20375866      12.47340454      17.50904284
C       10.08064490      11.66849276      16.70500273
H        9.73498134       8.62723465       0.57546621
H        8.01465621      12.58030206       1.56131971
H        8.03671343      10.47878674       3.17193347
H        6.83710921       9.75197257       2.02900295
H        8.29526350       8.88149918       2.41963283
H        9.08468585      13.53939158      17.35968590
H       10.57542106      12.14130838      15.83729846
H       11.75846932      10.12117175      15.69328754
O        8.00291299       0.85663504      14.49235348
C       11.40624927       0.75228353      12.84746618
C       10.03653898       0.46086170      13.13115819
C       12.06033445       1.73404362      13.65024649
C        9.33482754       1.11259393      14.15233202
C       12.20909005      17.67574798      11.83417332
C       11.40839036       2.47478227      14.63029996
C       10.04683829       2.16634397      14.84786065
H        9.51245955      17.42879376      12.54585412
H       13.01382255       2.08480088      13.26245374
H       11.92188618       0.06837572      10.78833492
H       13.24487913       0.25244973      12.03647097
H       12.03008654      16.64678676      12.18037206
H       11.88357673       3.33110694      15.15847189
H        9.53171693       2.61411924      15.62003588
H        7.69174007       1.28143507      15.36092666
O       14.25408520       7.11207618       1.99878945
C       16.25543131       7.86191254       5.10417312
C       15.51821285       7.14820718       4.07032600
C       16.35185677       9.22360455       4.96517491
C       14.85793759       7.80251042       3.01418790
C       16.95394281       7.20058507       6.29920721
C       15.84101185       9.85592717       3.76761919
C       15.05086177       9.16122343       2.85077543
H       15.45095986       6.07334118       4.05076307
H       16.86212698       9.71459262       5.69769826
H        0.02232252       7.88586818       6.66841896
H       16.32559775       6.92282791       7.20124499
H       17.48810945       6.31446755       5.87678753
H       15.87126570      10.90365800       3.64790300
H       14.61937910       9.79344167       2.07578740
H       14.17667330       7.66406375       1.19626468
O       11.45278463      11.85554023       2.37811082
C       12.25595160      10.98471446       5.98471020
C       12.41453546      11.21612236       4.58437342
C       11.15949946      11.50912969       6.55145824
C       11.40223530      11.75257833       3.74687999
C       13.42288593      10.47961009       6.75894418
C       10.13014320      12.09128647       5.79156849
C       10.26528900      12.24191658       4.41389668
H       13.39924683      10.91641550       4.19551379
H       10.91304300      11.41078751       7.58866057
H       13.29613918      10.83613822       7.79618010
H       13.50115578       9.39200450       6.90382857
H       14.40612020      10.94118140       6.33773942
H        9.27604747      12.48392681       6.34465435
H        9.46578779      12.81761567       3.93151789
H       10.51325730      11.86320501       2.06472911
O        7.65417437       2.40303506      16.91462951
C        4.06559004       2.05470663      16.89544871
C        5.43203263       1.71722652      16.95436039
C        3.65223750       3.39702366      16.87975385
C        6.36066327       2.73377131      16.86420397
C        3.10179740       0.91102531      17.11486796
C        4.53018666       4.43116443      16.86973961
C        5.93693571       4.09197326      16.74520534
H        5.72106363       0.71284510      17.08098528
H        2.59944910       3.59134147      16.89657839
H        2.16396508       1.26522281      17.60669711
H        2.80817565       0.65220011      16.02291394
H        3.50467514       0.09402335      17.58029472
H        4.28061187       5.49570449      16.97225854
H        6.73123241       4.83682160      16.74862905
H        8.23994233       3.16865036      17.19739505
O        7.67661710       1.96488604       3.92803147
C        4.71260547       0.38287786       5.40418628
C        6.02357858       0.75877040       5.18257305
C        3.63203748       0.79943321       4.55169873
C        6.34624936       1.58394252       4.10321650
C        4.38001070      17.30769382       6.62716775
C        3.93904777       1.65262076       3.44845965
C        5.31885413       2.01435440       3.19732549
H        6.77182820       0.40789592       5.84183867
H        2.61282574       0.50731985       4.75136780
H        5.26817883      16.67866905       6.81948842
H        4.14308655       0.20504567       7.55820561
H        3.53759503      16.66109190       6.36267235
H        3.17737315       2.01675698       2.69710597
H        5.51563025       2.62340122       2.39381948
H        8.46308063       1.61141395       4.35137326
O       12.56510617      11.19956733      14.30550614
C       11.07554415      12.41929649      11.18795833
C       12.03268435      12.21913742      12.23257492
C        9.79402875      11.83014686      11.24279932
C       11.71631783      11.35383914      13.25967989
C       11.50357255      13.19190360       9.93076093
C        9.57070126      10.98412367      12.32703165
C       10.48517016      10.69552231      13.30067645
H       13.03181672      12.64730505      12.18253604
H        8.97530997      12.03697750      10.54931796
H       12.07897903      14.06812333      10.12866220
H       12.19999277      12.53194099       9.31065693
H       10.63078950      13.51000725       9.27977468
H        8.62557431      10.52540299      12.41487122
H       10.20220638       9.92623199      14.04359032
H       12.72706597      12.05986866      14.63756802
O       13.90089690       8.74503857      17.55847783
C       15.93304829       8.70851828      14.57048290
C       14.84785628       8.74199558      15.42615852
C       17.21140477       8.56311643      15.10975299
C       15.03168259       8.59500076      16.82780695
C       15.61588098       8.84770925      13.09454237
C       17.38138251       8.49652904      16.51037379
C       16.31697030       8.43359364      17.36522972
H       13.86531698       9.06026208      15.03626492
H        0.37102874       8.51655471      14.42805026
H       16.32184152       8.89221309      12.29576551
H       14.75059193       8.19281870      12.81229714
H       15.04830684       9.77662922      13.09703640
H        0.67727999       8.22325892      16.82571813
H       16.50323632       8.36389222       0.73708322
H       13.05959754       9.08994565      17.25405807
O        6.71384681      13.50200995       7.13868097
C        7.03935108       9.94157201       7.99326303
C        7.25476927      11.29638467       8.02744460
C        6.33505602       9.42112826       6.88914225
C        6.54162733      12.15738584       7.11589604
C        7.67004692       9.06077346       9.02392334
C        5.67209104      10.25076544       5.98246297
C        5.83363469      11.63142839       6.04614493
H        7.73398105      11.58710852       8.93406843
H        6.21267168       8.34688684       6.89283991
H        7.55972807       9.38407418      10.11453694
H        7.26838075       8.15980457       8.88319394
H        8.74330336       8.92424994       8.78831115
H        5.20597895       9.84402800       5.08462217
H        5.39266697      12.18805006       5.28393086
H        7.01583946      13.80019379       8.03190464
O        1.37484384      13.32313896       2.19952348
C        2.47434401      11.88209930      16.77592163
C        1.58017182      12.28172771       0.11139805
C        3.86963418      11.95177770      16.96651172
C        2.18161775      12.83478476       1.26074274
C        1.92711837      11.39947331      15.43663075
C        4.42721975      12.47165984       0.49099280
C        3.54211022      12.86321751       1.51274967
H        0.50102274      12.17547772      17.68122525
H        4.52581114      11.65083202      16.16873477
H        1.43122556      10.41949493      15.63882529
H        1.20174430      12.13333067      15.02340498
H        2.59428788      11.30179926      14.63385646
H        5.45386982      12.76170309       0.68273122
H        3.87101228      13.35719046       2.39213425
H        0.49567963      13.45720223       2.03063970
O       14.25124772      14.92403733      11.17868411
C       17.09137509      12.46388575      11.22800152
C       16.03885499      13.31007400      11.72018239
C       17.42420031      12.46330910       9.85454372
C       15.26684681      14.03217233      10.81149015
C        0.18113663      11.68342836      12.21678434
C       16.62958202      13.16083422       8.94885793
C       15.55272214      13.95378305       9.37687317
H       15.82907517      13.37393852      12.79983329
H        0.62999015      11.93405276       9.49388878
H        0.08535415      10.61729814      12.00337529
H        1.23739981      11.77678722      11.89406367
H        0.08801749      11.93785683      13.29041306
H       16.96099001      13.17042639       7.93717572
H       15.05897127      14.56362117       8.68718915
H       14.53577540      15.43592690      11.93070878
O       13.90160034      12.14267480       1.45791556
C       13.33942668      14.37999622      16.29542289
C       13.25912513      13.75597244      17.56853929
C       14.25874238      13.83857331      15.40954457
C       14.06808036      12.68056468       0.27240095
C       12.38183734      15.50656614      15.90753610
C       15.09908838      12.70691781      15.79827742
C       14.97569336      12.16170080      17.06935936
H       12.48246903      14.05501528       0.47010763
H       14.46649646      14.22817011      14.40446375
H       12.96973191      16.45958349      16.03660203
H       12.09356259      15.37897236      14.85119135
H       11.38980503      15.60221001      16.45803956
H       15.81440357      12.33246376      15.10042819
H       15.56343613      11.34243979      17.44495638
H       12.98598051      12.25057244       1.70053716
O        8.89188991       4.52446688       0.10082683
C       10.89168403       6.09753632      15.20548312
C        9.80416310       5.57251638      15.92337660
C       12.15240953       6.03038644      15.77735027
C        9.96584609       4.96970440      17.18687046
C       10.71880475       6.48388666      13.75411003
C       12.36516937       5.37470126      17.05145887
C       11.25647470       4.88714772       0.06495746
H        8.84192386       5.47066357      15.54336307
H       13.07622217       6.34620209      15.23948180
H       11.37007983       7.37876912      13.65566212
H       11.00195631       5.59449937      13.16299086
H        9.69005679       6.81232228      13.59690409
H       13.38285898       5.40512866      17.45516969
H       11.39023406       4.19119798       0.91438875
H        8.96031627       4.45691445       1.06477090
O        3.99568702      13.57589783       7.89386259
C        1.25507291      16.02135297       7.70681409
C        2.34025885      15.24306472       8.27803095
C        0.98883653      15.90371949       6.30577968
C        2.89401954      14.23525978       7.43774062
C        0.56499780      16.98971389       8.56645494
C        1.60394752      14.92571771       5.49010225
C        2.47609189      14.00006939       6.14416148
H        2.63571083      15.43379777       9.31296724
H        0.24000604      16.44234549       5.89055618
H        0.57659540      16.74239952       9.61931240
H        1.11250722       0.16630952       8.50320077
H       17.28888916      17.14632655       8.25693910
H        1.46083189      14.88725836       4.40943995
H        2.97901437      13.21621191       5.56044545
H        4.34666090      13.17834692       7.14469552
O       10.50099594       1.53178217       3.75725583
C       12.46493050       1.03756593       0.68635350
C       12.06024492       1.45530544       1.98366014
C       11.46148691       0.58665448      17.51960043
C       10.75023910       1.21607438       2.41815350
C       13.79012249       1.20883114       0.01883204
C       10.13079625       0.40445195       0.25121298
C        9.77304326       0.72217154       1.53128793
H       12.82608434       1.74750717       2.67379905
H       11.64933956       0.42366323      16.47546763
H       13.73478539       1.94615485      16.92915764
H       14.53920052       1.47503316       0.73781188
H       14.05547779       0.27167070      17.30834264
H        9.30715671       0.13657500      17.32850262
H        8.72922302       0.68885182       1.79469098
H       11.19375516       2.08646928       4.06685481
O        6.04895702      15.07167296       4.59927694
C        9.09574980      15.19615433       2.60990451
C        8.20253156      14.98439590       3.67151944
C        8.58761503      15.51244357       1.33296404
C        6.86697744      15.28841428       3.55847879
C       10.58375340      15.19323426       2.74252838
C        7.19172205      15.70700092       1.22185809
C        6.35524958      15.82325223       2.35866030
H        8.57830608      14.60897514       4.63071828
H        9.19865303      15.58688969       0.42917794
H       11.05449139      16.05044872       2.19841283
H       10.83546270      15.10106506       3.77089069
H       10.93880389      14.24040759       2.34002798
H        6.75607500      16.00739482       0.30025682
H        5.31340539      16.07226079       2.16338413
H        6.46161556      14.92389165       5.36895196
O        4.77144706      14.59068447      10.34582999
C        6.50180905      13.00029281      13.24793714
C        6.08384505      14.03915860      12.31091317
C        6.11864803      11.62691316      13.06529413
C        5.27765985      13.64504427      11.22755939
C        7.42508738      13.33044084      14.35028156
C        5.28626616      11.30332896      11.98566123
C        4.81201949      12.29078181      11.12830947
H        6.50873037      15.00976222      12.41139307
H        6.46780372      10.95036343      13.81604527
H        6.83721323      13.80553576      15.17594688
H        7.89258118      12.42353737      14.71339080
H        8.19894720      13.96213822      13.98200454
H        4.94134553      10.34286881      11.90735541
H        4.21116792      11.93648853      10.27987706
H        4.13920142      14.25196912       9.69272708
O        5.42761963       3.01066209      12.40139042
C        8.73192483       4.19394217      11.18664513
C        7.68208276       3.28112109      11.55138082
C        8.47841294       5.53402079      11.10763134
C        6.38204825       3.79776215      11.88822187
C       10.03408794       3.52102480      11.16970550
C        7.21197981       6.06612101      11.39976995
C        6.17625746       5.19530768      11.85104800
H        7.81135280       2.17114490      11.50794088
H        9.24020048       6.32066946      10.79678348
H       10.13886794       2.44721552      10.84606944
H       10.77666409       4.00782650      10.52968966
H       10.38796074       3.45279801      12.19978563
H        6.90730190       7.08029672      11.27281738
H        5.23339650       5.60387961      12.07973887
H        5.62344506       2.03698409      12.39707268
O       13.86557848       4.14908540       2.82043684
C       17.32054672       3.70855506       1.61902382
C       16.04251742       4.27114714       1.87533043
C        0.09733526       2.66568243       2.43466971
C       15.15488852       3.65869060       2.76246699
C        0.57049359       4.39938359       0.68155922
C       16.94016756       2.01262746       3.31756703
C       15.59685115       2.48964056       3.41246425
H       15.80598084       5.14814493       1.25408751
H        1.15617409       2.45671867       2.30622278
H        0.45781275       5.47609089       0.76407527
H        1.55018275       4.06233761       0.87050187
H        0.27285882       4.20503964      17.38703002
H       17.32059250       1.27381619       3.99153240
H       14.92641927       2.05531992       4.13566726
H       13.73228596       4.99238527       2.30144642
O       15.45294945      16.83914404      13.38462765
C       17.43483032      16.54251921      16.50211878
C       16.87498051      16.18836239      15.25613593
C       17.27689676       0.11846801      16.99750053
C       16.20700426      17.19897358      14.51708444
C        0.54065113      15.50588572      17.27982889
C       16.67462124       1.11425285      16.25777864
C       16.15322858       0.81632264      15.00199595
H       16.90160776      15.07202530      15.03563038
H        0.15264388       0.35842904       0.22543082
H        0.32109723      15.36821477       0.61547461
H        0.36865537      14.49838646      16.96260888
H        1.52370867      15.70921942      17.04316736
H       16.65755732       2.10841745      16.66040296
H       15.77485435       1.59988967      14.38764520
H       15.44868812      17.51478892      12.71752660
