512
Lattice="17.7128441229 0.0 0.0 0.0 17.7128441229 0.0 0.0 0.0 17.7128441229" Properties=species:S:1:pos:R:3 pbc="T T T"
O       12.04188787       2.85852989       5.38723461
C        9.64442227       3.41007230       8.07909481
C       10.30440944       2.78644273       7.02363820
C       10.03405680       4.69002075       8.51107312
C       11.43810149       3.40375469       6.40250696
C        8.56602352       2.62358828       8.70860825
C       11.03819405       5.32324323       7.81997179
C       11.75242779       4.68876087       6.79080083
H       10.07230705       1.81951607       6.73609801
H        9.42702666       5.08685989       9.27380461
H        8.33431667       3.07322269       9.66887540
H        7.65117727       2.59943473       8.12395404
H        8.97283783       1.65288670       8.91299174
H       11.33134134       6.30614068       8.05021281
H       12.46565284       5.27842119       6.23125340
H       12.42304835       3.51200875       4.84101559
O        9.50636264       3.53459958       2.68184929
C        9.97696626       6.81582915       4.26195795
C       10.06554626       5.78341107       3.31703610
C        9.06114490       6.69931991       5.27756134
C        9.21832362       4.63550210       3.38716271
C       10.92395935       7.96458137       4.25481335
C        8.19550698       5.59690228       5.37127691
C        8.21803115       4.56296737       4.41171225
H       10.73750552       5.90999741       2.51870733
H        9.07089831       7.35767839       6.12600139
H       11.79812977       7.45201483       4.55799001
H       10.87327418       8.52280810       3.32716729
H       10.41486645       8.61575737       4.92854971
H        7.49510047       5.54140102       6.16966538
H        7.66904509       3.62956153       4.58073312
H        9.21116045       2.75702909       3.03813739
O       17.18019763       0.96263961      10.59330831
C       15.31350677       1.96276260       7.47688886
C       16.10516624       1.99829639       8.71167701
C       14.64903479       0.75330565       7.13481095
C       16.33828848       0.88042240       9.54592386
C       15.06413531       3.22514736       6.67126307
C       14.86588664      17.34326797       7.98885587
C       15.77739680      17.38415424       9.15584110
H       16.57170676       2.94484747       8.94841693
H       13.96603215       0.68523782       6.24529820
H       16.05466422       3.67077132       6.38300212
H       14.53977778       3.13081785       5.66389752
H       14.40143631       3.77833544       7.28421134
H       14.33337928      16.40878947       7.84563216
H       15.98330357      16.44017573       9.64361092
H       17.56573328       1.83804308      10.64310116
O        3.20723470       4.30256695      10.69881891
C        2.48385717       4.38111227       7.06609730
C        2.31645841       4.56104194       8.43535120
C        3.63423093       3.83681786       6.54513182
C        3.40414053       4.26002607       9.33835400
C        1.36774058       4.76170128       6.19272239
C        4.73005160       3.53983731       7.41668146
C        4.62676770       3.78292901       8.82857767
H        1.30283109       4.80949358       8.73584679
H        3.74623220       3.57311204       5.46926372
H        1.60851663       4.83145691       5.09220919
H        0.47109096       4.16044969       6.30734606
H        0.99868074       5.78004543       6.46500465
H        5.63410278       3.19636907       6.99258787
H        5.49927804       3.63497444       9.44542458
H        4.00648031       4.09380689      11.25274461
O       11.04563161       8.78432287      10.48074632
C       14.55975019       9.56879949      10.70682243
C       13.16171029       9.69453733      10.66549072
C       15.13484119       8.34838837      10.57799947
C       12.36355649       8.58180531      10.59627638
C       15.44527781      10.75917475      10.78067977
C       14.33599935       7.21753890      10.49484566
C       12.91522871       7.27290070      10.54075433
H       12.72605590      10.75413536      10.69150499
H       16.22053078       8.21049704      10.62408589
H       16.27040155      10.56990005      11.53075049
H       15.86473648      10.88842081       9.73717942
H       14.86891837      11.63923274      11.15114896
H       14.77785981       6.23558622      10.31505740
H       12.28701521       6.46277994      10.37532177
H       10.62013512       9.59293603      10.81891594
O       16.23381311      12.46463699       2.13258765
C       16.57844612      14.18691154       5.29849979
C       16.74798294      13.18287855       4.33375538
C       15.94181302      15.38517054       4.96387773
C       16.22536038      13.47040658       3.02394725
C       16.97165374      13.91347248       6.70334456
C       15.54444133      15.68890879       3.66608195
C       15.64652659      14.74448306       2.68059881
H       17.04850781      12.21861812       4.65495386
H       15.65535752      16.13686416       5.67541757
H        0.38069308      13.95121647       6.91954798
H       16.51157943      14.62817960       7.38097771
H       16.68802464      12.84907448       6.93656814
H       15.13505661      16.69235006       3.50886002
H       15.12206559      14.91483164       1.75312467
H       15.28750669      12.39792897       1.87975099
O        1.57835669       8.85404374       0.98448858
C        3.66177043       6.73075618       3.22122066
C        3.24008451       7.40075270       2.02320719
C        2.98227653       7.01250858       4.43733852
C        2.16638346       8.27381429       2.12440208
C        4.84826581       5.94514456       3.16163071
C        1.93507352       7.92954475       4.55716966
C        1.55480012       8.56220604       3.35032483
H        3.67906783       7.26321479       1.05705231
H        3.22707995       6.52010278       5.37360513
H        5.27958498       5.66342140       4.21602032
H        4.75764845       4.95893858       2.63918121
H        5.64987457       6.57141834       2.78814978
H        1.42552419       8.09409319       5.52584706
H        0.65108578       9.18740084       3.27351305
H        1.12967243       9.68554832       1.23442788
O        0.76874451       8.60833606      11.59884757
C        1.99465492       9.35672704       8.28136632
C        1.17677021       9.29183032       9.44534917
C        3.11782608       8.53505887       8.10966514
C        1.54962405       8.56603293      10.52995401
C        1.50861525      10.22632578       7.14879009
C        3.49129090       7.70088414       9.22606816
C        2.75392055       7.79579642      10.44691089
H        0.27056548       9.88052292       9.46082899
H        3.64531184       8.52179108       7.14621546
H        0.47221761      10.46533283       7.08588969
H        2.01421092      11.21902041       7.27885803
H        1.53691885       9.96176137       6.13598637
H        4.40353186       7.08800410       9.21151575
H        3.09511159       7.13040211      11.15832524
H        1.25635078       8.42290426      12.38682539
O        0.65255288       3.42706224      11.23243455
C       15.50850148       5.10203572      12.82166454
C       16.19776346       4.17458931      11.98854547
C       16.11981990       6.12973551      13.55573181
C       17.61023644       4.33004668      11.97855288
C       14.05779821       4.77798621      13.15861689
C       17.48393831       6.18183997      13.53001951
C        0.50791477       5.27886075      12.74174562
H       15.68015157       3.39082495      11.49644757
H       15.50496299       6.90205793      13.97043373
H       13.57004729       5.51352765      13.79046617
H       13.53072651       4.57367196      12.29428807
H       14.02445074       3.81848785      13.72921475
H        0.40431433       6.90284907      14.15863957
H        1.56993746       5.10780021      12.92619609
H        1.61410629       3.63375530      11.20555422
O        6.68978487       1.11258307      11.98263968
C        3.70840666      16.90861690      11.32652341
C        4.67150913       0.16811800      11.31314092
C        3.64700318      15.97655836      12.40267948
C        5.70510410       0.21175437      12.25049071
C        2.69633836      16.79387833      10.19979914
C        4.68284256      16.05513998      13.38655408
C        5.66958980      17.02165462      13.34228131
H        4.66347300       0.87282231      10.52367029
H        2.94306307      15.16031098      12.33235900
H        2.19610236      15.83177591      10.21873221
H        1.84123564      17.54828218      10.35594312
H        3.06748957      16.89047091       9.20364311
H        4.71082681      15.41810047      14.20778733
H        6.44766719      17.07704964      14.11830000
H        7.45074424       1.17604266      12.51313699
O        2.27694087       9.05808791      16.04326791
C        5.85028500       8.04770098      15.78659179
C        4.68625340       8.78320722      16.13240908
C        5.67741033       6.96874221      14.82838155
C        3.41651741       8.47532836      15.63598827
C        7.19276621       8.41028221      16.30795620
C        4.46777750       6.77350295      14.23253972
C        3.33285031       7.47790741      14.63823816
H        4.70358949       9.58335445      16.88339057
H        6.57348994       6.44464435      14.55239925
H        7.96168705       8.23292147      15.54389713
H        7.30219959       9.48939372      16.44610707
H        7.51238528       7.79141567      17.14376114
H        4.37364461       5.86592351      13.58201089
H        2.40326142       7.23893432      14.05770989
H        2.40619659       9.46256551      16.92996973
O        6.31231552      14.34340447       8.69090198
C        9.75638672      15.52258714       8.42621552
C        8.52691487      14.86995079       8.10030561
C        9.88422304      16.32245321       9.61130964
C        7.48282759      14.93459000       9.01805569
C       10.94723340      15.34130909       7.47266150
C        8.83959243      16.33152100      10.53752747
C        7.62492484      15.68333049      10.25057253
H        8.48092932      14.23987955       7.24995599
H       10.85267314      16.76395993       9.88992566
H       10.80466382      14.56911634       6.70042226
H       11.26099747      16.24859840       7.00787001
H       11.70284812      15.00470911       8.04959840
H        8.89740321      17.05483581      11.34251426
H        6.83765883      15.93623260      10.88742586
H        5.80103043      14.03086537       9.40756698
O       11.18115848      10.58730444      17.46820043
C        8.08760563       9.89306198       1.56638752
C        9.40853196       9.82156614       1.08598060
C        7.27408410      10.94285021       1.09911471
C        9.86957798      10.68063007       0.14360692
C        7.55988349       8.93194405       2.63166048
C        7.70286447      11.86855526       0.10220722
C        9.00414238      11.71454362      17.31238283
H       10.10856259       9.02388840       1.44885731
H        6.29870619      11.15091511       1.53515039
H        6.49284958       9.11931494       2.80078069
H        7.70087114       7.95253032       2.38571941
H        7.97356911       9.04705667       3.62919890
H        7.10996987      12.72922913      17.49072665
H        9.45423598      12.30886777      16.66699607
H       11.36993802      10.96452735      16.61434114
O        8.91974270       0.95173745      13.68664640
C       11.89900115       1.41131160      11.59229715
C       10.55105250       1.39865742      12.00896829
C       12.95964414       1.23354443      12.49470412
C       10.24755633       1.14145743      13.32947838
C       12.12558516       1.59804808      10.09763042
C       12.59897817       0.95237252      13.86486421
C       11.28229025       0.98400474      14.34527372
H        9.74837977       1.67814448      11.27817690
H       13.99904924       1.24093947      12.26998480
H       11.19737673       1.86234827       9.54697326
H       12.87277667       2.34697936       9.89624400
H       12.54516128       0.61201637       9.68101174
H       13.35777572       0.76058726      14.64099179
H       10.96104045       0.73303008      15.29471107
H        8.73553859       1.31905354      14.56148305
O       14.29929474       7.41173219       2.83231547
C       15.40375650       7.83284624       6.18441033
C       15.01978940       7.23373412       4.99503795
C       15.50722936       9.25318589       6.24028197
C       14.75415859       8.07530037       3.94983683
C       15.51700592       6.89784014       7.40206964
C       15.29235718      10.06513245       5.13040061
C       14.88042663       9.49458070       3.95412516
H       14.78056750       6.14853576       4.97410592
H       15.86222369       9.65056538       7.17090250
H       16.15194244       5.98713775       7.15553309
H       16.04568870       7.41616330       8.13262388
H       14.59056604       6.54883913       7.84928130
H       15.44687504      11.09108653       5.34364368
H       14.59216633      10.18252734       3.11412429
H       14.16875499       8.01935758       2.02570082
O       11.00469262      12.62304382       2.56892007
C       12.21853739      11.89711882       5.98964158
C       12.28447802      12.28666211       4.63787263
C       11.03747269      11.31597466       6.50040051
C       11.12667835      12.04824709       3.84069142
C       13.40281336      12.05513417       6.92088044
C        9.88487962      11.11217792       5.68184321
C        9.93903063      11.50372314       4.34494797
H       13.13952500      12.89815177       4.26343997
H       10.96799610      11.07484759       7.54902663
H       13.01700895      12.54914015       7.73930035
H       13.77830972      11.06337861       7.09715770
H       14.25669906      12.61108289       6.56555945
H        9.01139148      10.85246193       6.19630976
H        9.09201657      11.54544914       3.78430160
H       10.21061345      12.33813502       2.13677641
O        8.53043206       2.29642666      15.98720996
C        4.94476301       2.10901574      16.65120059
C        6.20263380       1.72652997      16.22654857
C        4.60508854       3.32403700      17.21740857
C        7.28134894       2.63345666      16.40969799
C        3.84543693       1.12906614      16.30254551
C        5.64899114       4.27897497      17.33598658
C        6.97766628       3.91153254      16.95411098
H        6.45891038       0.76447995      15.91445365
H        3.59998815       3.57901197      17.30399129
H        3.45346754       0.67406055      17.15503859
H        3.03800747       1.70426221      15.86819802
H        4.09531527       0.32935632      15.57047359
H        5.45823357       5.22369910       0.03807810
H        7.73932688       4.72636896      16.99544873
H        9.14334881       2.86159318      16.48019469
O        8.78730336       1.05759832       3.07797912
C        5.99925583       0.61453358       5.40790799
C        7.31884835       0.64915157       4.92482506
C        4.95719361       0.72797295       4.49948609
C        7.53662985       0.89611017       3.56494737
C        5.62658937       0.23969923       6.79637889
C        5.15732607       1.04589275       3.10823803
C        6.46186468       1.06794687       2.63755718
H        8.13914725       0.57415125       5.60797163
H        3.98065428       0.67254823       4.88896980
H        4.72196470       0.60731733       7.18000980
H        5.69901218      16.89835583       6.87794009
H        6.34096879       0.70889421       7.42160213
H        4.29635475       1.23673745       2.40315345
H        6.75330126       1.33080378       1.62738280
H        9.35651409       0.53334707       3.63684902
O       11.95517079      11.43750981      15.01345849
C       10.43527399      11.62525543      11.72978767
C       11.31149644      11.84103050      12.79409080
C        9.35366207      10.73338702      11.82021972
C       11.13956084      11.13241083      13.96069077
C       10.53843675      12.57459625      10.52607303
C        9.10563242      10.02425238      13.02744902
C       10.05970556      10.19483152      14.10999340
H       11.95754824      12.74328778      12.76814283
H        8.56477676      10.79131127      11.06339167
H        9.87471853      13.42589599      10.46934928
H       11.56385114      12.87112252      10.21980574
H       10.21043030      11.97544973       9.68035286
H        8.25550354       9.33125473      13.15380843
H        9.91442772       9.62038733      14.92860992
H       12.36312377      12.24313254      14.77302281
O       13.51578614       9.07309123       0.99834477
C       15.29323112       9.81232413      15.59558229
C       14.27493597       9.83527704      16.59752242
C       16.54310864       9.33847836      15.94039284
C       14.55726633       9.13178694       0.09281818
C       14.97738512      10.39156275      14.22903511
C       16.73332294       8.50405216      17.03533184
C       15.75180633       8.32823705       0.26855581
H       13.31817235      10.21872387      16.34906138
H       17.34386746       9.45744564      15.20753744
H       15.43597243       9.89152181      13.43905247
H       13.87286499      10.21806966      14.07382226
H       15.02861242      11.51084600      14.15060167
H        0.00225783       8.03402355      17.10806824
H       15.97001945       7.74191984       1.13992804
H       12.71732139       9.44391954       0.63518009
O        5.33896689      12.74145272       6.77446135
C        6.91265332       9.44369551       7.13423292
C        6.62991488      10.82811184       7.37256833
C        6.29098305       8.73202592       6.05605012
C        5.65447854      11.46398363       6.56868842
C        7.82809228       8.69545375       8.12289951
C        5.34482263       9.44970374       5.26501870
C        4.93307649      10.78510192       5.57346385
H        7.16000055      11.42029513       8.15556382
H        6.49085826       7.72440821       5.84214815
H        7.45519149       7.72288486       8.34236871
H        8.94000697       8.81280355       7.81915516
H        7.80227972       9.18065082       9.10988202
H        4.99742559       9.03730808       4.37832860
H        4.17612484      11.31742872       5.00887359
H        5.87608864      13.18738029       7.48339062
O        1.18979940      11.56967945       1.85651843
C        1.98751024      13.73283860      16.82210798
C        1.27761400      13.22493444       0.24006007
C        3.24406193      13.18420999      16.38604828
C        1.87421628      12.17469133       0.91979830
C        1.46810767      14.89557183      16.02966124
C        3.81179412      12.17437629      17.12997537
C        3.11072154      11.65388003       0.53455474
H        0.22818260      13.39905017       0.52131475
H        3.79580549      13.69232106      15.56842589
H        0.41037943      15.11595270      16.28902016
H        2.08402655      15.75937086      16.16235656
H        1.46385104      14.50420277      14.97746495
H        4.80922812      11.83313173      16.75815747
H        3.56963500      10.86940895       1.12604472
H        0.32894516      11.93248954       2.10097206
O       15.57389021      14.33874784      12.60127185
C        0.98695875      12.53254088      12.30900057
C       17.66585921      13.23974211      12.94707833
C        1.19615055      12.48778283      10.91375217
C       16.73181503      13.87650846      12.05463088
C        2.03674955      11.86119031      13.21918878
C        0.34293099      13.23723313      10.13025917
C       16.94181855      13.90937274      10.65015072
H        0.04265070      13.16480885      14.01161223
H        1.99170472      11.99031278      10.33558871
H        1.72191541      11.02555119      13.84867199
H        2.71451657      11.32302418      12.60857645
H        2.55611060      12.63275662      13.84587554
H        0.50874193      13.17003941       9.08401594
H       16.29521314      14.47214856      10.02629025
H       15.66971569      15.16977670      13.02605593
O       13.55636868      12.64596212       1.30940572
C       12.30136093      14.30953822      15.98732278
C       12.45672561      13.84891846      17.31623278
C       13.37891546      14.10467515      15.09284643
C       13.58801627      13.11451798      17.68305533
C       10.95736204      14.99482880      15.70294017
C       14.56373812      13.57098286      15.50484000
C       14.70052354      13.04957932      16.87771056
H       11.74834055      14.09753769       0.40437897
H       13.27460892      14.37739532      14.03569030
H       11.07764631      16.04630799      15.31962653
H       10.30183854      14.45741186      14.95834721
H       10.29438819      15.14840856      16.57328139
H       15.37981848      13.43715152      14.80000224
H       15.64356881      12.59213181      17.21823736
H       12.69249188      12.80700381       1.63880097
O       10.11940001       3.93140306      17.60454188
C       11.64582993       6.50931620      15.51661059
C       10.72115775       5.45207110      15.84743529
C       12.74855646       6.81871006      16.31948746
C       10.88721507       4.97492730      17.16746535
C       11.47940151       7.20987955      14.18091917
C       12.95509963       6.10959745      17.44551195
C       12.03622197       5.27344225       0.24462211
H        9.86470554       5.18801080      15.21094188
H       13.48777667       7.39628261      15.89556255
H       11.61554237       6.54130841      13.37423049
H       10.42547175       7.49084780      14.05119935
H       12.05660501       8.15991343      13.99726931
H       13.85657546       6.10081907       0.28218533
H       12.20353071       4.80739393       1.17673462
H        9.98675106       3.94885514       0.86095374
O        3.09895786      14.62564026       7.04874272
C        1.26438825      17.19355263       5.22838401
C        1.76145839      16.42872566       6.26403405
C        1.11192468      16.65190173       3.90387974
C        2.49647054      15.29071946       6.00280216
C        0.74798625       0.87154203       5.37879106
C        1.78203065      15.39891291       3.68859603
C        2.55076988      14.74435029       4.66054752
H        1.70701919      16.75834874       7.27003728
H        0.67349800      17.25496684       3.04509920
H       17.35042489       0.95894592       5.35331618
H        1.16994040       1.45150713       6.18309069
H        1.19387505       1.42391788       4.49598912
H        1.82133935      14.86620512       2.71750313
H        3.21497532      13.93528443       4.50070215
H        3.98646142      14.27263784       7.06684570
O       10.96243344       0.61901087       4.79302153
C       12.40568513       0.61644700       1.56078040
C       11.93430940       1.08068251       2.73298214
C       12.67254720      16.96175230       1.30170279
C       11.61274487       0.17947425       3.72751557
C       12.72141223       1.65017696       0.47647599
C       12.48999299      16.03953100       2.30476870
C       11.89908929      16.51680219       3.53805305
H       11.71054043       2.16939832       2.88966118
H       13.24567655      16.72189861       0.35997846
H       13.32413976       2.52937951       0.81847425
H       13.17550291       1.16188021      17.30390511
H       11.74053460       1.94752981       0.11474767
H       12.85617301      14.98955744       2.12421641
H       11.71198567      15.77954907       4.32353640
H       11.41449143       1.46011134       5.01094584
O        5.76565952      15.37443938      17.54038968
C        7.13074654      15.16016998       3.26183875
C        6.23926744      15.08636066       2.19244202
C        8.53910974      15.43081108       3.03675203
C        6.64734576      15.41815458       0.89160562
C        6.61888775      14.74791615       4.65459644
C        8.96808663      15.72651450       1.72048658
C        8.01951470      15.79480151       0.67506659
H        5.15485502      14.84247054       2.27305131
H        9.31316919      15.24849101       3.79176743
H        6.67740780      13.63921916       4.77234391
H        7.01601577      15.33912973       5.47206181
H        5.64479274      15.15431497       4.64320484
H        9.97370987      15.84815344       1.42190559
H        8.30623423      15.94866853      17.37384205
H        4.93768554      15.56308209       0.20454536
O        4.50016651      12.55035698       9.79265137
C        6.10232272      11.92472207      13.01063722
C        5.65386744      12.62152931      11.88427432
C        5.74957390      10.58768087      13.20428027
C        4.95287713      11.87393340      10.88429463
C        6.78487094      12.61820795      14.09592452
C        5.02645254       9.83190140      12.22727946
C        4.62776303      10.51916453      11.07485931
H        6.01296061      13.62734118      11.61722937
H        6.10961445      10.06149022      14.09802473
H        6.29831558      13.49871862      14.43351518
H        6.99577498      11.99793577      14.99639460
H        7.79898305      12.94600629      13.76897033
H        4.97110785       8.73390678      12.22746430
H        4.01439759      10.12651952      10.26419477
H        3.96654783      11.91620944       9.26301100
O        5.41648478       3.73786885      12.17588812
C        8.86769998       5.14064062      12.02310191
C        7.81812264       4.23435370      12.20891685
C        8.53054310       6.43804659      11.49248782
C        6.45333986       4.64690053      12.03321499
C       10.26973412       4.72895003      12.08977345
C        7.18520690       6.86090485      11.37358758
C        6.18210148       5.97543170      11.68208239
H        7.93393995       3.18795924      12.57006442
H        9.34416936       7.13451454      11.20713866
H       10.69354144       4.55310456      13.06059635
H       10.47601452       3.85519346      11.51791950
H       10.94231548       5.44380813      11.64837002
H        7.15669485       7.80569465      10.89461126
H        5.10648929       6.37207031      11.68239973
H        5.82005510       2.85005059      12.10672526
O       13.76564122       4.33173098       3.33034855
C       17.28740069       4.01198502       2.00376309
C       16.05067705       4.61379647       2.26067211
C       17.42784498       2.60331591       2.22912446
C       14.98206895       3.85069970       2.85758733
C        0.68357719       4.79346370       1.41750304
C       16.33419262       1.81850019       2.68003495
C       15.14709038       2.47481339       3.07982176
H       16.01719271       5.68225242       2.07860372
H        0.63245325       2.01066760       2.12538550
H        1.72443469       4.38828956       1.46596243
H        0.48141385       4.91157501       0.33226765
H        0.81103793       5.67727559       2.04257407
H       16.42144079       0.81213003       3.04998668
H       14.43120836       1.88063161       3.60183487
H       13.81784546       5.25722226       3.21797357
O       16.16029716      17.12834447      12.77726890
C       16.27450798      17.56028314      16.36583268
C       16.18836517      16.89187356      15.11013490
C       16.67079790       1.22785869      16.46727106
C       16.40280268      17.68368433      13.95412992
C       16.06126155      16.91037106       0.00096597
C       16.99409081       1.96184159      15.25679283
C       16.88276790       1.32359751      14.00471005
H       15.77090523      15.95471241      15.06475491
H       16.77368915       1.71684890      17.41283958
H       17.03802915      16.59927416       0.53298792
H       15.50134411      17.57979008       0.64734140
H       15.66656815      15.92071515      17.52389464
H       17.31905975       2.97894937      15.34183930
H       17.09313107       1.85842847      13.09731741
H       16.58401930      17.60720295      12.06224973
