512
Lattice="17.7128441229 0.0 0.0 0.0 17.7128441229 0.0 0.0 0.0 17.7128441229" Properties=species:S:1:pos:R:3 pbc="T T T"
O       12.02234606       3.46031419       5.31578167
C       10.44504239       3.65191226       8.56479809
C       10.79266688       3.19795733       7.28660564
C       11.10814488       4.76137197       9.11367980
C       11.76707984       3.86432798       6.55590810
C        9.41590526       2.95079330       9.35533370
C       11.98677327       5.49088470       8.27441079
C       12.26064459       5.08953695       6.97050476
H       10.38723238       2.40000513       6.76183921
H       11.03995810       5.06362876      10.18581073
H        9.11143718       1.99036416       8.91139980
H        9.64020227       2.93546965      10.41605063
H        8.49000915       3.47930205       9.22067660
H       12.31107737       6.44487707       8.58297973
H       12.88366990       5.67708322       6.32832374
H       12.78134810       3.92239510       4.95237218
O        6.49120214       5.64270786       1.64245579
C        9.48874785       6.39829149       3.71159976
C        8.61150855       6.26790218       2.57674465
C        9.13145817       5.81631063       4.89871557
C        7.36718956       5.62608785       2.70499350
C       10.72284280       7.17064927       3.62317557
C        7.94677553       5.17418866       5.04034381
C        7.02254218       5.13029225       3.99558578
H        8.97036759       6.73945153       1.70377024
H        9.80811404       5.94944591       5.66397980
H       10.88620629       7.93172486       4.39407960
H       11.51885977       6.44208753       3.76552900
H       10.89317915       7.49338662       2.59516065
H        7.77499215       4.67511099       5.95780535
H        6.06898558       4.72613496       4.25725490
H        6.87901980       5.52081373       0.79758655
O       17.14096633       1.14172583      11.29348955
C       15.63685801       0.97476737       7.92315971
C       15.97024081       1.42592237       9.17826999
C       16.04515985      17.37952448       7.61323048
C       16.74421627       0.66572866      10.04499630
C       14.83341277       1.89368066       7.00816933
C       16.69383205      16.58474907       8.53635379
C       17.13538130      17.09342954       9.69032819
H       15.56417167       2.39186679       9.50734066
H       15.85315734      17.07640930       6.58788460
H       13.94182093       1.40422854       6.48634014
H       14.53873077       2.88560175       7.36159697
H       15.40718124       2.23910714       6.21702665
H       17.04314155      15.61422262       8.25022968
H       17.69050735      16.40738570      10.34494694
H       16.97859319       2.06828000      11.23965896
O        2.34604011       4.19944754      10.79276818
C        1.94596892       3.90736774       7.11257138
C        1.66368630       3.98045736       8.52932991
C        3.33471139       4.07330995       6.66539662
C        2.69765845       4.19961180       9.44402877
C        0.79344899       3.67253442       6.14268229
C        4.40043170       4.31565095       7.58204338
C        4.03484803       4.45911217       9.00086535
H        0.71987489       3.78756888       8.94883238
H        3.59668088       4.08725469       5.55484518
H        1.22050113       3.84792108       5.09311689
H        0.41204945       2.67707575       6.15819107
H       17.67159968       4.34300462       6.33374384
H        5.40722032       4.49426348       7.17035946
H        4.77907042       4.79303109       9.64829945
H        3.16377146       4.14625947      11.31811524
O       10.66951854       8.87148474      11.32322251
C       14.20653768       9.79904452      10.64613606
C       12.85069221       9.93261954      10.91766260
C       14.87158416       8.62719917      11.03375021
C       12.05321148       8.81387740      11.35109441
C       14.96653730      10.87723295       9.85462562
C       14.15683254       7.50292713      11.53175762
C       12.75014158       7.65210454      11.69212651
H       12.31519308      10.78430041      10.65627597
H       15.92034638       8.51560789      10.77830965
H       14.59536543      10.60618585       8.83228246
H       14.72608877      11.90644093      10.15400486
H       16.06635034      10.83346086       9.84236048
H       14.74412312       6.53075801      11.72095683
H       12.21138424       6.78349666      11.99712962
H       10.21134704       9.72381764      11.48637991
O       15.88596968      12.05056235       3.22176303
C       16.29516969      13.06136588       6.83688406
C       16.53995609      12.40676091       5.55522266
C       15.18130146      13.93601602       6.93884296
C       15.66966170      12.59679906       4.43520484
C       17.22703307      12.82305300       8.00382069
C       14.31777579      14.08541788       5.82172771
C       14.50265339      13.37044461       4.64330781
H       17.46480277      11.83780253       5.50171399
H       14.95334553      14.49244450       7.86090686
H       16.69457610      13.06457043       8.93974895
H       17.50058123      11.71311496       8.01857774
H        0.40309766      13.46696308       7.96742686
H       13.47556137      14.78083154       5.92899496
H       13.84554844      13.68514592       3.87227172
H       15.13864880      12.16139505       2.63125893
O        3.50063647       9.41310197       2.97615652
C        2.41158996       6.03147710       2.74216483
C        3.23427885       7.16149327       2.66531722
C        1.12772414       6.10938893       3.33601007
C        2.70175367       8.35214168       3.07508853
C        2.92134430       4.76251874       2.21322716
C        0.63412688       7.38877563       3.80246073
C        1.42819455       8.48952145       3.65769673
H        4.18940034       7.32170861       2.21282746
H        0.46822577       5.24085886       3.41812498
H        3.36098898       4.03941418       2.91107089
H        2.17773559       4.18661066       1.67728937
H        3.73800380       4.99053712       1.48109837
H       17.41186918       7.36192178       4.20726962
H        0.99045102       9.40446434       3.98718927
H        2.87868911      10.09499208       3.11175806
O        2.65645304       7.25045738      10.67755231
C        2.83737795      10.57162103       8.95398522
C        3.16802759       9.54785998       9.89434122
C        2.11635219      10.31585826       7.75186137
C        2.59480654       8.27656472       9.76243811
C        3.26690624      11.98740761       9.21497693
C        1.65985270       9.02006723       7.56344785
C        2.02628293       8.04420491       8.46868171
H        3.72619158       9.78836995      10.85450309
H        1.83235913      11.12458356       7.03948462
H        3.31013200      12.18356758      10.21751466
H        4.20867668      12.13998419       8.72699665
H        2.42365528      12.61196854       8.82696853
H        1.15569729       8.84191319       6.68413962
H        1.61858330       7.03042702       8.31039480
H        2.38809179       6.42185583      10.30753790
O       17.18708835       3.88243540      11.44311558
C       14.53549016       4.61230242      13.92292042
C       15.26576246       3.91177410      12.89351042
C       15.06593141       5.66600957      14.59836228
C       16.52133028       4.42830948      12.44937631
C       13.08637950       4.18405267      14.17849880
C       16.40388232       5.97623712      14.31996708
C       17.15253916       5.43460773      13.25741942
H       14.83564813       3.00214100      12.43055948
H       14.48911812       6.04816906      15.43529593
H       12.69803917       3.66025605      13.26615213
H       13.18468523       3.59971696      15.14182789
H       12.39283157       5.00521512      14.40949652
H       16.77963294       6.81032055      14.86331990
H        0.47629841       5.74253511      13.13140276
H        0.40074281       4.12101129      11.44214721
O        6.74557086      17.46583156      13.00216536
C        4.41005673       0.05101575      10.20513442
C        5.02298187      17.30582108      11.36294862
C        4.95123151       1.18196532       9.61952167
C        6.19043245       0.17284551      11.85053744
C        3.18367576      17.11369210       9.45985642
C        6.12932280       1.79843911      10.11611082
C        6.76372916       1.30018788      11.23179049
H        4.55918443      16.34651240      11.66942107
H        4.52746600       1.59148456       8.68029548
H        3.40492400      17.22574812       8.41002422
H        3.11307011      16.08591383       9.59778675
H        2.26387450      17.67607551       9.67664036
H        6.44441508       2.68937847       9.57214076
H        7.63572118       1.87639547      11.61475895
H        7.48408772       0.33993095      13.21693970
O        2.47214436       8.95155369      17.35666639
C        5.00678972       8.20425666      14.80937830
C        4.42466648       8.60231133      16.03802112
C        4.18379322       7.79089020      13.70689280
C        2.99081059       8.62105159      16.14464343
C        6.53897622       8.14524476      14.73004296
C        2.77112262       7.70187539      13.86765680
C        2.21622720       8.20171083      15.06931179
H        5.09999211       8.83753238      16.83809078
H        4.53757691       7.48057874      12.77072902
H        7.01210820       8.86582976      15.42902080
H        6.88572087       7.09910019      15.00326372
H        6.94666458       8.43999046      13.72772304
H        2.14897501       7.41475288      12.99399133
H        1.19648838       8.16789780      15.16921687
H        2.86023332       8.40133028       0.36208505
O        7.94092681      16.53514172       5.99563682
C       10.70243470      16.81402873       8.44487414
C       10.04724635      16.84610663       7.24629042
C       10.00649959      16.53781455       9.60644266
C        8.59458251      16.62020196       7.18720842
C       12.23830301      17.10528999       8.45384724
C        8.60102554      16.29321927       9.55122121
C        7.90164460      16.38161140       8.38774273
H       10.57043835      17.20194841       6.32491538
H       10.43044956      16.53455732      10.55643216
H       12.53451482       0.25950882       9.03232039
H       12.78181995      16.23594744       8.80825135
H       12.50046481      17.35908409       7.36362985
H        8.10589733      16.01973168      10.46130566
H        6.87043989      16.13075698       8.40719895
H        7.08355490      16.16964403       6.20499075
O       10.19288619      10.55468191      16.81013594
C        7.35053201      10.36691662       1.47555826
C        8.58952088      10.08483085       0.86977530
C        6.50023795      11.36728347       0.95685858
C        8.95323621      10.76845265      17.40317203
C        6.88878405       9.59282209       2.69972759
C        6.87491104      11.96047942      17.42670149
C        8.09021501      11.66587201      16.80553681
H        9.23291812       9.32331831       1.39709553
H        5.61671943      11.60612312       1.51259568
H        7.80780443       9.45427526       3.34142322
H        6.14945327      10.15825867       3.25096133
H        6.49552565       8.58246367       2.52526264
H        6.16768949      12.55684801      16.84298316
H        8.20994309      12.20024404      15.84865158
H        9.96556909      10.59212640      15.90555410
O        8.73023113       1.37075639      14.07899891
C       12.36031833       0.60928406      14.10915584
C       11.00620234       0.79315940      13.67842818
C       12.62804994       0.94752406      15.43451069
C       10.01321975       1.27506988      14.57168616
C       13.47376659       0.07869176      13.20142527
C       11.66902742       1.40711662      16.25886388
C       10.40277181       1.63114072      15.89184952
H       10.78112430       0.52474973      12.66492429
H       13.66680948       0.84189167      15.75043020
H       14.30264127      17.45352105      13.81179242
H       13.12039037      17.01439897      12.50424179
H       13.81388319       0.90323735      12.56299403
H       11.89067076       1.56770550      17.35720208
H        9.65520093       1.99331090      16.59699032
H        8.16501388       1.84733202      14.70398502
O       14.14183151       6.99850954       4.06384826
C       15.78610442       6.66019174       7.28512619
C       15.24888534       6.25351638       6.04136471
C       16.24117972       7.99841181       7.44893652
C       14.99170013       7.22761802       5.10520688
C       15.89570905       5.64400423       8.45226520
C       16.00545239       8.96152116       6.44178087
C       15.45211299       8.54011141       5.21546251
H       14.82338647       5.27986632       6.05130173
H       16.47761248       8.38949649       8.38156528
H       16.59062492       6.04295499       9.22447099
H       14.95503174       5.22391516       8.82353331
H       16.37421524       4.76779794       8.03327487
H       16.28534023       9.94169200       6.63399745
H       15.26972946       9.38310308       4.44784571
H       14.03300873       7.80563105       3.56501362
O       11.59811627      10.52256227       1.86368259
C       11.31924640      11.63312395       5.35876913
C       11.74963233      10.89150754       4.23410279
C       10.17656735      12.46726705       5.32713497
C       11.20387150      11.19211140       2.98054046
C       11.98455122      11.44822162       6.76988025
C        9.64399391      12.72582647       4.05671676
C       10.19391601      12.11891557       2.86608465
H       12.61180488      10.20113539       4.37826824
H        9.70474550      12.92363017       6.19798700
H       11.31749006      11.46602250       7.60611100
H       12.46805135      10.48921666       6.83189948
H       12.69316858      12.28018086       6.91883956
H        8.73672952      13.29708435       3.92730778
H        9.58328687      12.33055980       1.97740977
H       10.99170300      10.58977537       1.10227533
O        7.22861249       2.87858270      15.54126685
C        3.52872601       2.98914430      15.38195710
C        4.87096939       2.53053584      15.22884491
C        3.38373510       4.36971101      15.76488637
C        5.97898223       3.29916122      15.64685175
C        2.33188484       2.10686744      15.05540605
C        4.44748169       5.09772166      16.23807929
C        5.77537624       4.61749565      16.11461773
H        5.25815005       1.52972361      14.84510393
H        2.41892167       4.91934499      15.67651119
H        2.62560337       1.09198360      15.08179782
H        1.49673440       2.35556475      15.74902152
H        1.91447946       2.25003959      14.02815425
H        4.28476722       6.16404132      16.52734483
H        6.65390763       5.30629064      16.15617423
H        7.77338675       3.52033382      16.10049785
O        8.78379846       2.44811822       2.16076526
C        5.91680697       1.49713915       4.27997070
C        7.20761890       1.79560429       3.80952336
C        4.90412711       1.25416661       3.27676737
C        7.50605599       2.00535151       2.40435120
C        5.58040578       1.55587863       5.73657568
C        5.27955377       1.41141449       1.94925013
C        6.54271930       1.79401443       1.42097370
H        7.98386559       1.91441087       4.53831929
H        3.84393297       0.93734874       3.48274227
H        5.94038422       0.61318157       6.12942560
H        6.14653464       2.25427789       6.28401607
H        4.56095688       1.74637159       5.74428694
H        4.45755198       1.38535039       1.28479837
H        6.53488134       1.96354115       0.36299853
H        9.41569552       2.02783485       2.83466428
O        9.61312665      11.07312246      13.32709075
C       12.60922731      12.98880823      12.34586714
C       11.73828870      12.19635259      13.09561635
C       12.11779878      13.51764150      11.13687473
C       10.45979346      11.90485045      12.58376341
C       13.93629302      13.47079350      12.81630569
C       10.78798641      13.31160192      10.66394782
C        9.98948164      12.47740528      11.42751859
H       11.92996392      11.82059015      14.17195708
H       12.91248435      14.10643961      10.61743475
H       13.75571641      14.36816210      13.40236696
H       14.33211337      12.80969913      13.54757183
H       14.67100821      13.56806854      12.00305334
H       10.26442553      13.71700851       9.82616647
H        9.04196668      12.35956994      10.91863853
H        8.75031227      11.05691778      13.01766010
O       13.68202261       8.93406474       2.13904299
C       15.15364463       9.42983123      16.53820807
C       14.22913641       9.46355578      17.58537688
C       16.46029934       8.98162622      16.79635511
C       14.56858605       8.94215918       1.12015249
C       14.68167558      10.03641980      15.16413717
C       16.82317934       8.41323135       0.31451659
C       15.86059502       8.37939263       1.36865779
H       13.22487424       9.96881395      17.38129638
H       17.11755435       9.04271979      15.97762211
H       14.09866512       9.18587007      14.71908902
H       14.02974263      10.92808673      15.27978460
H       15.53236842      10.32810738      14.51728750
H        0.12029724       8.04512406       0.37929235
H       16.22675546       8.00638814       2.33529279
H       13.00975875       9.54892850       2.08350408
O        6.91048599      11.62437800       5.68822547
C        8.56157941       8.67920053       7.13366405
C        8.29609810       9.94062943       6.67007047
C        7.52372983       7.72068172       6.91988003
C        7.13689121      10.30688827       6.02961173
C        9.85320496       8.33102069       7.78322120
C        6.30695971       7.99223675       6.25488802
C        6.13061902       9.31760957       5.86840834
H        9.00921797      10.67998331       6.94059780
H        7.57558120       6.81435746       7.41644174
H       10.81887015       8.64299001       7.13884306
H        9.99043615       8.76235553       8.77241648
H        9.94111144       7.28445646       7.84771670
H        5.57476264       7.19082244       6.20938028
H        5.17539180       9.68013283       5.51927102
H        7.51597105      12.05307472       5.13388351
O        0.73186750      11.75867047       2.65889941
C        0.37034520      12.47794878      16.83189754
C        0.00765508      12.20828116       0.44431699
C        1.72244777      12.49825869      16.41773225
C        1.06170601      12.02758465       1.39443323
C       16.95920271      12.66211354      15.83333764
C        2.78338749      12.41145206      17.35312565
C        2.44000767      12.17070145       0.99684035
H       16.64625887      12.20630146       0.74797088
H        1.98494841      12.56775413      15.40323091
H       16.94284917      13.70580816      15.47509132
H       17.29281264      12.06296058      14.95723618
H       16.01436459      12.30009429      16.33609960
H        3.79780301      12.45680194      17.07340147
H        3.25587656      12.17956905       1.67530127
H       17.47286226      11.62236150       2.68337705
O       17.04790358      14.49208744      11.93177746
C        0.51761832      11.20091259      12.51830271
C       17.33442261      12.28416113      12.32985159
C        1.81032135      11.39428929      12.88009708
C        0.22132684      13.57290766      12.30378574
C        0.02739572       9.77625524      12.31239955
C        2.36750719      12.70245033      12.97356487
C        1.59144533      13.80388838      12.66442057
H       16.25316525      12.16596755      12.12013478
H        2.36176823      10.47959669      13.14303932
H        0.71373915       8.94060424      12.50843755
H       16.81817377       9.59176589      12.76725087
H       17.62846225       9.56972069      11.22147713
H        3.40150638      12.86939387      13.23693715
H        2.08265774      14.77620082      12.82616180
H       17.38321153      15.26532557      12.36873052
O       13.86218307      12.39505228       1.56374764
C       12.42631395      14.26502808      16.35245942
C       12.58948239      13.30954609      17.39778479
C       13.49247854      15.16664409      16.09777655
C       13.78786196      13.29393948       0.49431355
C       11.09765529      14.41432911      15.57422354
C       14.64223289      15.03989327      16.78360303
C       14.82957408      14.22746765       0.17351702
H       11.76612594      12.66341340      17.68148282
H       13.39725133      15.89256778      15.37591784
H       10.47617199      15.32506206      15.88883827
H       11.18270886      14.40929483      14.47844757
H       10.39346494      13.52956480      15.62729249
H       15.51043764      15.69638834      16.54571672
H       15.74014502      14.40820574       0.76094167
H       12.98919598      11.94835481       1.64373865
O        8.89485473       4.23726023      17.65455442
C       10.61810509       6.98964984      15.94518410
C        9.67120475       5.99101679      16.22244948
C       11.79660836       7.06653177      16.76302625
C        9.82850745       5.13943396      17.32652355
C       10.36507705       8.05260747      14.91837814
C       11.93452791       6.19741315       0.10889440
C       11.02340543       5.18025897       0.34970685
H        8.78329522       5.93118814      15.62665984
H       12.46678165       7.84616812      16.44112426
H       11.24142919       8.80963652      14.94627128
H       10.34488796       7.58067910      13.93241029
H        9.41089242       8.60764007      15.12601716
H       12.82152619       6.35912558       0.72675526
H       11.26158652       4.45257601       1.15756894
H        9.15431240       3.75946852       0.68490201
O        5.99401234      14.64440060       6.45840702
C        2.68094368      15.94675274       5.55449268
C        4.00066884      15.93028076       5.98456214
C        2.07637861      14.72181694       5.15632393
C        4.69450214      14.70481182       5.97180805
C        1.87835157      17.17671320       5.68957897
C        2.80130802      13.52554353       5.13441879
C        4.12170471      13.47084547       5.53663233
H        4.39505184      16.83776631       6.35120832
H        1.08064303      14.77069279       4.85450397
H        0.80325561      16.96873734       5.54144380
H        1.99500478      17.58434145       6.70716732
H        2.23178100       0.26301478       5.10972641
H        2.31625809      12.59999918       4.82649520
H        4.61188322      12.56672805       5.48320233
H        6.09276609      13.82564142       6.91661714
O       10.51125067       1.65361070       4.30985261
C       12.78329126      16.81250199       2.98540385
C       12.29990914       0.26408823       3.58528262
C       11.92869894      15.91276921       2.38556950
C       10.95107574       0.51043992       3.69857293
C       14.30643509      16.56298721       2.94122768
C       10.56332634      16.05786750       2.53795542
C       10.07962983      17.22320985       3.19330094
H       13.03539842       0.92071016       3.94922233
H       12.12402206      14.94465961       1.82689275
H       14.66708398      16.69583371       1.89888723
H       14.90006504      17.07362413       3.64364920
H       14.37509779      15.47332084       3.04000885
H        9.92145531      15.24561438       2.16371083
H        9.03482200      17.35893110       3.37204090
H       11.22800501       2.23384577       4.52617406
O        5.50100359      16.14352444      14.91697550
C        5.93251382      15.55986641       0.76086461
C        5.36112551      15.64827539      17.20428974
C        7.26876857      16.03018745       0.89457695
C        6.10651783      16.17814212      16.16502969
C        5.23548516      15.03423669       1.91456758
C        8.07330531      16.47498273      17.55071149
C        7.47723323      16.51612980      16.32935856
H        4.25246558      15.43818774      17.03605417
H        7.70779592      15.86788106       1.82694105
H        4.66523898      15.87083576       2.23515077
H        4.63086928      14.15408046       1.72659570
H        5.97420412      14.77216954       2.62768927
H        9.09962968      16.83417995      17.66226597
H        7.93189601      17.00946212      15.43779806
H        6.03711014      16.59021666      14.23421172
O        6.71709612      12.42388205       8.43596772
C        6.57116085      12.35679329      12.15572764
C        6.64798762      12.78841988      10.83220836
C        6.38147231      10.99182937      12.38617380
C        6.59398643      11.91176412       9.72390843
C        6.65583037      13.27588289      13.35349490
C        6.23683219      10.02422119      11.33677667
C        6.38458585      10.55126627      10.02591362
H        6.82952782      13.83902917      10.71075103
H        6.23524590      10.59231055      13.38733046
H        7.32120227      14.15039988      13.11217846
H        5.71399680      13.45523897      13.86560944
H        7.17160987      12.82846643      14.20831625
H        6.07550964       8.94607465      11.62239768
H        6.30230660       9.87183711       9.16281618
H        6.71039095      11.67880383       7.82611897
O        4.87398228       4.56392715      12.25612322
C        8.59641991       5.01518095      12.19509464
C        7.27068866       4.55980135      12.59643381
C        8.70353215       5.99963500      11.19377265
C        6.07619601       5.15146799      12.04667062
C        9.83485411       4.46518707      12.90664077
C        7.49616806       6.52658804      10.65907428
C        6.24091529       6.15494281      11.06519789
H        7.30335702       3.71551174      13.23530447
H        9.67425109       6.35948240      10.85596886
H        9.77385934       4.63849912      13.97004069
H        9.89507688       3.34623771      12.69550333
H       10.77123130       4.87382377      12.53214877
H        7.65452414       7.35420990       9.91721099
H        5.43140585       6.65752545      10.62502851
H        5.08787186       3.90572176      12.89740803
O       14.42417501       4.28643037       3.94448053
C       16.77444224       4.06760851       1.10365790
C       15.75847059       4.57090625       1.94136980
C       17.47316412       2.90595933       1.46578577
C       15.35115843       3.83830014       3.09052233
C       17.06117418       4.68098288      17.50560480
C       17.05580566       2.16082468       2.55619387
C       16.04928524       2.65003785       3.42284450
H       15.11341686       5.31365969       1.55945262
H        0.47633084       2.43821467       0.83203740
H       16.92044545       3.97898800      16.67469916
H       16.57664041       5.63642176      17.30938669
H        0.35333691       4.91542764      17.51510412
H       17.57639787       1.21749119       2.77955475
H       15.82836499       2.05183536       4.31530174
H       14.49165688       5.26151128       3.90396164
O        0.07614089      16.88795644      12.95342012
C        0.59673943      16.64276366      16.58488850
C        0.74168313      16.35698168      15.13611774
C       17.41369282      17.58615278      17.04465851
C        0.01803523      17.20700626      14.26419222
C        1.34441318      15.79441791      17.66238877
C       16.70646395       0.70003501      16.13137873
C       16.92285237       0.51111185      14.75105228
H        1.42915958      15.63568196      14.76864736
H       17.30660058       0.02077559       0.37995507
H        0.68034068      15.19309472       0.55825368
H        1.89460439      15.00549393      17.09085886
H        1.97169933      16.49404319       0.49900630
H       16.13094399       1.59120714      16.48580332
H       16.34639177       1.09065426      14.00657480
H       17.58635538      17.66884496      12.39564363
