512
Lattice="17.7128441229 0.0 0.0 0.0 17.7128441229 0.0 0.0 0.0 17.7128441229" Properties=species:S:1:pos:R:3 pbc="T T T"
O       11.69190261       3.16995075       5.40557893
C        9.92897803       4.08030954       8.62841423
C       10.34033305       3.39386676       7.45590593
C       10.48479340       5.39161633       8.85884991
C       11.31177493       3.92424534       6.52702864
C        8.92546656       3.45465006       9.59023493
C       11.45788448       5.96938603       7.96411740
C       11.87410338       5.18722623       6.83427843
H        9.81805466       2.57750147       7.08149777
H       10.21700214       5.97682441       9.76504720
H        8.54251181       2.50393719       9.15834160
H        9.20502051       3.26338154      10.58659532
H        8.09511801       4.11797271       9.68569671
H       11.93967536       6.94696011       8.22729926
H       12.42510845       5.72292503       6.07565638
H       12.49649980       3.52819682       4.95528634
O        6.92806774       4.96620125       1.97218758
C        9.43731788       7.05831804       3.67514507
C        8.71949203       6.33110189       2.62217864
C        9.18432524       6.71073879       5.02593227
C        7.65142797       5.53246728       2.95978347
C       10.64417274       8.03733029       3.43855538
C        8.09704746       5.92130027       5.38028846
C        7.33036455       5.34344314       4.33683175
H        8.89331327       6.46705067       1.59084595
H        9.71177074       7.33551184       5.77909286
H       10.62897670       8.77425850       4.21590808
H       11.66630160       7.57675284       3.50535947
H       10.56171569       8.61282393       2.55586590
H        7.66593222       5.82680026       6.38011871
H        6.49645101       4.72857651       4.62877180
H        6.49639747       4.18418562       2.24906044
O        0.03241006       0.64314874      10.77189539
C       15.12068993       1.76221184       8.47997805
C       16.06797314       1.71141538       9.55074310
C       15.14414666       0.72293894       7.50949831
C       16.95908923       0.59589202       9.67249916
C       14.13741229       2.87308973       8.53382913
C       16.12144570      17.40348557       7.64443506
C       17.00878446      17.32573479       8.68439776
H       16.07720881       2.59349812      10.18348163
H       14.61102890       0.66942405       6.60082597
H       13.41807601       2.74350937       7.76617843
H       13.58481218       2.76159899       9.45678207
H       14.74200854       3.79059005       8.47357548
H       16.22369902      16.68862889       6.83608423
H       17.61232526      16.41864932       8.70286406
H        0.27769636       1.55265070      11.02227593
O        3.48937060       3.67935663      10.86511358
C        2.79505970       3.35979492       7.27596525
C        2.63143745       3.42021883       8.68684175
C        4.06319714       3.60579712       6.76201644
C        3.71084488       3.59644355       9.57760636
C        1.59100995       3.46372888       6.34650732
C        5.18901782       3.81526359       7.59803625
C        4.99947752       3.85868080       9.02359394
H        1.56880631       3.43008423       9.15811452
H        4.13238871       3.66530879       5.68555245
H        1.64181701       3.01126911       5.33492261
H        0.68884017       3.10248894       6.79796252
H        1.38844053       4.56139802       6.16866356
H        6.09234036       3.93865706       7.14321652
H        5.84447909       4.04519995       9.68808957
H        4.19393238       3.79088394      11.51374300
O       10.80489829       9.84906449      12.55161488
C       13.49658318       9.36901621      10.02613285
C       12.52127031      10.08956239      10.79383889
C       13.81678487       8.03919973      10.31633578
C       11.82975204       9.38388056      11.85757846
C       14.20315185      10.15512157       8.93599242
C       13.18635199       7.43063674      11.37787667
C       12.12022005       7.98247709      12.09356088
H       12.18312971      11.05262528      10.50341746
H       14.66220734       7.56476591       9.78628586
H       13.71308812      11.04237746       8.53885330
H       15.17629332      10.53460728       9.09694476
H       14.28322993       9.48501523       8.04827003
H       13.37617095       6.37915281      11.63162093
H       11.49592652       7.43833880      12.80515482
H       10.31195870      10.60029667      12.24343528
O       16.18585018      13.08075081       2.82319597
C       16.28906346      13.45974616       6.39219795
C       16.67643246      13.09466505       5.09663074
C       15.14086783      14.23030910       6.61045773
C       15.85751601      13.51689937       4.02312796
C       17.24725300      13.16374787       7.54269833
C       14.27908451      14.60551238       5.55559914
C       14.65532295      14.27773770       4.23570145
H       17.58639071      12.52308160       4.89859587
H       14.81099749      14.53520715       7.60451681
H        0.53627778      13.04603888       7.27066534
H       17.30675633      14.12964433       8.07343531
H       16.85058102      12.34740927       8.17741145
H       13.40011405      15.10364237       5.84169496
H       13.91609450      14.41384630       3.43606928
H       15.40152578      13.18114737       2.24460249
O        2.88222975       9.86989137       2.67908081
C        2.77236725       6.27342578       3.22124621
C        3.32214589       7.50650569       2.99330352
C        1.36621938       6.09505186       3.46394090
C        2.46195392       8.63482191       3.03229141
C        3.61209157       5.08340484       3.19880633
C        0.53225085       7.26421359       3.43399149
C        1.06463455       8.56475027       3.23326131
H        4.38815330       7.52418611       2.76320583
H        0.89077617       5.10778325       3.62343475
H        4.63535775       5.09789689       3.57860762
H        3.17706423       4.21243678       3.66702134
H        3.78723344       4.87900623       2.12781204
H       17.17171842       7.06959123       3.42008803
H        0.41133035       9.43621644       3.24028572
H        2.15206838      10.49015613       2.60290823
O        4.08426195       7.02641700       9.86364981
C        2.72916319       9.87688238       8.13792719
C        3.33538933       9.16477583       9.16176883
C        2.52846509       9.34829633       6.85428496
C        3.53320657       7.80759053       8.96791371
C        2.42889896      11.30620560       8.54086696
C        2.89291533       8.02274718       6.59919046
C        3.30953722       7.28522246       7.68943558
H        3.48548253       9.53008782      10.16496749
H        2.16567264       9.95726350       6.06678192
H        2.93423235      11.62297860       9.46793054
H        2.49602120      12.01221895       7.72215789
H        1.38341210      11.39373856       8.91042167
H        2.84744588       7.49927097       5.60987244
H        3.52242302       6.18243759       7.45840095
H        4.07089391       6.08936050       9.73931998
O        0.79233059       3.56445634      11.68591840
C       16.53883523       5.03129292      14.35892936
C       16.87192441       4.25434459      13.28143663
C       17.32970084       6.10315321      14.70782821
C        0.34599418       4.46394823      12.58157959
C       15.27466909       4.80727308      15.09394904
C        0.74722796       6.49366820      13.93383752
C        1.14876437       5.60893457      12.89292557
H       16.18313689       3.53324700      12.76783914
H       17.03073179       6.67850932      15.65237960
H       14.52567094       3.96630354      14.84085915
H       15.49113843       4.65824722      16.10510211
H       14.70150963       5.72745871      14.98318366
H        1.41470178       7.36250196      14.15208056
H        2.08020596       5.81072470      12.29759829
H        1.73643155       3.61521230      11.53212570
O        6.64814170      16.60237897      13.62360050
C        4.04404626      16.64244948      10.82054411
C        4.64832810      16.35394239      12.08791832
C        4.67480362      17.65171974      10.06562219
C        5.94023737      16.95310094      12.46880044
C        2.73052696      15.93713932      10.29794629
C        5.91672298       0.56280752      10.49321029
C        6.46552361       0.21259345      11.67539201
H        4.21292409      15.66447952      12.75309243
H        4.19833369       0.27101147       9.22982367
H        2.18352431      15.42747093      11.10841078
H        2.01280902      16.35037803       9.58377091
H        3.10511665      15.03116213       9.79825772
H        6.19217593       1.43175342       9.93754900
H        7.30135727       0.69869060      12.07978079
H        7.39614369      17.20429835      13.76181779
O        2.76939083       9.60026701      17.62436582
C        5.80781882       8.09361026      16.08366254
C        4.92881097       8.66464455      17.00953240
C        5.47026912       8.09351357      14.73416599
C        3.65101928       9.13592929      16.66131332
C        7.10798102       7.41382080      16.60969117
C        4.16525634       8.50413850      14.34852547
C        3.24489731       9.02516735      15.33779922
H        5.13501281       8.51637295       0.35557110
H        6.13871961       7.81673648      13.95791438
H        7.79139088       8.18751535      16.89429871
H        6.74108393       6.78910588      17.47967835
H        7.42077941       6.79839481      15.83042427
H        3.78823783       8.52790053      13.32177226
H        2.23048280       9.33630194      15.03756005
H        3.21091427       9.52292898       0.74929995
O        7.56709375      14.63537053       6.86155220
C       10.25308884      17.13388499       7.31887134
C        9.41523234      16.20021262       6.65688727
C        9.99299761      17.52709427       8.63446195
C        8.38450673      15.58864209       7.39479165
C       11.52011031      17.56847352       6.55605932
C        9.00607003      16.90345615       9.36812281
C        8.17155498      15.91610958       8.73402691
H        9.47126558      16.07441383       5.55273696
H       10.69491065       0.48645955       9.16413696
H       11.26110975      17.69024047       5.51595652
H       11.90213527       0.79633320       6.91418377
H       12.31941894      16.88653757       6.78305185
H        8.86022315      17.20833464      10.35578371
H        7.35812145      15.36639858       9.27426853
H        6.74990407      14.51178020       7.37422040
O        9.24643111      10.72041679      16.57421518
C        6.92309546      10.62370324       1.73105303
C        8.02534295      10.30977912       0.88560417
C        6.08638865      11.74587762       1.41597321
C        8.20508925      11.09862666      17.43612245
C        6.65270842       9.79003672       3.02570730
C        6.44984765      12.68207221       0.41678471
C        7.45134956      12.26366481      17.17932900
H        8.71712098       9.51548977       1.19895927
H        5.22082560      11.91832619       2.04973794
H        6.18949062      10.51202093       3.76142794
H        5.95404701       9.03265015       2.90556620
H        7.65243910       9.56095417       3.47969861
H        5.84536427      13.54490695       0.34266667
H        7.72929926      12.90777191      16.34906910
H        9.30363888      11.23913405      15.78590117
O        8.97429074       0.00748554      14.72394794
C       12.11655369       0.36336814      12.96462719
C       10.89028911      17.56217662      13.31058161
C       12.78633727       1.25547483      13.85496573
C       10.23601517       0.41156562      14.38110084
C       12.78597717       0.09057761      11.62708445
C       12.14730005       1.68708988      15.01477975
C       10.83965434       1.33891143      15.21897233
H       10.46676690      16.84241155      12.70650804
H       13.81014514       1.55861338      13.66649792
H       13.74861533       0.54520997      11.44639868
H       12.92361372      16.75209147      11.50395442
H       11.98707915       0.43714954      10.84009812
H       12.54591840       2.41041323      15.70454985
H       10.28702455       1.82153297      15.97040408
H        8.74639884       0.32206828      15.54614429
O       14.18511717       7.09661334       3.62476608
C       16.37272986       7.19571257       6.62572025
C       15.59417576       6.67018983       5.60649090
C       16.68562181       8.54542018       6.65043310
C       15.03720395       7.54244834       4.62721364
C       16.87366121       6.28621012       7.75114501
C       16.21863518       9.40628959       5.68809192
C       15.38243761       8.92535841       4.69632022
H       15.22594009       5.62607596       5.68035518
H       17.33358441       8.94098079       7.42465435
H       17.65991506       5.61428574       7.48628868
H       17.33189394       6.90848861       8.51025268
H       16.07591849       5.53770735       8.07237076
H       16.51848772      10.48116761       5.83685988
H       14.94651532       9.58645831       3.93995185
H       14.02216366       7.76555172       2.95960809
O       11.15087651      10.91583949       1.45961778
C       11.37642986      11.95998601       5.02390412
C       11.61820934      11.28160648       3.79467949
C       10.42694076      12.98758203       5.10449352
C       10.78399952      11.53736945       2.64492280
C       12.24041833      11.52676738       6.20670987
C        9.54460622      13.14763693       4.03108302
C        9.68948043      12.42908898       2.84398698
H       12.30136755      10.47104680       3.54111813
H       10.28651813      13.53785565       6.00903956
H       12.76471308      12.42482996       6.62079483
H       11.68431089      11.01898395       7.05952270
H       12.98213645      10.70526605       5.97577818
H        8.62565704      13.70125930       4.15202866
H        8.89708416      12.48257644       2.12637987
H       10.44411928      10.91245453       0.83965784
O        7.30389627       2.42203215      15.79076425
C        3.66681555       2.79139375      15.61767037
C        4.93174379       2.30438627      15.37409978
C        3.49305462       3.97641361      16.42526644
C        6.03138901       2.94466645      15.90384412
C        2.35936897       2.09587341      15.15546976
C        4.62180456       4.68679830      16.92328413
C        5.86211490       4.08251473      16.70463015
H        5.23625843       1.38604646      14.75066540
H        2.58748581       4.41836066      16.59685439
H        1.69316526       2.76626474      14.63828366
H        2.56874085       1.20631885      14.57696495
H        1.84736443       1.71756710      16.07334270
H        4.51857066       5.56984502      17.47805202
H        6.75369763       4.53660331      17.14524393
H        7.88972712       2.80687014      16.50731444
O        8.23715948       2.48170035       2.33925386
C        6.02312160       0.97418395       4.90200401
C        7.14186401       1.60587253       4.35205546
C        4.75809479       0.90529532       4.18417156
C        7.10439895       2.02923917       3.00151407
C        6.09898721       0.34165548       6.31047009
C        4.73967199       1.47598123       2.94422011
C        5.88085627       1.98681086       2.32256343
H        8.07101557       1.65075058       4.90254815
H        3.96353698       0.42980568       4.60024416
H        6.13436882      17.01979006       6.11884510
H        6.98848443       0.80996465       6.68388936
H        5.13818723       0.49241189       6.76708435
H        3.88433006       1.29067054       2.24409767
H        5.84741966       2.17387629       1.31207398
H        9.01515984       2.08698880       2.79196206
O        9.35301451      12.74713332      12.86808661
C       12.65819476      13.62016245      11.49902285
C       11.62684063      13.19261452      12.39308200
C       12.37632915      13.87789362      10.13277362
C       10.28882237      13.00538754      11.91723124
C       14.01301524      13.88036709      12.11323921
C       10.99992502      13.71872404       9.70122006
C        9.94274639      13.31950675      10.56935785
H       11.87687010      12.99247670      13.47685649
H       13.16158704      14.20369327       9.43658746
H       14.15481198      14.86299018      12.45823564
H       14.35024223      13.18329041      12.84931100
H       14.66267011      13.63457136      11.27358359
H       10.59508037      14.14692492       8.82708919
H        8.93224743      13.40246559      10.11419800
H        8.76067911      13.42107958      13.06163862
O       13.53448472       8.80038118       1.65087046
C       14.46265725       9.64324604      15.92762398
C       13.70853218       9.57908732      17.09000160
C       15.80655186       9.42178188      15.94868252
C       14.32431242       9.06571164       0.56969017
C       13.82180186      10.25786173      14.72695766
C       16.45387719       9.07621123      17.14509081
C       15.73521735       8.84605705       0.59756477
H       12.67038886       9.81784108      17.10032419
H       16.30791884       9.52003154      14.99466297
H       13.97005754      11.27790394      14.72723611
H       14.24914395       9.81706247      13.80714681
H       12.74289042      10.17724746      14.71175104
H       17.53031776       9.04081460      17.02018041
H       16.17554968       8.45201679       1.52237853
H       12.73951514       9.20212089       1.48268968
O        6.65124749      11.90095540       5.81752286
C        8.68962009       9.70027965       7.80026738
C        8.35490655      10.80676217       6.96793619
C        7.86831095       8.52351878       7.81438895
C        7.08186679      10.86523863       6.44075495
C        9.90740714       9.61023290       8.66781165
C        6.64965695       8.64240676       7.11489834
C        6.18848756       9.73994300       6.36211934
H        9.10053631      11.62449614       6.86368357
H        8.20911362       7.64884242       8.29841910
H        9.70092564       9.22726320       9.66950225
H       10.73776952       9.13568855       8.26446247
H       10.15397741      10.65845667       8.76020138
H        5.97197981       7.86127475       7.23097686
H        5.14459970       9.80263034       6.01399114
H        7.18243436      12.70000026       5.92997230
O        0.96590171      12.13591819       2.20451546
C        0.61612256      12.43922402      16.24108193
C        0.30487905      12.24257494      17.58121140
C        1.84412694      12.93800614      15.95829462
C        1.30703066      12.40015803       0.90265453
C       17.14881809      12.20066282      15.20110780
C        2.75883870      13.20006657      16.88768392
C        2.52412477      13.00622638       0.54829270
H       17.01622712      11.97373168       0.12326317
H        2.07366042      13.27066764      14.90459882
H       17.12150939      13.09184656      14.62014217
H       17.45749430      11.39873685      14.56800625
H       16.15861774      12.12560277      15.72506443
H        3.73998356      13.64731528      16.55112280
H        3.29409561      13.22845218       1.24385065
H        0.03315463      12.40271058       2.45420573
O        0.09824803      13.73883550      10.98565385
C        0.33878502      10.14565257      11.42108703
C       17.51356880      11.39417993      11.12264745
C        1.46379747      10.02306800      12.16090630
C        0.49235187      12.55490692      11.50381771
C       17.44508101       8.89892274      10.77670070
C        2.11965198      11.18118393      12.64148480
C        1.62249641      12.48714363      12.35769994
H       16.59530207      11.43544804      10.55111082
H        1.88915995       9.10109213      12.47803418
H        0.35399218       8.51627453       9.92478051
H       17.27275424       8.19895820      11.58706084
H       16.45869147       9.20485176      10.31632962
H        3.08913143      11.03643031      13.13986562
H        2.22910137      13.24456345      12.74352565
H        0.11812943      14.42909229      11.64804243
O       13.94912685      12.65069725       1.27156521
C       12.10230082      14.50427601      16.24067181
C       12.31800192      13.76852224      17.46196532
C       13.24023662      14.87617113      15.56355458
C       13.68357217      13.37588361       0.13305103
C       10.66446187      14.88279363      15.75152845
C       14.55774445      14.61900803      15.92629757
C       14.77537028      13.86428113      17.09333994
H       11.39313282      13.41883360       0.27015185
H       13.11959027      15.41771339      14.61346338
H       10.41443311      15.87025364      16.15448276
H       10.61184415      14.81664737      14.66048666
H        9.97015631      14.11492151      16.25653537
H       15.37932039      14.91761311      15.35434375
H       15.77001992      13.48823265      17.34658574
H       13.22631283      12.07041659       1.51509247
O        8.83335283       3.23566756       0.02474221
C       10.81945055       6.08520177      16.96546865
C        9.77870270       5.15088006      17.00076725
C       12.06664732       5.78149403      17.60573207
C        9.88194661       4.04267923       0.04850135
C       10.61817599       7.47764746      16.39889311
C       12.17368261       4.60845470       0.66927964
C       11.05351083       3.73801106       0.76153731
H        8.83440743       5.36486791      16.53412409
H       12.79945380       6.53594229      17.65638072
H        9.64045194       7.40052732      15.81329666
H       10.23047554       8.14953679      17.25491616
H       11.44366729       7.82357039      15.84668795
H       13.08369198       4.53855495       1.23219536
H       11.20839685       2.79174554       1.20900600
H        8.67434472       2.84661244       0.91713427
O        4.70805425      14.53696513       7.55239584
C        1.98606592      15.49342238       5.36740601
C        2.97965887      15.63264433       6.31796415
C        2.02985274      14.38601069       4.46732257
C        3.77959295      14.53850519       6.55047006
C        1.04663747      16.57871475       5.16638156
C        2.83431103      13.28697762       4.69276650
C        3.74433200      13.43874255       5.72770525
H        3.01866504      16.46369622       6.94569168
H        1.26792277      14.33025501       3.65188803
H        1.21836036      17.04479101       4.12327879
H        0.03124361      16.23195684       5.33469078
H        1.26392345      17.36065316       5.85993934
H        2.72668471      12.39275340       4.10873078
H        4.39935497      12.60190056       5.81664579
H        4.86488219      13.66959621       7.89295098
O       10.24139202       1.71702489       3.81107993
C       13.11568162       0.00841175       2.38231780
C       12.31228196       0.82503036       3.21055971
C       12.55109883      16.88791470       1.46612798
C       10.93109704       0.88577802       2.96875032
C       14.61317923       0.15659391       2.39739395
C       11.10765116      16.83762858       1.39513371
C       10.27515836       0.00934974       2.07439286
H       12.73359524       1.48218542       3.96099026
H       13.12668030      16.31823177       0.82391632
H       14.91993855       1.08274234       1.86969916
H       15.02826996       0.21517446       3.45868989
H       15.10480031      17.01132168       1.95418711
H       10.61742753      16.09471442       0.83402793
H        9.15700914       0.01080450       2.01465810
H       10.68235512       2.29214346       4.48431214
O        4.31699843      16.30590120      16.09996314
C        5.63149799      15.57073245       1.69478357
C        4.65896359      15.71867136       0.65905783
C        7.00080678      15.91668432       1.51950246
C        5.16662747      16.19937000      17.14359873
C        5.19661040      14.99935320       3.00390910
C        7.32011521      16.43931532       0.30683640
C        6.47725031      16.56662395      16.91346213
H        3.68881268      15.55303618       0.86363010
H        7.70920879      15.71920906       2.28041298
H        4.08627349      15.12921724       3.21025735
H        5.35404640      13.91375230       2.91613656
H        5.69950282      15.28318459       3.93134983
H        8.34989377      16.68522242       0.12902666
H        6.92204833      16.89427363      16.01181808
H        4.71816626      16.48612953      15.25089557
O        5.69622091      12.21796480       9.08510307
C        5.71875639      12.19010385      12.78321922
C        5.20450202      12.44319400      11.51024711
C        6.74068000      11.26695551      12.95100459
C        5.86279992      11.89980029      10.39312873
C        5.13588692      12.92192094      13.94829825
C        7.23545008      10.54420146      11.88155564
C        6.80313621      10.90443485      10.58394219
H        4.39311036      13.12422310      11.43337382
H        7.26320157      11.09178435      13.91996647
H        5.67428288      13.90555035      14.04006936
H        4.04410521      13.10592957      13.74302843
H        5.07543623      12.31846077      14.85560747
H        8.01833977       9.77133082      11.93366548
H        7.17953691      10.34081657       9.77865400
H        6.09556423      11.51279690       8.65325620
O        5.24074304       4.06900722      12.98532306
C        8.82994333       5.00133560      12.47887306
C        7.67146804       4.17325327      12.76991038
C        8.54300716       6.29034759      11.99712827
C        6.35478791       4.68889765      12.54166380
C       10.25707509       4.54320575      12.77491076
C        7.27707908       6.74290145      11.63068776
C        6.18871612       5.93540194      11.97790786
H        7.88901107       3.15212895      13.07430146
H        9.35901889       7.01446550      11.92659617
H       10.41757303       3.49432153      12.65861040
H       11.01417009       5.08297658      12.19158494
H       10.49531229       4.72752723      13.82957705
H        7.11417249       7.76204187      11.40927850
H        5.20005216       6.31252073      11.86155328
H        5.45207686       3.57175450      13.76203562
O       13.87239502       4.39797053       4.02346932
C       16.97516576       3.24263485       2.22760562
C       15.77632753       3.94624562       2.54563957
C       17.50451461       2.39307808       3.27516136
C       15.05972376       3.79222769       3.74881696
C        0.06492897       3.41818597       0.93091743
C       16.87210509       2.24067137       4.45231130
C       15.65344931       2.90530867       4.69453907
H       15.30534478       4.47876365       1.70615732
H        0.70160631       1.94066446       3.12030789
H       17.23919996       4.03682087       0.17070790
H        0.98356996       4.03773462       1.17364924
H        0.50277951       2.58750798       0.39218430
H       17.28409168       1.63694382       5.24044145
H       15.31982537       2.86074574       5.71427831
H       13.77301556       5.26801009       3.56364517
O        0.40897071      16.28426068      12.68154103
C       17.53731503      16.90904522      16.26601407
C        0.33590266      16.37025192      15.05425485
C       16.71305171       0.29518097      16.17533576
C       17.58507387      16.81337717      13.82608010
C        0.19952982      16.34460137      17.65296179
C       16.19884374       0.67638800      14.93655117
C       16.63411146       0.04899257      13.75191884
H        1.14214854      15.53611902      15.11832650
H       16.32413090       0.82369237      17.01501622
H        0.54199213      17.13429250       0.53407144
H       17.27754840      15.77196962       0.56690919
H        1.09536312      15.74147337      17.47561378
H       15.45721192       1.51302415      14.97340452
H       16.31777358       0.38428581      12.84328906
H        0.35457148      16.82147857      11.87231808
