512
Lattice="17.7128441229 0.0 0.0 0.0 17.7128441229 0.0 0.0 0.0 17.7128441229" Properties=species:S:1:pos:R:3 pbc="T T T"
O       11.88921778       3.56963392       5.00793566
C       10.62111070       3.47428887       8.45734201
C       10.78039984       3.22398221       7.07594791
C       11.24184910       4.67138603       8.93045840
C       11.60146920       4.03332947       6.27193726
C        9.95242048       2.55767142       9.44799855
C       12.04352386       5.55300310       8.14972938
C       12.20036586       5.23323373       6.78368242
H       10.44212010       2.28550697       6.67873702
H       11.15157795       4.78699143      10.01379585
H        9.04445695       2.99497452       9.95267128
H        9.39829716       1.84643085       8.85224212
H       10.67290774       2.06352521      10.11247761
H       12.51818391       6.31633422       8.77711451
H       12.91612822       5.67442966       6.11188908
H       12.52827226       4.14735523       4.58048043
O        6.32697303       6.84332750       1.15264676
C        9.66584092       6.93831263       2.78833826
C        8.66386870       6.85424970       1.76369572
C        9.23212537       6.89759367       4.14727311
C        7.29367409       6.80079518       2.07496316
C       11.15126021       6.95071439       2.51147221
C        7.88667602       6.92796627       4.43746742
C        6.86285861       6.76731353       3.45949238
H        9.05196545       7.06491293       0.78578888
H        9.95052632       6.92906632       4.98376434
H       11.42691835       7.20031902       1.44556526
H       11.58345875       7.57355449       3.20852229
H       11.49142673       5.90794187       2.80155927
H        7.64827137       7.03040772       5.49133294
H        5.76288452       6.87307260       3.75626824
H        6.50050404       7.58028265       0.53700444
O       17.21319394       1.07674312      11.12133099
C       15.24905156       1.38346353       8.05011513
C       15.85133886       1.72679547       9.33316296
C       15.64205926       0.25200083       7.34996577
C       16.73336064       0.77651802       9.89094982
C       14.37768258       2.39886362       7.35537258
C       16.60725021      17.11673802       7.91857952
C       17.14289285      17.35652645       9.18817402
H       15.60126988       2.67971023       9.75810712
H       15.17760280      17.66961645       6.41807394
H       14.14048090       3.17999043       8.04092238
H       14.98809342       2.68443913       6.46331962
H       13.35858039       2.03140321       7.09370536
H       16.93528771      16.28650631       7.38052276
H        0.16830664      16.61792091       9.59876849
H       17.41297545       1.96553673      11.22006497
O        2.88053819       4.48385399      10.68894438
C        2.35754729       3.59765872       7.16267145
C        2.29760481       3.67635414       8.56829241
C        3.55148125       3.92933250       6.62742516
C        3.23989620       4.31634402       9.37661081
C        1.19490167       3.07128139       6.38208447
C        4.52296129       4.49728275       7.34954665
C        4.37903063       4.75569568       8.71621349
H        1.39661398       3.41426006       8.99110997
H        3.76791515       3.85448725       5.57517742
H        1.36694841       3.10362838       5.30742693
H        0.94861409       2.03456698       6.69242875
H        0.28108310       3.58281835       6.62674929
H        5.52474028       4.53840452       6.93044572
H        5.25537406       5.34586383       9.09527051
H        3.64199376       4.38484955      11.23265137
O       11.53356091       8.43170964      11.91566109
C       14.53913357      10.16361193      10.68318160
C       13.17504429       9.88679133      10.94075903
C       15.56678817       9.26658299      11.14099143
C       12.83567809       8.73638296      11.62024153
C       14.95181900      11.33431906       9.96485575
C       15.14667836       8.12689008      11.84427781
C       13.80284659       7.82470424      12.06730469
H       12.54256123      10.64751090      10.60821805
H       16.60717395       9.32510920      10.91703143
H       14.38292391      11.53006280       9.07542431
H       14.99221952      12.10888739      10.74530120
H       15.97205190      11.08284374       9.69059007
H       15.94208417       7.42037780      12.15378936
H       13.46753178       6.89362568      12.54759223
H       10.80919564       8.81301648      11.47338774
O       15.95737484      12.08613669       3.23504553
C       16.12202471      13.56567556       6.57822170
C       16.52643111      12.92899109       5.37641461
C       14.99202750      14.37887167       6.63980686
C       15.75230394      13.02883383       4.23353737
C       16.99943714      13.37789975       7.77865311
C       14.27702279      14.60015075       5.41700418
C       14.60771486      13.87162626       4.21825874
H       17.34586813      12.26035946       5.24294098
H       14.74174903      14.93348863       7.54870394
H       16.49672819      13.64881215       8.71442467
H       17.28488899      12.33385066       7.83422984
H        0.15317655      13.99012196       7.78161051
H       13.42959020      15.27714182       5.38592026
H       13.93421196      13.84645767       3.36932261
H       15.31541830      12.11012355       2.47501464
O        3.32975323       9.35843372       3.35368812
C        2.75290157       5.74581318       2.81290623
C        3.28688218       7.02110376       2.73431269
C        1.48515081       5.64999336       3.42527097
C        2.65648715       8.15824725       3.35911578
C        3.36937485       4.52670351       2.27198807
C        0.80962756       6.76030374       3.93936073
C        1.35992841       8.00986436       3.89277310
H        4.25016923       7.10198250       2.26960814
H        0.93202642       4.69317865       3.46114618
H        4.48231555       4.56694783       2.20565116
H        3.26340508       3.61318641       2.89395666
H        3.06412023       4.22820732       1.29391335
H       17.51556871       6.63015077       4.43410286
H        0.84154132       8.86970917       4.25217852
H        2.76950066      10.09306072       3.36221705
O        2.18462017       7.26087024      10.58553682
C        2.22661100      10.55376010       8.89297984
C        2.06183620       9.58053961       9.94894071
C        2.51770043      10.16228398       7.57188830
C        2.18100600       8.21341975       9.62919346
C        2.15722160      12.03357650       9.37706610
C        2.42208798       8.81564280       7.21050708
C        2.34953605       7.89642022       8.31775889
H        1.88428310      10.07018814      10.88555317
H        2.69770037      10.93021022       6.81565814
H        2.57861945      12.69262547       8.58103714
H        1.14660631      12.32254655       9.51254095
H        2.80574738      12.21289693      10.22693395
H        2.70458710       8.57244090       6.15928382
H        2.53324089       6.85771104       8.03624607
H        2.46767252       6.41330980      10.25454024
O        0.18983956       3.63417262      11.45017192
C       15.21651103       4.52858687      13.88369840
C       15.95543014       3.81544077      12.91390099
C       15.77492710       5.63011171      14.50397298
C       17.16767427       4.29844852      12.39376213
C       13.82963694       4.01180282      14.19180524
C       17.09255430       6.06770017      14.21691687
C        0.03822803       5.39781458      13.13290911
H       15.52270878       2.86680755      12.54435597
H       15.21321989       5.97060243      15.31266891
H       13.50895467       3.21650254      13.44055423
H       13.71441638       3.65582276      15.23264297
H       13.10393303       4.79696443      14.10622310
H       17.61791481       6.69418785      14.77182916
H        1.00833965       5.75316869      12.73145790
H        0.84385803       4.21020965      11.10856141
O        7.39334590      16.86342560      12.32558378
C        4.26736867      17.49880126      10.45217753
C        5.20223159      16.88826781      11.35548332
C        4.60829438       0.98835181       9.77737090
C        6.48757032      17.52170185      11.54476902
C        2.84716147      16.96438259      10.24423888
C        5.83714348       1.68914864      10.12033931
C        6.73358283       1.07409356      10.98268268
H        4.92787257      15.96209777      11.78939741
H        3.88350885       1.43726793       9.06097167
H        2.48529754      17.28094228       9.21600037
H        2.85877130      15.87172862      10.35840303
H        2.24208187      17.39371293      11.08693025
H        6.09410697       2.60863767       9.64167700
H        7.70098458       1.49423956      11.24189904
H        7.77547133      17.46778812      12.91532639
O        2.42728884       7.70690691      17.08196796
C        5.55851561       8.36340921      15.29435897
C        4.64281549       8.30695007      16.35937655
C        5.22552730       7.80796627      14.09625093
C        3.35376144       7.72246071      16.11691377
C        6.90476925       9.05914447      15.60013478
C        4.09333773       6.97688803      13.95372693
C        3.04735748       7.05088305      14.95134282
H        4.78237387       8.73729068      17.36677493
H        5.96546717       7.96134936      13.34023370
H        6.77619595       9.85653210      16.32264934
H        7.59866364       8.37486907      15.94109999
H        7.37151700       9.48148108      14.73973449
H        3.92836558       6.40650893      13.05508668
H        2.20815831       6.45857696      14.84938058
H        2.59799837       8.35780263       0.00180116
O        6.90266498      14.83163955       6.43547000
C       10.21273459      16.34758234       7.07543919
C        9.11827402      15.77079757       6.35375164
C        9.94853735      16.75571100       8.41627686
C        7.96509784      15.37684002       7.11342515
C       11.51409798      16.70997326       6.39165200
C        8.86028323      16.26221559       9.18574597
C        7.82923325      15.59008120       8.52741775
H        9.08267650      15.45204797       5.36637063
H       10.70075567      17.39094114       8.89622518
H       11.59124086       0.05359593       6.12965533
H       12.27548165      16.34560142       7.01287538
H       11.45229195      16.19035566       5.46796217
H        8.85020900      16.33974062      10.31548236
H        6.84026518      15.30268972       8.89310678
H        6.08393998      15.00193672       6.84308298
O       10.71925203      10.38459284      17.00704786
C        7.60216652      10.58475487       1.30175355
C        8.83442158      10.16940220       0.79238112
C        6.88623734      11.56214021       0.53930155
C        9.44589287      10.79291029      17.37513047
C        6.94133744       9.97045189       2.50434315
C        7.50873300      12.33153795      17.16907389
C        8.78959704      11.86318801      16.76809672
H        9.43287210       9.35092494       1.26290913
H        5.94077529      11.90671416       0.90868862
H        7.73316790       9.49032947       3.13620100
H        6.41309059      10.69597788       3.03815501
H        6.17017775       9.37444180       2.17518923
H        6.93446431      13.09009839      16.66055555
H        9.22845347      12.36391816      15.95698412
H       10.93257277      10.63343814      16.11235040
O        8.36572493       0.91295820      13.97656784
C       12.00325143       0.46286568      13.33677371
C       10.62418308       0.47523398      13.06892757
C       12.56889736       0.83989626      14.59780883
C        9.76763634       0.85652860      14.13092513
C       12.83867390       0.17937034      12.16051087
C       11.68679542       1.29552739      15.56513317
C       10.32321583       1.35747644      15.35788794
H       10.29754121       0.17766543      12.04787327
H       13.69012712       0.84008345      14.82131062
H       12.42283614      17.11114907      11.54688523
H       12.93225053       1.06682865      11.44269259
H       13.78873432      17.67289354      12.45749675
H       12.22648398       1.70824738      16.51022249
H        9.72397725       1.71568087      16.20911919
H        7.81110198       1.22250536      14.75752247
O       13.99857363       7.46674465       4.52654589
C       16.25079205       7.12918756       7.46393427
C       15.37208639       6.78570871       6.44909282
C       16.72441660       8.45984038       7.51360256
C       14.81291849       7.78782477       5.55539906
C       16.50417429       6.12925371       8.54736850
C       16.23970481       9.43036278       6.66142276
C       15.35333899       9.09450632       5.63392507
H       15.04474096       5.79764508       6.29040856
H       17.42046227       8.82998935       8.29087225
H       17.27584186       6.40931699       9.22993443
H       15.56078480       6.33405894       9.17193502
H       16.46571341       5.05396184       8.31578426
H       16.52263843      10.42603790       6.85031537
H       14.95490700       9.97163458       5.09861199
H       13.95440801       8.13488945       3.78941223
O       11.70617782      10.66562405       2.06286497
C       11.60370342      11.79534398       5.60376550
C       12.01173839      11.11766426       4.40238366
C       10.35498566      12.46451985       5.59021501
C       11.31128320      11.32554168       3.19321163
C       12.40936713      11.73686364       6.82128778
C        9.60463574      12.59095241       4.39782770
C       10.12808251      12.02254089       3.19885079
H       12.91236854      10.51234789       4.35668341
H       10.10474052      12.93315388       6.56653194
H       11.81146650      12.11744931       7.64973061
H       12.76418287      10.77399038       7.08774332
H       13.30504215      12.36366657       6.94338064
H        8.74033697      13.13528732       4.30205130
H        9.64879221      12.29098991       2.21971659
H       10.97634185      10.68105277       1.49077331
O        7.14579179       2.34213527      15.91830445
C        3.83640876       2.35641659      14.58200970
C        5.16567356       2.06652028      14.79455210
C        3.25555982       3.45817415      15.19347534
C        5.90165047       2.79725112      15.62703868
C        3.00094762       1.57433232      13.62760255
C        3.99341825       4.20410016      16.07299048
C        5.37004856       3.90279678      16.24175852
H        5.59687686       1.19694778      14.23464319
H        2.24258495       3.72289543      14.95505046
H        3.04319830       0.56392320      13.88829861
H        2.00789419       1.92739772      13.82947811
H        3.35392921       1.53289008      12.53725253
H        3.75947991       5.14530047      16.57484951
H        5.91317106       4.63678837      16.88067142
H        7.65056251       3.05354728      16.36095385
O        7.91491494       1.91413109       1.46463531
C        5.77308247       1.13972259       4.29261057
C        6.88590641       1.54895505       3.64104494
C        4.64632923       0.66198160       3.57178026
C        6.84912813       1.44538334       2.22704156
C        5.66414775       1.18379506       5.80285374
C        4.56400541       0.70300929       2.23901311
C        5.67739149       1.03762456       1.53498800
H        7.75147208       1.86933412       4.22140214
H        3.79473439       0.25897939       4.11230803
H        6.00276090       2.15675349       6.05728750
H        4.64102130       1.18399227       6.13307892
H        6.20741469       0.31010663       6.23836643
H        3.70644345       0.38294509       1.66463762
H        5.57056649       1.05816439       0.43335057
H        8.66258119       2.19963379       2.00335019
O       10.97826954      10.45090012      13.89944752
C       12.52449217      13.52448617      12.87679719
C       12.13817132      12.41129986      13.58672103
C       11.60821532      13.98610665      11.88663960
C       11.07270576      11.61563644      13.25118938
C       13.81304865      14.14375162      13.04537490
C       10.36643050      13.34816885      11.79293131
C       10.03443755      12.13997572      12.43222047
H       12.85214737      11.99095277      14.23618087
H       11.80799336      14.96822282      11.45195253
H       14.27396179      14.41005301      12.05751707
H       13.67797397      15.15241664      13.47904359
H       14.38182688      13.38062674      13.64873789
H        9.68539262      13.71245140      11.04668180
H        9.11487521      11.65253116      12.26915574
H       11.69926596       9.87722184      13.84430408
O       13.62699878       8.53458344       1.96199546
C       15.24095756       9.51317470      16.52286647
C       14.28042528       9.24437278      17.52976727
C       16.59981459       9.31708356      16.85012831
C       14.60587941       8.79390435       1.08995822
C       14.76841321      10.17685909      15.26308351
C       16.95326124       8.89867504       0.44163057
C       15.96301751       8.70647482       1.40091546
H       13.21982929       9.34623711      17.27169560
H       17.38897078       9.51166160      16.12176453
H       14.45779746       9.46341820      14.55361998
H       13.86596329      10.72980598      15.50314040
H       15.49506059      10.93739182      14.96355764
H        0.24562430       8.77394987       0.84339520
H       16.38648752       8.39367795       2.40148920
H       12.77256355       8.93335919       1.84402761
O        6.52903536      11.71803550       5.77222948
C        8.12930046       9.11254932       7.80385283
C        7.93688360      10.32336640       7.17798146
C        7.09435139       8.11919372       7.92422094
C        6.75175612      10.50046136       6.41572006
C        9.44635407       8.77397763       8.55786453
C        5.97748861       8.33127068       7.08489016
C        5.77590313       9.42526224       6.27889936
H        8.73384464      11.04279148       7.31929140
H        7.44283295       7.10532813       8.19183484
H        9.47582670       7.76074582       9.00857277
H       10.19303303       8.79270452       7.78933369
H        9.68211819       9.39441857       9.37923475
H        5.22472774       7.49606500       7.01277801
H        4.85910859       9.49132733       5.68545092
H        7.19635440      12.29404043       5.98125802
O        1.04989542      11.17374780       2.79972149
C        0.54422673      12.50693059      17.06174163
C        0.31919294      12.11011809       0.68787498
C        1.83016285      12.48006194      16.57513467
C        1.35834927      11.64093147       1.51759742
C       17.18525736      12.96837176      16.12579770
C        2.87783392      12.02685663      17.41734323
C        2.66612611      11.60109001       1.01770806
H       17.04969286      11.93553907       1.03081138
H        1.94084536      12.75262627      15.51694800
H       17.17858500      14.00689258      15.89696083
H       17.41288921      12.39690841      15.22345304
H       16.22069248      12.66450194      16.57338579
H        3.97113080      11.96434386      17.18816944
H        3.53659465      11.35298622       1.61695499
H        0.17196580      10.86157479       2.98470711
O       16.89770575      14.00661767      12.30631119
C        1.40091951      11.11110385      13.16146602
C        0.28617839      11.89953908      12.69925046
C        2.63093200      11.78342081      13.26721250
C        0.30082641      13.26928181      12.54237166
C        1.36719909       9.61582008      13.51619471
C        2.72937514      13.18267635      13.04558286
C        1.51668060      13.96066246      12.73336100
H       17.11271115      11.31692601      12.67281371
H        3.61031305      11.43975923      13.68364334
H        1.57212323       9.53197501      14.54507291
H        0.43497041       9.07544795      13.37479200
H        2.16707691       9.09720883      12.95460862
H        3.70319246      13.68890867      13.17619067
H        1.59759616      14.96115339      12.43066609
H       17.12477494      14.95331367      12.53727194
O       13.86569416      12.14633042       1.35428459
C       12.12101208      14.57943143      16.73466727
C       12.36406684      13.46637113      17.62300796
C       13.21084286      15.47278310      16.50930562
C       13.65210653      13.22472729       0.53281623
C       10.81902893      14.81974627      16.05914637
C       14.45480543      15.19002241      17.03948246
C       14.69166663      14.13083272       0.22303958
H       11.46935147      12.98266836       0.27427321
H       13.00498940      16.34737301      15.95677375
H       10.65149922      15.89012996      15.98820468
H       10.84044620      14.56413865      14.92211733
H        9.99087640      14.46615735      16.64944825
H       15.26579623      15.84028572      16.79092351
H       15.71656682      14.04742866       0.56261614
H       13.10665973      11.62830175       1.61299896
O        8.53255910       4.36346531      17.05086016
C       11.61223771       6.30060800      16.57075138
C       10.27999628       5.90640595      16.53574468
C       12.53036205       5.50915699      17.29036664
C        9.83099129       4.71619456      17.16516483
C       11.94162846       7.41417350      15.54922492
C       12.11824123       4.37861446       0.35213228
C       10.74438044       4.00093312       0.23150863
H        9.51256218       6.47959553      16.00192187
H       13.53950011       5.80023103      17.21228240
H       11.20719003       8.21060554      15.61770604
H       12.89554125       7.78715107      15.55821405
H       11.87826471       7.03050399      14.52470767
H       12.68319218       3.65201652       0.95021481
H       10.44362560       3.16440202       0.79620882
H        8.22188655       4.02905823       0.17971935
O        4.33887268      15.37708832       7.54982246
C        1.77821331      15.82318998       4.86019910
C        2.72527122      16.05116336       5.86655068
C        1.61327832      14.47393677       4.43500627
C        3.44351417      15.06054421       6.55084330
C        0.90123099      16.91786298       4.27527555
C        2.30644652      13.40997760       5.13291420
C        3.17908486      13.71856601       6.19954863
H        2.99113059      17.03659060       6.17854344
H        0.88988424      14.27785794       3.63602121
H        0.38606930      17.43505177       5.03612004
H        1.45348518      17.68453560       3.74239154
H        0.26295481      16.47557734       3.65262251
H        2.15358287      12.37401270       4.77796539
H        3.69357233      12.84981771       6.72000241
H        4.54216572      14.64804011       8.16445818
O       10.13889369       2.11774034       3.11384143
C       12.93563155      17.40435214       2.86388193
C       12.20615622       0.89078848       3.20187580
C       12.33041977      16.23562358       2.46322059
C       10.82113620       0.95188349       2.95372556
C       14.45299839      17.28344955       2.93265581
C       10.93263053      16.24582873       2.29797659
C       10.21902199      17.45372015       2.50822927
H       12.70243054       1.80135696       3.57632528
H       12.86936314      15.31431753       2.42060055
H       14.74295283      17.33392320       4.03143413
H       14.82297921      16.42178088       2.46639178
H       14.91452388       0.39341792       2.42472690
H       10.49939223      15.29907339       1.89332619
H        9.15198646      17.44227857       2.36764756
H       10.62799616       2.66870507       3.71900880
O        4.04585361      15.00613664      16.00665762
C        5.83035728      15.21883201       1.48183812
C        4.78221685      15.12713588       0.52305271
C        7.11548403      15.59275766       1.03498376
C        5.02094250      15.36003230      16.88603568
C        5.47770147      14.97547838       2.99057708
C        7.36365555      15.87342285      17.35686992
C        6.31621434      15.75578580      16.42676397
H        3.73425320      14.84076142       0.81843413
H        7.88759569      15.73270869       1.79440775
H        5.98112838      15.70909719       3.52693049
H        4.46521245      15.00611069       3.22683066
H        5.73796772      13.93872258       3.24773124
H        8.30147170      16.35208737      17.02096965
H        6.44450105      16.10801750      15.46445687
H        3.47490111      14.30949023      16.31803339
O        5.66056190      13.06754307       8.54542120
C        6.23656935      12.27695967      12.06533253
C        5.93133178      12.96566091      10.81880537
C        6.35939571      10.86463199      11.99399584
C        5.75960232      12.29575214       9.61770667
C        6.48601952      13.04099019      13.33378685
C        5.87931128      10.19558119      10.82730137
C        5.52819190      10.91913445       9.65742313
H        5.92694270      14.10898888      10.71231613
H        6.53423105      10.23446165      12.89022685
H        5.79454919      12.78050400      14.16866724
H        7.54818020      12.92512169      13.59699120
H        6.25403631      14.08982705      13.14371742
H        5.70708355       9.04513315      10.95041320
H        5.19520735      10.34821355       8.81315840
H        5.71440443      12.45992792       7.78444917
O        5.11929748       4.21242561      12.13943322
C        8.73309547       4.92706972      12.20279741
C        7.47128207       4.25512798      12.49364272
C        8.75479135       6.14665785      11.56813645
C        6.30310468       4.86670683      12.03301321
C       10.06118874       4.31335529      12.64816560
C        7.56970138       6.77390249      11.17403466
C        6.37851106       6.12338806      11.41188704
H        7.50420645       3.26132096      12.82878762
H        9.72374044       6.58491547      11.65187212
H        9.74200760       3.55716067      13.29519117
H       10.45202217       3.77798658      11.75575616
H       10.76442304       5.06597644      13.09002110
H        7.56131557       7.75680731      10.60256897
H        5.43979496       6.53536752      11.06772305
H        5.06179884       3.60223245      12.90619831
O       13.96125579       4.64948318       3.72660481
C       16.52302895       4.72175621       1.02190708
C       15.35373945       5.07352122       1.80057695
C       17.24813021       3.56012264       1.35292037
C       14.95699969       4.22411600       2.88363433
C       17.07215313       5.62623205      17.61528454
C       16.86641158       2.80200346       2.46438760
C       15.75151652       3.11627523       3.24519965
H       14.70129718       5.94096538       1.62005439
H        0.38729571       3.30140955       0.71932894
H       16.21253881       6.23115125      17.12842290
H       17.70992007       6.38470266       0.37846269
H       17.62364443       5.10492632      16.85464234
H       17.43536739       1.89569707       2.75705299
H       15.51750867       2.47184423       4.05507926
H       13.96668707       5.64593308       3.78602546
O        0.25733413      17.04715001      13.00693083
C        0.11461024      17.27326118      16.69250975
C        0.39673214      16.85501502      15.40499742
C       17.13964639       0.74299772      16.90537777
C        0.02214535      17.51670372      14.25131751
C        0.72113430      16.57550968       0.18413614
C       16.82609940       1.51842781      15.71017798
C       17.13113802       1.07657635      14.41746601
H        0.81485013      15.81675537      15.27589006
H       16.98647483       1.12856668       0.18191156
H        1.18237025      17.30715356       0.85762681
H       17.70613591      16.06444741       0.80403619
H        1.53458709      15.92569586      17.55853213
H       16.46181068       2.49874650      15.80360628
H       17.01560801       1.64818106      13.55260663
H       17.68358101      17.70903715      12.36238014
