512
Lattice="17.7128441229 0.0 0.0 0.0 17.7128441229 0.0 0.0 0.0 17.7128441229" Properties=species:S:1:pos:R:3 pbc="T T T"
O       11.85645921       4.37844158       2.97789134
C       10.39332643       3.65604177       6.24395467
C       10.51497643       3.73518375       4.87407560
C       11.46327910       3.97981303       7.10615333
C       11.64816884       4.27870173       4.26451231
C        9.04178099       3.24635315       6.78988169
C       12.63404612       4.59572433       6.53514329
C       12.68264439       4.75693092       5.12518881
H        9.65102688       3.45516364       4.31331780
H       11.40616646       3.97726381       8.23355907
H        9.19131845       2.35821703       7.42883817
H        8.59818591       4.13882372       7.24484200
H        8.50177110       2.84443045       5.98656132
H       13.32503607       4.90285246       7.34560823
H       13.53993662       5.32130331       4.66211576
H       12.80384729       4.69932015       2.82312243
O        5.05719350       3.82673667       3.57022920
C        8.12780574       5.73144159       3.42497997
C        7.03136187       4.90732711       3.00365121
C        8.34611634       6.17854506       4.74284473
C        6.16007178       4.55436750       3.99750235
C        8.93145083       6.30226484       2.31154030
C        7.37512096       5.83693014       5.68808245
C        6.33641862       5.03230450       5.27236669
H        6.89135438       4.72626656       2.03186112
H        9.16754938       6.76400438       4.97872288
H        8.67597617       5.77411844       1.39653600
H        8.61750448       7.33155706       2.16130165
H       10.02692001       6.22824024       2.38138118
H        7.38283315       6.21675933       6.69936175
H        5.55508334       4.85195906       5.97787051
H        5.19805552       2.95102264       3.25979606
O       16.79451958       2.32433459      11.71904789
C       15.72218246       2.29410751       8.22756221
C       16.53320199       2.39958863       9.36387095
C       14.45512369       1.71332676       8.36297128
C       16.05345505       2.03766423      10.65036212
C       16.35922387       2.69767773       6.88851034
C       13.90489990       1.39911302       9.62337813
C       14.71226184       1.54906791      10.79710094
H       17.48812326       2.70507544       9.15663573
H       13.81567353       1.62760987       7.52572825
H       17.45494500       2.67863325       6.73493430
H       15.87726205       1.98674176       6.17594966
H       16.12196758       3.65594522       6.68054750
H       12.93147857       1.02592106       9.55414702
H       14.26772172       1.25822533      11.72511136
H       17.37416438       3.07705288      11.48920691
O        4.06383121       3.22687107       9.94007167
C        3.62673220       2.11665012       6.50965425
C        3.41690449       2.77667560       7.78987405
C        4.75424192       1.32614705       6.35899694
C        4.38800391       2.69540188       8.75707207
C        2.45962549       2.18038544       5.44540028
C        5.74712616       1.26367416       7.33692384
C        5.47349655       1.82836520       8.58626946
H        2.49697949       3.31779988       8.04810631
H        4.92452755       0.82136105       5.35015917
H        2.37282048       3.19524876       5.08611582
H        2.61255392       1.56778890       4.56647498
H        1.60376100       1.83785666       6.00975292
H        6.56346975       0.62831010       7.16950437
H        6.18388049       1.67658763       9.34221394
H        4.80100808       3.18565244      10.55047267
O       11.50797867       7.96216616      10.76314061
C       15.18438112       8.12957269      11.06397841
C       13.81010380       8.41066959      11.18910288
C       15.47345425       6.89961642      10.47238797
C       12.79024424       7.56762039      10.72556253
C       16.29951273       9.10874169      11.59653408
C       14.46482344       6.02112858      10.06898758
C       13.15106788       6.34064166      10.22916137
H       13.55407002       9.33373844      11.60470018
H       16.53631253       6.64369310      10.33725381
H       16.35136157       9.14573140      12.70548187
H       17.25833409       8.88076200      11.15036081
H       15.95320403      10.11250854      11.38020503
H       14.76648038       5.00920477       9.73823266
H       12.41614660       5.63320813      10.07227149
H       11.30918329       8.89161171      10.53762096
O       15.87473359      12.62499558       3.35984169
C       14.85008821      16.05722076       3.90112112
C       14.87515134      14.72054056       3.55959156
C       15.73400352      16.43244954       4.89267913
C       15.80177339      13.81749087       3.99554473
C       13.62484942      16.87547821       3.47869064
C       16.52363042      15.49949343       5.56003282
C       16.68366223      14.22768929       4.96773748
H       14.17526951      14.37892629       2.78215129
H       15.63065808      17.46539139       5.28016154
H       12.89172536      16.83857932       4.24407505
H       13.89169404       0.17495803       3.30026719
H       13.14734581      16.42788669       2.64283709
H       17.14260999      15.75637298       6.39270044
H       17.32672342      13.45225480       5.44479179
H       15.15995945      12.53599784       2.74701981
O        1.13318274      10.38731331       2.65737730
C        4.45698995       8.91912767       3.09057058
C        3.09149622       9.06927926       2.74620413
C        5.16219940       9.99895749       3.76912401
C        2.41891419      10.25934632       3.05495261
C        5.14578616       7.67534718       2.67182477
C        4.39197184      11.13873217       4.14238006
C        3.04994176      11.26804722       3.85256771
H        2.45493315       8.34304705       2.23225418
H        6.21416835       9.89906428       3.94038534
H        5.67505597       7.41845190       3.55132207
H        4.35593396       6.96254481       2.44795571
H        5.76982201       7.95484397       1.84355807
H        4.87242525      11.90553864       4.68618208
H        2.42726454      12.14570774       4.21750327
H        0.71864725      11.25634371       2.52232605
O        1.35936223       7.00055268      10.59222642
C        1.93355504       8.84922519       7.49537861
C        1.40336722       8.46912318       8.76999903
C        3.05424960       8.20782020       6.97568311
C        1.98887402       7.43234055       9.51752984
C        1.20270868       9.80744652       6.61863292
C        3.70353231       7.20407921       7.74022961
C        3.19843588       6.83207859       9.04523887
H        0.47622122       8.88591388       9.19590866
H        3.50238537       8.45677160       6.02398119
H        1.40934565      10.83375284       6.92234641
H        1.35045723       9.61661517       5.56887855
H        0.13597300       9.58577309       6.84551707
H        4.53467424       6.67885202       7.42709443
H        3.66007615       5.98875413       9.56739245
H        1.79316919       6.35436039      11.11556944
O        1.56883883       3.61606637      11.07402463
C        0.57885562       5.86016083      13.91529443
C        0.46143339       5.06440087      12.78172665
C        1.83436821       5.95192290      14.58342631
C        1.57894962       4.29292671      12.30016220
C       17.10565869       6.71407264      14.36681622
C        2.96599814       5.17349237      14.14685040
C        2.84829622       4.39179108      12.98212476
H       17.18253342       5.20287327      12.29941753
H        1.90891242       6.50974882      15.48096990
H       17.32411010       7.82588952      14.41313461
H       16.27786302       6.67748802      13.73364091
H       16.68785794       6.34942291      15.29861998
H        3.94580964       5.23056267      14.58871448
H        3.60923469       3.86722092      12.39190189
H        2.39999876       3.30160617      10.82230117
O        6.42313683       0.52463933      12.77335273
C        2.82148604      17.54651736      12.94288134
C        4.09804271       0.04041391      12.44725691
C        2.61547351      17.32160133      14.33559353
C        5.20841201       0.23093256      13.32207169
C        1.72407972      17.35357157      11.92156377
C        3.72334423      17.50256959      15.24740837
C        5.00863308       0.14458018      14.74669301
H        4.27483878       0.00663591      11.37095960
H        1.64120188      17.02802009      14.54149423
H        0.84065579      16.81665505      12.26765344
H        1.27864236       0.65715995      11.75660484
H        1.98862545      17.04489788      10.92163213
H        3.70976920      17.27822243      16.31158170
H        5.86011107       0.17115098      15.41544670
H        7.12417465       0.51050803      13.45887600
O        0.45236901      10.75121818      13.51130585
C        3.03046770       9.31427105      15.65429368
C        1.87914953      10.04427643      15.24417896
C        3.86928583       8.68378135      14.66802461
C        1.59266794      10.06994205      13.87670030
C        3.32039389       9.08125682      17.13099062
C        3.46051274       8.59804788      13.29042033
C        2.27917567       9.24101389      12.91124208
H        1.32474329      10.55220668      15.97849856
H        4.81320713       8.17886535      14.99171714
H        4.32915631       9.04802279      17.18667116
H        2.80257498       9.72249641      17.71223715
H        2.81692186       8.15223179      17.06962461
H        3.85153892       7.98816144      12.52632291
H        2.00802979       9.23747840      11.85083193
H        0.03894851      10.95936936      14.29111651
O        8.78780802      14.33295035       9.97592316
C       10.95978118      16.63235310       8.03520556
C       10.49173767      15.39170449       8.58470333
C       10.42916783       0.14367982       8.40087933
C        9.42419391      15.44744989       9.49079192
C       12.08372099      16.48481659       7.04395748
C        9.36666628       0.23411550       9.35842093
C        8.90371946      16.72950097       9.85648732
H       11.03436865      14.46827399       8.33090388
H       10.83236540       1.07414902       8.01833767
H       11.89298737      17.15301366       6.20982618
H       12.98970872      16.64901555       7.56076899
H       12.17419125      15.50090255       6.51036793
H        8.92386160       1.16784357       9.61225611
H        7.99296657      16.68247187      10.44829082
H        8.01838953      14.67512672      10.37549838
O       10.40108702       7.76856256      17.65540903
C        8.52645488      10.83452835       1.02308953
C        9.46609375       9.76582638       1.00054414
C        7.69884871      10.98240424      17.63549174
C        9.56912875       8.85697452      17.65842975
C        8.47932113      11.64205083       2.34514120
C        7.73640197      10.06314160      16.56504374
C        8.73149429       9.06245762      16.54062053
H       10.10654253       9.63580564       1.82261538
H        6.88025059      11.60962787       0.05370671
H        7.44303871      11.91479847       2.54438359
H        8.85232249      11.05003009       3.09430116
H        9.04411369      12.51474509       2.42079026
H        6.98503218      10.25033485      15.70145488
H        8.76828365       8.46431813      15.67694829
H       10.19641813       7.03980240      17.04223689
O        8.33288408       0.65347373      14.56806615
C       11.22946267      16.55507114      13.19700193
C        9.89598413      16.96783955      13.36475897
C       12.21748525      17.14151581      13.97189141
C        9.60054271       0.31862189      14.28975438
C       11.65295999      15.53554217      12.20434195
C       11.92192213       0.45537007      14.89946665
C       10.60773451       0.94387170      14.97911115
H        9.10302791      16.53767161      12.80453373
H       13.20704562      16.80428199      13.78371169
H       11.79114074      15.83531384      11.15276871
H       12.55829946      15.11436971      12.61991778
H       10.88062181      14.76081822      12.23879045
H       12.65485732       0.85802983      15.47575098
H       10.55786268       1.71589116      15.71060364
H        8.40403979       1.46204075      15.07438530
O       16.45662480       9.18347166       3.39002511
C       17.41803810       6.48318060       5.67855997
C       17.44925426       7.40738479       4.66960175
C       16.43123952       6.58224034       6.69536630
C       16.42451697       8.36764770       4.48107468
C        0.77506796       5.46640467       5.76783139
C       15.40843607       7.63152834       6.57662302
C       15.44532872       8.44193823       5.44601761
H        0.43154195       7.34400437       3.84651626
H       16.25518740       5.99551030       7.65956535
H        1.08055490       5.36856191       6.71942034
H        0.34812524       4.51797517       5.32511820
H        1.63884456       5.82661080       5.21817019
H       14.68574115       7.82321005       7.33806951
H       14.62035165       9.13562097       5.26265791
H       17.25871437       9.71636727       3.24319470
O       12.86008395       9.73183620       2.18990130
C       12.00379363      10.53545090       5.66054084
C       12.47577126      10.71082259       4.35759325
C       11.62403745       9.27274701       6.17117560
C       12.50061680       9.60370200       3.48020831
C       12.08009610      11.63608338       6.61238782
C       11.60853750       8.17465854       5.26673973
C       12.04722203       8.34022131       3.95702682
H       12.84072535      11.68067877       4.06583838
H       11.26892257       9.03285667       7.18805630
H       13.12071650      11.85410918       6.94650053
H       11.64119546      12.62751713       6.26772975
H       11.48335199      11.49779421       7.48542082
H       11.16314632       7.27387407       5.58892714
H       11.96798534       7.44275679       3.36183633
H       13.32393301       9.00516373       1.90244177
O        8.30566293       4.03109152      15.13444403
C        4.92396983       3.82672938      16.77215910
C        6.08108677       3.44531420      16.01379186
C        4.89824799       5.07844131      17.47325205
C        7.18073639       4.34324536      15.89440327
C        3.80428747       2.87313207      16.67824296
C        5.97224087       5.93304976      17.30457322
C        7.13990573       5.58719814      16.54618524
H        6.06648299       2.54543374      15.49087338
H        4.02117030       5.40004642       0.22595161
H        3.72847155       2.28994053      15.75467779
H        3.92722561       2.18311849      17.43587499
H        2.90492413       3.43092274      16.83246358
H        5.91771670       6.86679283       0.07468976
H        7.98821767       6.27208506      16.38477859
H        8.89567638       4.69657488      15.12708756
O        6.06398282       1.36477380       2.88586195
C        3.04417938      17.50008432       1.60172481
C        3.93277109       0.77898612       2.23726413
C        3.57749095      16.25896286       1.15632730
C        5.23149793       0.43251203       2.49445029
C        1.70600779       0.27298707       1.17893600
C        4.92269308      15.98484859       1.50853747
C        5.76437155      16.89372377       2.14379194
H        3.70883935       1.78226403       2.47178570
H        2.94605543      15.54058317       0.57674733
H        1.03395025      17.70344839       1.92895303
H        1.75282413       1.34256767       1.14112211
H        1.30469243      17.70122907       0.16203447
H        5.33309469      15.02655118       1.19218802
H        6.82866837      16.72455405       2.25917507
H        7.00746217       1.10876358       3.00940643
O       10.75676095       7.57128008      13.28390260
C        8.20528156      10.07404160      12.98739779
C        9.49222997       9.49219834      13.18472713
C        7.09460501       9.12906316      13.01496218
C        9.56842075       8.04328345      13.21131054
C        8.00508191      11.53186344      12.94911773
C        7.26741537       7.73566411      13.01693122
C        8.48366488       7.13505455      13.07284075
H       10.35699077      10.13944503      13.19413675
H        6.07183335       9.36898424      12.72850683
H        8.68913044      11.99455948      12.26187735
H        6.93622750      11.66109184      12.73248104
H        8.20549661      11.88731085      13.95522345
H        6.47462412       6.98531066      12.86546039
H        8.63735084       6.04664173      13.08424190
H       11.10772217       7.42706579      12.40045730
O       15.37269977       7.90196120       1.22026450
C       14.13496268       9.32689398      15.76247744
C       14.24564440       8.45986331      16.86121055
C       14.97579599      10.40685244      15.63867991
C       15.28058159       8.72911498       0.09799561
C       13.00026487       9.06472388      14.78524889
C       15.87865705      10.77250539      16.57002512
C       16.08418024       9.88452703      17.65525342
H       13.71221184       7.53678005      16.97998837
H       15.00546438      11.00660174      14.75016775
H       13.04311857       9.74032099      14.05450322
H       13.12402681       8.19018073      14.21649967
H       12.00567943       9.10437727      15.20544162
H       16.50947025      11.61637937      16.42588150
H       16.79707124      10.06357570       0.73413997
H       15.70599191       8.38596965       1.95430748
O        9.45985860      12.47544224       8.21955822
C        6.31485132      10.61033662       8.20619206
C        7.34960374      11.40975332       8.73478316
C        6.44998559       9.99897239       6.92364022
C        8.43693051      11.64725098       7.87526011
C        5.25315150      10.15072258       9.08979518
C        7.60005008      10.17232718       6.12648423
C        8.60061627      11.05465458       6.59958295
H        7.31720788      11.84186422       9.71200612
H        5.58955520       9.29112599       6.65057297
H        4.23080355      10.23531212       8.64035626
H        5.34568803       9.00698079       9.34922581
H        5.18876745      10.74988354       9.99282936
H        7.76817732       9.58853670       5.23728116
H        9.42896919      11.26221602       5.98168942
H        9.42553068      12.99005800       9.01159359
O        0.65601906      12.98197088       2.41225859
C        0.52711690      14.30088511      16.64982662
C        0.25631537      14.27246490       0.29248046
C        1.56644226      13.66010354      16.08523182
C        0.97065639      13.35192250       1.11868968
C       17.42296823      15.23598600      15.75424385
C        2.39960216      12.88073427      16.95405883
C        2.06064307      12.65172660       0.59328573
H       17.05109658      14.78015633       0.57299068
H        1.84624050      13.80024150      15.03457924
H       17.58362164      16.25131325      16.06203812
H       17.61200613      15.10510507      14.70367707
H       16.38862323      15.03193002      15.91976389
H        3.27056016      12.41949671      16.52194694
H        2.67524852      11.98116038       1.13554833
H       17.48856404      13.19088862       2.70205980
O       15.31971769      15.30678299      12.91022951
C       16.63148243      13.54155691       9.97734929
C       16.40000225      13.91749201      11.32490071
C       15.80440388      14.09332382       9.00778149
C       15.48855319      14.94420982      11.64200016
C       17.57016858      12.41855397       9.62964574
C       14.80802810      15.01473581       9.28833400
C       14.63989669      15.43612047      10.62253109
H       17.01588050      13.48970671      12.11681344
H       16.05519631      13.85334717       7.95923032
H        0.10413650      11.84422485      10.47458614
H       17.20171634      11.72693039       8.93129868
H        0.81632721      12.72903592       9.26534949
H       14.34115870      15.50271920       8.41429789
H       13.88411687      16.15457043      10.86852304
H       15.82168762      16.02349054      13.25713456
O       13.87896603      12.10888443       1.35602914
C       11.55196976      13.21192583      16.43885718
C       12.11334615      12.44428731      17.54494583
C       12.45431108      14.04043634      15.70134807
C       13.41503841      12.80252600       0.28094086
C       10.15630539      12.83554707      15.96828366
C       13.72233021      14.39136707      16.15691465
C       14.20770496      13.76172096      17.29245785
H       11.38946865      11.78528571       0.44909197
H       12.07361842      14.41766252      14.71757420
H        9.58036336      12.71027375      16.90278038
H        9.75640185      13.65105688      15.37151045
H       10.27898418      11.90189169      15.41449065
H       14.27260926      15.09489256      15.44638367
H       15.18199771      14.00187534      17.66043200
H       13.45789411      11.29030342       1.47296356
O       10.48051374       5.89675569      15.46848544
C       13.60829059       4.20343181      14.80079881
C       12.48386651       4.96201676      14.60122910
C       13.93726051       3.84408481      16.12179144
C       11.64296412       5.25920127      15.64855690
C       14.51290144       3.91722833      13.61449489
C       13.06417908       4.05155110      17.19128296
C       11.86685363       4.76908458      16.96203489
H       12.21040772       5.31855345      13.66455319
H       14.92034442       3.42912398      16.25948805
H       15.57696693       4.08403545      13.70795200
H       14.45300759       2.88387242      13.32081827
H       14.17009123       4.45402684      12.67461936
H       13.26567137       3.59264541       0.42694678
H       11.26175228       4.91751754       0.02242085
H       10.67887615       6.56813373      14.77679433
O        5.49390039      14.75928741       7.93510052
C        2.38013408      16.11975096       7.02143133
C        3.46694872      15.70336113       7.75916620
C        2.49869181      16.17646430       5.63020454
C        4.51624743      15.13223215       7.09894943
C        1.18175217      16.54635397       7.75291444
C        3.56554214      15.69151210       4.87100002
C        4.58562570      15.08692409       5.65244194
H        3.52916149      15.72480403       8.81469037
H        1.76544783      16.71186310       5.03822165
H        1.46776672      17.06531369       8.68363512
H        0.52914718      17.30967591       7.31779197
H        0.75113244      15.55252152       8.06217041
H        3.73868542      15.77120303       3.83705644
H        5.45649105      14.77235495       5.09375058
H        6.33435618      14.43482617       7.54350676
O       11.94089889       1.90008928       1.90385558
C        9.51578656      17.28175923       0.34514494
C       10.68324771       0.11041001       0.81005052
C        8.40608110       0.40579870       0.17042652
C       10.79669666       1.46606503       1.30496566
C        9.43278152      15.92876787      17.47153729
C        8.45297189       1.75527759       0.64277604
C        9.65837316       2.30908883       1.24820400
H       11.59237804      17.31136999       0.90333806
H        7.50688883      17.65981073      17.50051804
H        9.92295130      15.10291863       0.46988809
H        8.40595275      15.61414583      17.19513493
H        9.96861018      15.93922310      16.52552044
H        7.55113176       2.34474869       0.56666240
H        9.63687771       3.33133028       1.64302964
H       12.07917102       2.82799711       1.86924424
O        7.84966885      14.58613768       6.81532952
C       10.27137235      14.87394776       4.04117273
C        9.46704072      14.26243262       5.02082116
C       10.31600334      16.33345671       3.89449977
C        8.59253291      15.11767392       5.80275418
C       11.38415371      14.01707082       3.38187955
C        9.39480002      17.08899871       4.64036193
C        8.54398785      16.48829086       5.56144120
H        9.59545804      13.26291376       5.23885693
H       10.87928721      16.76467167       3.11328221
H       12.33928088      14.09442767       3.96107998
H       11.13320362      12.97754291       3.22690787
H       11.62394471      14.36622131       2.38798804
H        9.34052963       0.43803478       4.56095283
H        7.81610654      17.06259467       6.06347155
H        8.36442253      13.99647943       7.28984515
O        6.12252359      15.24675396      10.64102107
C        5.29615308      13.69534982      13.89005926
C        6.00544348      14.49195057      12.93578066
C        4.23705251      12.88528574      13.51382691
C        5.57941551      14.44831008      11.57584161
C        5.72022248      13.77847585      15.29029775
C        3.81044117      12.82622220      12.18240669
C        4.44757305      13.65449644      11.22004277
H        6.87056960      15.15792465      13.22773388
H        3.66640072      12.31224184      14.24467925
H        5.68827164      12.78949499      15.78333191
H        6.73484727      13.95768081      15.20631713
H        5.09818659      14.54750364      15.84350460
H        2.93793749      12.22278416      12.01158377
H        4.12428843      13.74796915      10.23513235
H        5.65673118      15.17674748       9.83458520
O        5.95907778       3.00038319      11.80330119
C        9.45597700       4.07414535      11.06399002
C        8.35673904       3.33512583      11.53592180
C        9.30565368       5.26931389      10.38879291
C        7.01914415       3.79938905      11.38132166
C       10.88536028       3.53849068      11.24717248
C        8.00370255       5.80157059      10.20637853
C        6.88646811       5.07218167      10.77289873
H        8.48268427       2.41793994      11.94381135
H       10.19589541       5.88230679      10.14232985
H       11.30804749       3.27095708      10.30121392
H       11.53705649       4.11163483      11.82436582
H       11.05690055       2.54579046      11.77653200
H        7.96336825       6.79599169       9.69947721
H        5.85362460       5.37547550      10.53784434
H        6.24978197       2.16106891      12.25297858
O       14.53807527       5.39418308       2.48295071
C        0.29559833       4.02318936       2.43992306
C       16.90468792       4.91528505       2.20470110
C        0.10262258       2.77048463       3.01950078
C       15.62805694       4.56161177       2.68040007
C        1.68763158       4.47168044       1.98245068
C       16.55831811       2.41015489       3.49164667
C       15.47882645       3.26603832       3.26114393
H       17.12536341       5.88490486       1.89710222
H        0.95554344       2.07250513       3.10551343
H        1.53717140       5.18744886       1.18378986
H        2.23066630       4.78680059       2.81536797
H        2.21568273       3.66372423       1.54031957
H       16.40928251       1.49151875       4.01325116
H       14.52229669       3.00896279       3.61513061
H       14.72180025       6.07528733       1.83553618
O       16.33969252       0.07638014      13.54019451
C       15.75844214       0.85219122      17.14181491
C       15.70723567       0.26286677      15.83956290
C       16.82735192       1.81497668      17.29754186
C       16.51027744       0.64825215      14.76154398
C       14.79284256       0.43554802       0.51880690
C       17.64919875       2.15329157      16.20501755
C       17.49751792       1.68184871      14.92852017
H       15.02444471      17.21290451      15.53086720
H       16.98614402       2.33025646       0.56503198
H       15.27545890      17.35850775       1.19626377
H       14.50825194       1.28042024       1.11360814
H       13.80195333       0.03388729       0.20432169
H        0.63334465       2.88463139      16.47050680
H        0.35539845       2.05281512      14.12326314
H       16.46811478       0.70005114      12.81361024
