512
Lattice="17.7128441229 0.0 0.0 0.0 17.7128441229 0.0 0.0 0.0 17.7128441229" Properties=species:S:1:pos:R:3 pbc="T T T"
O       11.47692736       3.04611544       5.12226469
C        9.75957843       3.33873886       8.41855695
C       10.23383716       2.74982144       7.19856898
C       10.26180633       4.55487949       8.85429849
C       11.18126161       3.46811240       6.39962715
C        8.60368221       2.72857308       9.17561060
C       11.22600845       5.18213259       8.08270746
C       11.74859085       4.64094564       6.88006329
H        9.93978576       1.74987288       6.96711681
H        9.92104558       5.00956899       9.69990915
H        8.01361349       2.17686671       8.36955719
H        8.97913847       2.07695362       9.93184612
H        7.99840050       3.47698297       9.71959174
H       11.63274228       6.11287621       8.43144358
H       12.45333169       5.30948961       6.45000932
H       12.16622263       3.51227285       4.63180838
O        7.08771267       4.52318208       2.24441044
C        9.42134889       7.05200885       3.64531641
C        8.66264551       6.33630010       2.71398057
C        9.56193866       6.58465526       4.98958078
C        7.92107432       5.24607710       3.13259341
C       10.24513175       8.29988976       3.16599585
C        8.73011058       5.58015791       5.37623792
C        8.05007624       4.79632120       4.42597963
H        8.73872536       6.51549491       1.65814396
H       10.04108335       7.24846753       5.73352724
H       10.30107476       8.36523683       2.03220271
H        9.87861572       9.20456213       3.59295647
H       11.27414149       8.19413196       3.52492619
H        8.84693566       5.30527539       6.41929368
H        7.52603765       3.95039347       4.83578567
H        7.17040300       3.58917169       2.52019033
O       17.30815956       1.63131314      11.80024210
C       15.38419858       2.16177331       8.75560924
C       15.99699376       2.42152695       9.99796344
C       15.52048518       0.92138662       8.10875594
C       16.74159637       1.39202301      10.58402155
C       14.51002669       3.23017547       8.11315439
C       16.27162132      17.60230833       8.70465530
C       16.84466449       0.14351302       9.95695303
H       15.78034560       3.38172854      10.57351162
H       15.07469835       0.82430155       7.17809638
H       13.46586242       3.24931380       8.29417844
H       14.76483142       4.22491583       8.45501038
H       14.56932576       3.08117667       7.07164578
H       16.45254081      16.60725904       8.29593085
H       17.29193277      16.99970873      10.46605946
H       17.31036127       2.56926604      12.01338353
O        2.30885735       4.95547061      11.13023044
C        2.07809889       3.45205856       7.79955946
C        1.71941184       4.09984020       8.99090376
C        3.42250407       3.29756095       7.51201000
C        2.68380884       4.43270471       9.95973502
C        0.94015218       2.81360503       7.00205351
C        4.37709222       3.76393132       8.40358448
C        3.99146974       4.25538036       9.63394085
H        0.67898430       4.33243489       9.32538038
H        3.76707251       2.66696756       6.77991897
H        1.29086027       2.15724394       6.26714765
H        0.31368554       2.24696387       7.73351621
H        0.30140256       3.48194634       6.45246447
H        5.48159071       3.64879789       8.28547763
H        4.79640275       4.40728367      10.38250455
H        3.02498294       4.86508938      11.73734538
O       12.08671900       8.26866783      11.91661703
C       15.08685583       9.93114112      10.64019806
C       13.71717094       9.57060725      10.71592211
C       16.11489503       9.15284932      11.20791655
C       13.41534890       8.49127494      11.59877119
C       15.50540819      11.05027007       9.62225376
C       15.82780420       7.99872801      11.96182458
C       14.47541006       7.75116438      12.25963303
H       12.98888561      10.14448506      10.24497630
H       17.12132059       9.40294581      10.96415676
H       16.27470371      10.77546429       8.93836822
H       14.65399240      11.32091065       9.00713460
H       15.67380416      11.99909026      10.13813773
H       16.59879393       7.33919029      12.41721799
H       14.21840474       6.94717828      12.86675783
H       11.49083898       8.95822708      11.74584803
O       16.31752154      12.10573396       1.86654584
C       15.97354691      13.55380322       5.38229356
C       16.53818711      12.83524087       4.27407937
C       14.96260400      14.47417326       5.16589225
C       15.91358127      12.83749728       2.98126403
C       16.53261750      13.34521009       6.78775430
C       14.29704162      14.47286208       3.91504721
C       14.84278939      13.70997174       2.85286377
H       17.35424481      12.15574540       4.59816658
H       14.57766722      14.97502909       6.04598335
H       17.61377239      13.51350521       6.86476063
H       16.07670435      14.06257487       7.46724581
H       16.40028580      12.36313407       7.27062195
H       13.38881578      15.03118431       3.72650033
H       14.35834346      13.78643192       1.94739010
H       15.61838579      12.16208672       1.15608395
O        3.09467510       9.59187579       3.18059010
C        3.60144359       6.06235704       3.98094362
C        3.93966063       7.41484104       3.68299246
C        2.25924915       5.65440330       4.17547517
C        2.89306590       8.31752289       3.67698927
C        4.57489457       4.93566503       4.11862719
C        1.21154064       6.57889197       4.16390286
C        1.50469160       7.94921181       3.94918567
H        5.00072255       7.72579202       3.54440715
H        1.90951530       4.63534399       4.42255462
H        4.41611946       4.27997324       4.98108241
H        4.77914396       4.49619783       3.22289252
H        5.48627384       5.42274193       4.53528272
H        0.20128760       6.35305702       4.39855919
H        0.68609669       8.61129359       3.90376886
H        2.34890220      10.01887923       2.78475429
O        2.07038525       7.62691975      10.72311057
C        2.09056879      10.67951375       8.58459684
C        1.97290922       9.85834897       9.69495624
C        2.37015823      10.06252320       7.37589173
C        2.24023077       8.48043110       9.62566161
C        1.98548474      12.11554506       8.57116787
C        2.64174833       8.65764651       7.30753267
C        2.63651743       7.82666903       8.44994692
H        1.73045443      10.35138655      10.59006719
H        2.41862320      10.56099592       6.42526493
H        2.62619266      12.55778826       9.40781400
H        2.23155225      12.40182192       7.59195207
H        0.95148296      12.42803012       8.89641696
H        2.66951235       8.25035987       6.31061047
H        2.82493806       6.77432482       8.47015258
H        2.36787796       6.78479132      10.59881832
O        0.08014643       4.12800102      12.19552585
C       15.63444006       5.19532692      14.94988072
C       16.05936884       4.70939018      13.73641168
C       16.60943789       5.56764967      15.92381741
C       17.41489186       4.58114724      13.45789623
C       14.19220635       5.19829780      15.34942796
C        0.30042573       5.40831979      15.70552446
C        0.67836514       5.02419637      14.38124053
H       15.38057311       4.41032364      12.97317723
H       16.28858615       5.84744202      16.93164752
H       13.45527894       5.38813425      14.62233952
H       14.01273812       4.17052965      15.62383924
H       13.89344014       5.89705262      16.11757290
H        1.15249341       5.50031063      16.42764455
H        1.75371258       4.98804157      14.18837551
H        0.68279983       4.71509493      11.79686092
O        7.64338907      17.65234339      11.90120216
C        4.27299773       0.21827207      10.61781336
C        5.57783051      17.46954804      10.81147545
C        3.71107160       1.31561767      11.28696458
C        6.37019269       0.38422341      11.74667665
C        3.24500441      17.24269708       9.67439305
C        4.51946418       1.92992325      12.26318708
C        5.89282445       1.52361492      12.44009698
H        5.88107560      16.65821559      10.12577883
H        2.64676972       1.66466363      11.10891982
H        3.51586556      16.17947609       9.54109450
H        2.24989174      17.36645925      10.05336750
H        3.21056034       0.03043829       8.72390799
H        4.16269651       2.70803331      12.92573818
H        6.52785931       2.11800006      13.11255176
H        8.02019431       0.18506521      12.75555403
O        2.65427837       6.92171997       0.64651063
C        5.31936664       7.62649136      15.81574847
C        4.64515788       7.39593883      17.07345125
C        4.49049527       7.87141872      14.72149155
C        3.29874753       7.32683003      17.21222697
C        6.81755396       7.88995134      15.79287474
C        3.07141832       7.92771398      14.90526316
C        2.48821471       7.63279773      16.08029048
H        5.28968416       7.05815007       0.16500539
H        4.86551977       8.04868248      13.76787432
H        7.36334112       7.15594475      15.34249797
H        6.76566136       8.77255507      15.15518406
H        7.03191857       8.10836832      16.83249733
H        2.45955379       8.23038721      13.98918459
H        1.42046422       7.71232848      16.16426092
H        2.88731977       7.46717901       1.37499948
O        7.13931598      14.16528578       5.85584474
C       10.35029692      15.78282836       6.56937489
C        9.40138032      14.97764320       5.90683038
C        9.90344812      16.60763096       7.63206002
C        8.07855598      14.98256016       6.36204942
C       11.86245248      15.80727610       6.19667138
C        8.52914560      16.67229023       8.05579823
C        7.68582656      15.85610475       7.42943125
H        9.61221819      14.28833294       5.14548512
H       10.71638773      16.96487417       8.28357563
H       12.31657505      15.19590167       7.01888651
H       12.06193285      15.40467792       5.23892201
H       12.13825113      16.81876053       6.15435231
H        8.24457886      17.37118899       8.76937823
H        6.66158131      15.86927930       7.83158163
H        6.32101431      14.44569421       6.20257473
O       11.02048562      10.49009157      15.93686084
C        7.66237596      10.72767933      17.39695190
C        8.96059881      10.18891827      17.13322189
C        7.18346235      11.88239302      16.82544815
C        9.67438938      10.82690245      16.11280059
C        6.94557014      10.11930467       0.89882338
C        8.02426488      12.59532497      15.91682173
C        9.26276946      12.04082950      15.50787345
H        9.37519985       9.38016877      17.61869583
H        6.28817690      12.35397347      17.26696748
H        5.82113924      10.04016897       0.86281877
H        7.40121517       9.14029644       1.15902788
H        7.12457675      10.69964200       1.81466600
H        7.68718276      13.56495963      15.49651067
H        9.89957228      12.46226115      14.77661782
H       11.37571603      11.05148886      15.30250665
O        9.05878913       1.21080966      13.91112192
C       12.81323075       1.21555400      13.59660899
C       11.39472574       1.19288764      13.24850389
C       13.09278463       1.50297984      14.91413177
C       10.38219064       1.30867101      14.22100909
C       13.88380300       1.28721763      12.51124556
C       12.11744114       1.66661749      15.87889357
C       10.73218588       1.57838993      15.54175157
H       11.10366880       1.16461824      12.25305019
H       14.00685184       1.78073324      15.20466604
H       13.85225640       0.40387972      11.79488922
H       13.85627851       2.22076223      11.95624348
H       14.92629671       1.10245630      12.89491568
H       12.45488101       2.02697465      16.81223980
H        9.89045553       1.81380702      16.17797185
H        8.48292885       1.57833913      14.60968587
O       13.87747865       6.72945316       4.23089321
C       16.09093927       7.02027925       7.08409590
C       15.16765324       6.53261874       6.15523905
C       16.43077826       8.41215016       7.03323372
C       14.57944817       7.31944069       5.17146232
C       16.84354188       6.07968961       8.04965092
C       15.75771609       9.24950192       6.14825373
C       14.88263459       8.73505761       5.19246728
H       14.98347589       5.43231619       6.13383106
H       17.10500098       8.78559000       7.83691454
H       17.67686313       6.61273427       8.38621032
H       16.33500297       5.88469813       8.95483578
H       17.10353503       5.09571833       7.60224919
H       15.91743695      10.30554984       6.27705772
H       14.45843519       9.36756659       4.42167202
H       13.58740191       7.37414732       3.54855648
O       11.90272134      11.22119851       1.08914465
C       11.59223295      11.68894445       4.72687916
C       12.10887224      11.48095789       3.39365094
C       10.22073599      11.87827259       4.83692326
C       11.29390878      11.59377928       2.27125903
C       12.44275516      11.45034186       5.92386590
C        9.44455223      12.20127163       3.73421890
C        9.96204580      12.01798495       2.40641645
H       13.08252839      11.13360837       3.27352096
H        9.83038665      11.77085337       5.79694090
H       12.24426063      10.41896883       6.22211219
H       13.43159444      11.58312657       5.46103495
H       12.35812264      12.13371960       6.74099488
H        8.43429775      12.53916924       3.96440118
H        9.29349692      12.13528704       1.61671030
H       11.20600326      10.94484920       0.43871965
O        7.24787125       2.45562407      15.55389746
C        3.71657334       1.61786209      15.87982843
C        5.00725940       1.48953614      15.53246807
C        3.29543126       2.87974859      16.42775522
C        5.90488371       2.60382325      15.84657496
C        2.79438342       0.44287404      15.71034180
C        4.16453929       3.92412114      16.81709453
C        5.49909541       3.76470597      16.49040272
H        5.27036821       0.56157640      15.08875946
H        2.22052711       2.96575692      16.57712115
H        3.20895894      17.20978287      15.71062292
H        2.28010875       0.49247794      16.65325709
H        2.13115188       0.54863121      14.83804937
H        3.78988146       4.72689939      17.39422898
H        6.26776160       4.44171679      16.72974686
H        7.66055981       3.16133562      16.14257420
O        7.80834718       1.84966191       2.58400968
C        5.07390832       0.39497119       4.47433926
C        6.31246108       0.72251964       4.02444378
C        3.98784848       0.78365877       3.71138029
C        6.50579352       1.53300091       2.91515094
C        4.89940551      17.42013401       5.80186039
C        4.14548812       1.31430640       2.44420660
C        5.39269857       1.78630026       2.06661777
H        7.16948630       0.35569467       4.64729422
H        2.96092906       0.56914092       3.99163350
H        3.85822647      17.53151307       6.15723581
H        5.03048785      16.37093880       5.59725884
H        5.57612512      17.70245214       6.61696923
H        3.27860292       1.47323572       1.81121058
H        5.53608258       2.32460440       1.14752358
H        8.46865603       1.33133560       3.12316072
O       12.82170907      12.26483735      14.11291252
C       12.59070717      13.80911134      10.75870730
C       12.94973900      13.52793505      12.08056424
C       11.44278310      13.14031316      10.18541957
C       12.35477894      12.50761643      12.82915287
C       13.38495456      14.69294687       9.82042250
C       10.87247467      12.17457590      10.97689274
C       11.29896913      11.76022832      12.25612582
H       13.78888511      14.02644701      12.47697073
H       10.96401074      13.51177552       9.25074068
H       12.89816518      15.53385942       9.35182822
H       14.25981158      15.05354980      10.32139591
H       13.66469142      14.14537754       9.01012128
H       10.05353689      11.63865127      10.45956895
H       10.93919129      11.00736367      12.89448809
H       13.46878312      12.79656442      14.61760408
O       13.54219931       8.92708874       2.44362068
C       15.21956142       9.16598195      16.96429318
C       14.19636375       9.15857310       0.21390485
C       16.49919624       8.69277519      17.27860054
C       14.53546842       8.81479179       1.49754696
C       14.80336248       9.60599148      15.51543708
C       16.87186606       8.43967268       0.89599059
C       15.85122111       8.45315699       1.85889442
H       13.21080884       9.56753142       0.04238541
H       17.23611629       8.62038842      16.45504692
H       15.26434316       9.09366284      14.68064426
H       13.70969872       9.45846689      15.43784489
H       14.98511487      10.69695776      15.36656338
H        0.13302084       8.06495980       1.10119475
H       16.14033686       8.24965769       2.88603153
H       12.81416225       9.45346462       2.37565510
O        6.18782970      11.80270987       5.50799927
C        7.98879831       9.22834484       7.49810206
C        7.54125069      10.48186119       7.01100474
C        7.26989421       8.14522013       7.24025624
C        6.46320941      10.58154714       6.11118728
C        9.16254372       9.10986882       8.48241791
C        6.18632053       8.20154447       6.27488137
C        5.75756927       9.45733319       5.77950906
H        8.27491246      11.29583301       7.24644413
H        7.60609930       7.21666078       7.54131554
H       10.02689587       8.73522253       7.98099589
H        9.30043547      10.10633681       8.84089032
H        8.99016850       8.34687728       9.23139270
H        5.62182515       7.32773037       6.05935649
H        4.88837267       9.53422911       5.20152168
H        6.82568012      12.49446149       5.69762441
O        0.96384411      10.97255362       1.38898248
C        2.31235817      13.05649835      16.22037637
C        1.43448458      12.58022113      17.26212300
C        3.39006448      12.25545303      15.86865452
C        1.74679875      11.38419336       0.30471759
C        2.07326708      14.41019953      15.54266782
C        3.66366894      11.04219427      16.60950379
C        2.93628204      10.66977581       0.02476605
H        0.49253562      13.06804177      17.52766113
H        3.86367507      12.54007719      14.94575518
H        1.14838549      14.34581451      14.93965559
H        1.84695722      15.08451851      16.33889054
H        2.87940589      14.69250671      14.88255249
H        4.48600624      10.32986227      16.28209247
H        3.28059316       9.85001012       0.69560781
H        0.17891481      11.49025880       1.54760298
O       16.46690043      15.09697717      12.40558083
C        1.08985005      12.37578022      12.69868706
C       17.55944772      13.08564014      12.59996548
C        2.28557514      13.00992540      12.49795602
C       17.60959356      14.43530178      12.33984101
C        1.11325589      10.91263412      13.21425440
C        2.31664419      14.38045881      12.12115927
C        1.14630691      15.08001013      12.04415330
H       16.64256225      12.60794315      12.74737345
H        3.17538938      12.39167904      12.55429485
H        0.90748897      10.73732617      14.26905605
H        0.28128510      10.48150281      12.63219771
H        2.02419353      10.32100249      12.97790222
H        3.24481921      14.95080011      11.96885657
H        1.21005262      16.12458115      11.90168146
H       16.52435520      15.96839961      12.75244183
O       14.16651773      12.19991998      17.64052581
C       12.15219417      14.70116451      15.92763047
C       12.55874107      13.75616249      16.77728095
C       13.13591505      15.41094146      15.23135744
C       13.88619406      13.25781484      16.82778136
C       10.71763055      15.23260051      15.95113585
C       14.42272255      14.93294362      15.17578794
C       14.83293029      13.79739251      15.92477456
H       11.97573834      13.31339283      17.58044318
H       12.82611405      16.24896309      14.60757422
H       10.29153700      15.59968837      14.91293926
H       10.02642173      14.58875376      16.55699830
H       10.65861668      16.15867914      16.54723557
H       15.10830291      15.44074496      14.58411432
H       15.91180909      13.46091128      15.91309455
H       13.32683530      11.90094782       0.30398225
O        8.49438914       3.44749758       0.00398106
C       10.73773614       6.15279479      16.56450831
C        9.56620067       5.35521647      16.66819537
C       11.78141741       6.08476419      17.51418809
C        9.57107650       4.26408075      17.57901837
C       10.79831881       7.26207278      15.58990389
C       11.73204049       5.01132628       0.67990409
C       10.65848725       4.08428994       0.72111830
H        8.76934793       5.51580500      15.94257710
H       12.60207291       6.78928916      17.55978642
H       10.81043816       6.99036247      14.49148784
H        9.93664935       7.85020161      15.83469831
H       11.68138339       7.82262916      15.69273095
H       12.52504487       5.00126500       1.48257920
H       10.64757115       3.33238159       1.46731433
H        8.42307694       3.10338705       0.85135489
O        4.30113561      13.57795401       6.90756022
C        1.55653383      15.60030121       5.72432370
C        2.55839444      15.15384065       6.61102474
C        1.28024428      14.95678823       4.53089749
C        3.38203009      14.07841466       6.07917027
C        0.88836035      16.97794535       5.89512636
C        2.05368456      13.89376250       4.07444067
C        3.07901737      13.40824861       4.89294537
H        2.75405345      15.59190570       7.57558392
H        0.54773391      15.40846628       3.84513550
H        1.14557255      17.66459253       5.00528361
H       17.50426031      16.81336859       6.06595486
H        1.26851542      17.43072531       6.87533163
H        1.86165474      13.60006649       3.08524793
H        3.67714331      12.61803335       4.49784758
H        4.51476689      12.59743163       6.78606995
O       10.00761191       1.16056972       4.06621410
C       12.77376961      17.57635085       1.98026380
C       12.11615759       0.70273610       2.88739018
C       12.24193283      16.32102277       1.70168302
C       10.82225453       0.33562654       3.36444942
C       13.91722899       0.39791769       1.16496283
C       11.03627195      15.90128482       2.29924285
C       10.25919260      16.81707637       3.06742587
H       12.62193039       1.65381067       3.06585253
H       12.77092290      15.66697016       1.00031160
H       14.42313391       1.32643475       1.49109146
H       14.66550357      17.36808192       1.12196009
H       13.63100662       0.57602756       0.18446867
H       10.69618418      14.93016664       2.08244084
H        9.22536862      16.63475292       3.34835083
H       10.55193700       1.84531305       4.55021761
O        6.37080319      16.04784259      14.69359365
C        5.65918267      15.30822170       0.53307240
C        5.50971585      15.34027781      16.84606849
C        6.66425442      16.03955826       1.13252566
C        6.38001599      16.14875194      16.07905493
C        4.79041385      14.45198905       1.42655141
C        7.54651683      16.77928317       0.38134602
C        7.40422809      16.87424621      16.66492210
H        4.75493756      14.76901777      16.32661663
H        6.66055872      16.00073561       2.22619817
H        4.67170980      14.63491771       2.47685801
H        3.79145996      14.54516868       0.96274321
H        4.95748113      13.43666312       1.42323653
H        8.26849424      17.38243600       0.94584247
H        8.04545803      17.53893457      16.04205060
H        5.70947929      15.49480162      14.31552710
O        5.00865305       9.97149564       9.12793112
C        6.55197465      12.44140315      11.39460895
C        6.12597180      11.80130484      10.22068433
C        6.13221732      11.96279823      12.61081371
C        5.32216797      10.64687082      10.29228635
C        7.44388958      13.61594797      11.31071851
C        5.29622566      10.79154333      12.72158195
C        4.86721811      10.22130291      11.51479813
H        6.39570186      12.13675094       9.21960917
H        6.39693595      12.48015874      13.55048978
H        7.49989219      14.12132333      10.36380319
H        7.16816664      14.35093136      12.07187944
H        8.47225399      13.30064897      11.60715421
H        4.87242174      10.48689506      13.69546987
H        4.17403315       9.35327570      11.57938252
H        4.22380197       9.47274183       9.05270770
O        4.31600232       5.47351089      13.10367282
C        7.89182318       5.27098728      12.16473778
C        6.73463586       5.07825945      12.93351404
C        7.92622059       6.20954820      11.16916572
C        5.53525805       5.69297323      12.52253379
C        9.15491076       4.47134582      12.50936536
C        6.69841232       6.89888300      10.85114342
C        5.51709757       6.65805464      11.46279308
H        6.74509454       4.41797396      13.84440735
H        8.80971867       6.45763575      10.60715192
H        9.26795129       4.63114730      13.57089815
H        9.02221410       3.43215707      12.42528396
H       10.02864724       4.96018279      12.08915901
H        6.76806789       7.76804834      10.08301451
H        4.61991557       7.13563990      11.21693766
H        4.49497187       5.55462336      14.03029680
O       13.76247830       4.13450103       4.11082840
C       17.12923571       3.91887911       2.64212674
C       15.75885263       4.32709302       2.82443162
C       17.57414493       2.73249389       3.20699222
C       14.95143580       3.68695876       3.70675797
C        0.17110880       4.56225241       1.49380453
C       16.71061572       1.97942971       4.06086665
C       15.37299567       2.47950320       4.28130211
H       15.41534238       5.21476241       2.35354709
H        0.90203671       2.34222525       2.99491096
H       17.37304226       4.26443065       0.59496874
H        0.29523706       5.64320949       1.56037968
H        1.14689151       4.04217823       1.36812218
H       17.01688865       1.11099112       4.45531244
H       14.75096430       2.01045664       5.03662972
H       13.69733719       5.13354485       4.04455458
O       17.11320855      17.44625364      13.62325489
C       17.12469272      17.60876726      17.42819241
C       17.24681596      17.11493131      16.06376565
C       16.71458008       1.22258426      17.59636724
C       16.92005963       0.17505056      14.96814576
C        0.02947853      16.91004340       0.91750303
C       16.42898455       2.02085165      16.48244255
C       16.56648536       1.48851076      15.16854456
H       17.47050683      16.05207437      15.89666286
H       16.76562919       1.63924470       0.94424209
H        1.09224609      16.81809568       0.99666675
H       17.36568809      17.40652878       1.85349816
H       17.39839526      15.91707626       0.85587598
H       16.16780981       3.03168444      16.64923849
H       16.40792025       2.07714692      14.24796161
H       17.17263970       0.45082460      12.94785252
