512
Lattice="17.7128441229 0.0 0.0 0.0 17.7128441229 0.0 0.0 0.0 17.7128441229" Properties=species:S:1:pos:R:3 pbc="T T T"
O       12.85651902       3.50347211       3.19807293
C       10.90744964       3.69936500       6.24479758
C       11.30892567       3.17171588       5.01445550
C       11.69111990       4.65884803       7.00789813
C       12.47595612       3.75754928       4.45827726
C        9.60654855       3.23689029       6.71401287
C       12.95249038       5.01232250       6.53508157
C       13.27702975       4.63048017       5.21898157
H       10.61355968       2.43968941       4.54772066
H       11.46536093       5.27546683       7.91831202
H        8.76351455       3.48588534       6.05575121
H        9.65520901       2.22798643       6.61060777
H        9.57388153       3.48701246       7.76189372
H       13.49682436       5.78120168       7.06734421
H       14.11674636       5.06880456       4.81245594
H       13.56028367       4.08463961       2.87523585
O        4.63938079       3.98334375       2.83212123
C        8.03953741       4.99846363       3.31921937
C        6.88354812       4.40550757       2.74527142
C        7.99448867       5.78929556       4.48793767
C        5.73339347       4.56311840       3.38766946
C        9.30211688       4.81724989       2.49798956
C        6.72465114       5.92250133       5.07644348
C        5.57579388       5.34801951       4.50697477
H        6.93821678       3.72359842       1.95826277
H        8.83325841       6.38077838       4.79633580
H        9.07668976       4.65315938       1.46942844
H        9.91393641       5.70987727       2.58814517
H        9.87146948       3.98848897       2.97564854
H        6.82046235       6.54710031       5.94861521
H        4.68066290       5.55780972       4.97910228
H        5.05339013       3.31366479       2.32442891
O       17.15572275       1.91765426      11.82148202
C       16.09333651       2.95258004       8.55140676
C       16.96343545       2.75194521       9.63604895
C       14.78474540       2.56241568       8.54908306
C       16.41007912       2.15663623      10.76296524
C       16.67907450       3.79225781       7.44334185
C       14.26031322       1.90452000       9.66420655
C       15.09361707       1.65575006      10.72357902
H        0.23943813       3.06598394       9.68360263
H       14.15287463       2.90804766       7.73494273
H       17.56037804       4.42278726       7.73820458
H       17.09848949       3.00671513       6.66435864
H       15.94082605       4.38659664       6.89446231
H       13.23431156       1.53356320       9.57986804
H       14.59883285       1.17356469      11.55759277
H        0.33464791       2.19882238      11.62301737
O        4.40403483       2.07455870      10.53000047
C        3.70496730       2.64498369       6.95010872
C        3.52537783       2.39462541       8.33783974
C        4.97106635       2.41119178       6.35818590
C        4.57661864       2.12281488       9.20481471
C        2.51910819       3.04837211       6.04876246
C        6.09403453       2.14048970       7.19332461
C        5.86504601       1.95765440       8.60276810
H        2.55135948       2.56638884       8.70658878
H        5.15519326       2.55769645       5.32458967
H        2.91731509       3.00027053       4.98927958
H        1.65241565       2.36551995       6.16581195
H        2.23906892       4.04838066       6.32267824
H        7.10699763       2.12581271       6.85503519
H        6.84487470       1.80239667       9.21863199
H        5.24124229       1.98041731      11.00147530
O       10.86923750       7.74036919      10.03024485
C       14.34270284       9.09890640      10.25001536
C       12.92823212       9.11754768      10.15617138
C       15.05203298       7.86038814      10.19202389
C       12.23261016       7.85545875      10.04244788
C       15.13194858      10.38434277      10.48045252
C       14.38404673       6.62378410      10.09149799
C       12.97945457       6.64003861      10.04138200
H       12.36005192      10.05764216      10.17673367
H       16.18074943       7.72488663      10.12950754
H       15.52796309      10.34694280      11.52032556
H       16.07444815      10.51507195       9.84013248
H       14.52947567      11.25759738      10.26387378
H       14.98467978       5.74996101      10.13500078
H       12.52503934       5.68540872       9.89284748
H       10.36521060       8.36236229      10.54792358
O       15.13459659      13.81101667       2.72743671
C       14.92457401      16.93576884       4.82958349
C       14.60596153      15.96056198       3.82006260
C       15.92741349      16.62640753       5.79323387
C       15.31129622      14.74624347       3.63279518
C       14.30964118       0.57636826       4.82591892
C       16.66650917      15.42005602       5.60297993
C       16.37875159      14.52876195       4.50058191
H       13.86789452      16.15497378       3.10616448
H       16.00784501      17.35436123       6.56512804
H       13.41140076       0.44396777       4.20818860
H       14.10722555       0.81859232       5.89236041
H       15.09559186       1.24830404       4.44920389
H       17.54870292      15.15821770       6.19149967
H       17.04341930      13.70968090       4.29875191
H       14.23769840      13.70721848       2.43204192
O        1.59632162      11.04646671       1.79536420
C        4.40244955      10.02221163       3.95216081
C        3.42866293      10.04728204       2.91865157
C        4.31544378      11.06298607       4.93780054
C        2.49286397      11.06575757       2.82745088
C        5.43676474       8.99379614       4.02507449
C        3.39339628      12.11716415       4.88318563
C        2.43349700      12.02924043       3.88449625
H        3.49484541       9.35687725       2.08785650
H        5.06987484      11.11424432       5.71216071
H        5.21942542       8.17465685       3.30010578
H        6.38860709       9.39008609       3.93773293
H        5.47553369       8.58578094       5.05687711
H        3.49197368      12.85265429       5.67454534
H        1.68470182      12.79914369       3.85607037
H        1.28946519      11.90279597       1.66309676
O        1.17208356       5.49876875      10.36543322
C        2.02771510       8.25449982       8.16564735
C        1.32855588       7.52415424       9.08668146
C        3.23111491       7.72920505       7.58504672
C        1.85428118       6.28549128       9.50085649
C        1.45252205       9.61327004       7.74554565
C        3.72437306       6.44907340       7.94784781
C        3.03508524       5.77513213       8.96009390
H        0.34688374       7.80750193       9.45285342
H        3.76194035       8.37380279       6.82317780
H        2.15129142      10.40896039       8.08604210
H        1.46634613       9.55932880       6.70818769
H        0.41145243       9.66523438       8.08724159
H        4.67309160       6.22254466       7.41595366
H        3.46935049       4.84300670       9.26722467
H        1.68806363       4.88916727      10.86027043
O        2.02089235       2.71871309      11.71373406
C        1.23688631       5.40241857      14.11275224
C        1.12868571       4.41910307      13.17702333
C        2.52154712       5.80924859      14.49996814
C        2.18321885       3.76083501      12.56721938
C        0.02496801       6.00471327      14.76309622
C        3.64376484       5.14652852      13.97248948
C        3.49179789       4.09028328      13.02438229
H        0.18895852       4.12318941      12.83875601
H        2.57208956       6.51341475      15.31920534
H        0.03146954       5.84008633      15.85187416
H       17.53820689       7.10619927      14.61055384
H       16.87227112       5.47237061      14.44606228
H        4.58529885       5.38316419      14.35846796
H        4.34633056       3.51652564      12.67146942
H        2.77533371       2.19228488      11.37765910
O        7.10016688      17.65922690      13.16258109
C        3.63121034      16.93334059      14.17344440
C        4.72824532      17.34284746      13.40111938
C        3.80360867      16.38934343      15.48675242
C        6.05007148      17.19842628      13.89670741
C        2.22672650      16.96478845      13.61065327
C        5.12133713      16.31570968      15.96146812
C        6.21989035      16.68155095      15.17095062
H        4.77492802       0.10005784      12.42071663
H        2.98350367      16.06731433      16.20459397
H        1.75947671      16.09701826      14.02805731
H        1.64337391       0.13536998      13.92913749
H        2.25354609      16.77299345      12.53549046
H        5.34523387      15.99859583      16.95848909
H        7.24788707      16.46938085      15.56847984
H        7.88987692       0.06853814      13.66735424
O       17.06293798      11.01710290      13.28291156
C        2.15988587       9.65365914      15.10225914
C        0.96739459      10.43285925      14.77299494
C        2.92940816       8.97023020      14.08760304
C        0.50144259      10.34120286      13.47734248
C        2.67748283       9.55317938      16.47361794
C        2.39931658       8.95061298      12.76288561
C        1.09833265       9.46933392      12.54067783
H        0.45498506      11.01355242      15.53508353
H        3.84546536       8.47230968      14.38984204
H        2.94500594      10.51127747      16.91960131
H        1.84946505       9.22238305      17.04128556
H        3.54141174       8.96522536      16.60720758
H        2.76542263       8.37748026      11.96658905
H        0.78335139       9.25352683      11.54842355
H       16.88510327      11.52735829      14.14421562
O        8.16360554      14.86865837       9.61178365
C       10.98214608      16.45897034       8.00132025
C       10.19762518      15.43521994       8.58291473
C       10.71639777       0.06346541       8.27726673
C        9.00723394      15.83234515       9.20566141
C       12.17941144      15.99696244       7.18605179
C        9.58201286       0.40172148       9.12122743
C        8.78557895      17.12710974       9.61178302
H       10.48550223      14.40624207       8.32645310
H       11.25477687       0.91640392       7.93925064
H       12.38926941      14.94432610       7.02330185
H       12.13410595      16.37926662       6.17732746
H       13.14204045      16.42954613       7.49233159
H        9.27225399       1.37833514       9.43804110
H        7.90783682      17.37740382      10.21028617
H        7.51241580      15.02242119      10.18157454
O        9.96489758       8.92256752       0.50514259
C        6.69539785      10.62589665       0.36870348
C        7.95234601      10.19687242       0.84776749
C        6.26377904      10.16826291      16.84732065
C        8.74907965       9.31868699       0.06206896
C        5.97179175      11.68107194       1.08303013
C        7.05383622       9.24354817      16.04033657
C        8.31366243       8.86024672      16.53054750
H        8.38629590      10.47210598       1.80099865
H        5.40141710      10.57449749      16.43523227
H        6.26683025      12.64564232       0.62108457
H        4.89747779      11.51457380       1.07354086
H        6.29373441      11.82975410       2.09657481
H        6.69983952       8.91577700      15.13057067
H        8.92858659       8.23077012      16.03073292
H       10.45966796       8.38764063      17.60841166
O        9.09161932       0.95221840      14.70621324
C       11.89910137      16.62089111      13.31690226
C       10.54259078      17.02813660      13.59351673
C       12.94552543      17.13352803      14.13667879
C       10.31795043       0.40953493      14.50538879
C       12.20425779      15.47725378      12.42506362
C       12.69862939       0.44663573      15.05195445
C       11.38506027       0.94481267      15.19421121
H        9.70773189      16.54153866      13.22201697
H       13.92737639      16.75491151      14.15908480
H       12.84058784      15.68721197      11.60584964
H       12.73940037      14.76682656      12.96434696
H       11.29264137      15.03321074      12.03650249
H       13.51374454       0.71416765      15.59980637
H       11.22211912       1.79238450      15.83439093
H        9.29634337       1.80449035      15.12343705
O       15.92929202       9.04098463       3.07135084
C        1.04688784       7.09638575       4.36617124
C        0.25134661       7.90160343       3.46818762
C        0.51398677       6.67732417       5.63029309
C       16.65276004       8.28761740       3.90397818
C        2.38470403       6.58794919       3.91581099
C       16.95360408       7.07407743       6.00947074
C       16.13398989       7.97267410       5.18375727
H        0.57897908       8.27702303       2.46619671
H        1.08654823       6.02486782       6.27704020
H        3.08489402       7.03408932       4.60952121
H        2.53182127       5.55847766       3.99615760
H        2.74218988       6.79466493       2.93299127
H       16.54036532       6.71232763       6.97427697
H       15.19364221       8.32295844       5.65133551
H       16.42923749       9.75563963       2.79044146
O       11.13708553      10.25435785       2.47911918
C       12.58851325      10.16988256       5.90441962
C       12.32015139      10.54087725       4.57355516
C       12.07570734       8.95472712       6.34181327
C       11.49519961       9.78829324       3.72468971
C       13.48804186      11.03533453       6.74466632
C       11.34697652       8.10519651       5.44519099
C       11.06513283       8.49674952       4.18147822
H       12.60876586      11.53007252       4.25678182
H       12.21672323       8.60529759       7.34521184
H       13.30211297      12.07993827       6.55850865
H       13.51318184      10.66608989       7.77665088
H       14.54256775      10.85205346       6.43794166
H       11.06564709       7.08326386       5.69502614
H       10.46257988       7.81068436       3.63643887
H       10.63481615       9.62144028       1.96170901
O        9.05171652       3.69940050      15.52308767
C        5.46231245       3.53296939      16.40563460
C        6.68806805       3.23411984      15.76360232
C        5.33970593       4.73380782      17.13866642
C        7.77400810       4.04029759      15.97743202
C        4.31935346       2.54181998      16.30800696
C        6.42736172       5.50632555      17.37686239
C        7.63186860       5.16061531      16.75791324
H        6.93938732       2.40024882      15.10946598
H        4.34021533       4.96467389      17.48698814
H        3.35883795       3.07084723      16.18915078
H        4.41032986       1.89291813      15.44736416
H        4.26114432       1.96137777      17.15584916
H        6.34670879       6.42892860       0.30610466
H        8.53608198       5.80567390      16.93435925
H        9.64703850       4.36477464      15.76540169
O        5.90780367       1.56604329       2.60691276
C        3.31504871      16.69774309       1.84001047
C        3.95997602       0.26206047       1.95867277
C        4.07965372      15.56731937       2.06858517
C        5.30437290       0.36110957       2.40341890
C        1.79394740      16.61222711       1.44858649
C        5.41336201      15.67203032       2.44687645
C        6.00238694      16.88329241       2.59658484
H        3.40420057       1.16096098       1.67937941
H        3.68438632      14.57874201       1.89207378
H        1.51240924      15.55971696       1.49572323
H        1.00621763      17.11404228       1.99339690
H        1.62910258      16.88922363       0.42839743
H        6.08798664      14.78165041       2.42219688
H        7.03831813      16.94857507       2.90375525
H        6.88769898       1.55951551       2.72952577
O       11.66514766       8.41895679      14.11601924
C        9.74017840      11.05197985      12.30367719
C       10.77776300      10.40935325      13.08918809
C        8.60349792      10.32705484      11.97370876
C       10.63799775       9.06415609      13.49537932
C        9.86432469      12.44932489      11.82205180
C        8.46048977       9.04829345      12.44427161
C        9.40521813       8.43620366      13.26942321
H       11.72191245      10.86256375      13.19693429
H        7.70324866      10.73792605      11.46152783
H       10.95387299      12.64795408      11.71756935
H        9.39188036      12.64450177      10.87022168
H        9.60467156      13.27577441      12.48501852
H        7.52405863       8.65043704      12.27957844
H        9.17541405       7.42969249      13.56775313
H       12.51875685       8.83154792      14.33003233
O       14.58968871       7.75653818       1.04011635
C       14.72858208       8.56429742      15.07530983
C       14.70754452       7.77921996      16.27737107
C       14.45355437       9.96793991      15.12724957
C       14.48734803       8.38831354      17.55613221
C       14.83094632       7.89461528      13.64838377
C       14.30199537      10.58943107      16.41044130
C       14.25294324       9.76289643      17.56402980
H       14.94941274       6.70348497      16.12276582
H       14.53239104      10.61773939      14.19470488
H       13.98155287       8.25157494      13.02717923
H       15.78522591       8.09585147      13.09245793
H       14.84858718       6.84274159      13.61951630
H       14.20040692      11.69155852      16.47654191
H       13.82378570      10.25765805       0.72669647
H       14.68562390       8.31115905       1.82351553
O        8.45033101      12.30173242       8.09540719
C        5.81035688      10.23328452       9.50621974
C        6.51240643      11.38504256       9.14538159
C        6.22721600       8.97282927       9.00880387
C        7.68062862      11.28454088       8.38958412
C        4.55954392      10.37635633      10.37973619
C        7.34591079       8.91714607       8.21229451
C        8.06824710      10.06003567       7.90513178
H        6.04181119      12.30889664       9.54651524
H        5.67524939       8.11608978       9.35406680
H        4.14613566      11.34957497      10.30166125
H        3.81974554       9.62895458      10.10782333
H        4.76730928      10.04996155      11.43135256
H        7.68360859       7.91017478       7.81327938
H        8.97140688      10.01037805       7.35207191
H        8.35578944      13.14794568       8.51384639
O       17.66152891      13.08381663       1.56920422
C       16.63481424      13.78920960      15.73208200
C       16.56630136      13.56300090      17.13268724
C        0.18211247      13.83253035      15.13320666
C        0.02967785      13.29626754       0.20096185
C       15.36432613      13.92960108      14.91214228
C        1.37853895      13.60669211      15.85303945
C        1.27760555      13.36786896      17.26698946
H       15.71389339      13.34095207      17.69661670
H        0.28838462      13.85519791      14.06732974
H       15.25184755      14.89792416      14.34631561
H       15.43742666      13.18194016      14.10736534
H       14.37611165      13.65097393      15.45560566
H        2.27933284      13.57899719      15.25811532
H        2.23647765      13.33387257       0.01961611
H       16.84950513      13.25268380       1.99162063
O       17.48391023      15.45570869      12.40088316
C       16.66570268      13.96429813       9.10878391
C       17.28232023      14.20474613      10.32136738
C       15.47204657      14.63721165       8.75901790
C       16.76273436      15.14371790      11.21595167
C       17.31637601      13.09575791       7.98022777
C       14.92610179      15.52023906       9.72117406
C       15.52598357      15.76249642      10.94761047
H        0.50605654      13.69206665      10.53139201
H       15.07221232      14.46301404       7.71559892
H        0.42731534      13.68530976       7.63468426
H        0.09949032      12.21402123       8.45793623
H       16.58033321      12.84799372       7.24305268
H       14.00689240      16.00575753       9.50713409
H       15.08489573      16.41800610      11.66261681
H       17.25268316      16.19576821      13.00797207
O       12.93799172      12.38917024       1.68935082
C       10.70167855      12.90737863      16.46806479
C       11.29019857      12.24063128      17.56124042
C       11.24492703      14.13548219      15.97534600
C       12.31902448      12.90966453       0.60560542
C        9.51167750      12.24502860      15.90137297
C       12.23022818      14.73460144      16.76648245
C       12.76205894      14.16768947       0.18987490
H       10.76294752      11.38972182       0.14585902
H       10.63038920      14.75198939      15.32516429
H        9.06341901      12.84394161      15.14092056
H        9.77494964      11.25695230      15.43235187
H        8.75325069      12.18573739      16.70352203
H       12.34238783      15.77381212      16.57261782
H       13.54668412      14.69919766       0.74675076
H       12.54509522      11.52601073       1.98892802
O       10.91570160       6.48530261      15.73983756
C       13.64534703       4.32591838      14.77608327
C       12.62820088       5.28291972      14.70391646
C       13.93109745       3.61687506      16.00211110
C       11.92499614       5.58487638      15.85328814
C       14.37097025       3.88703817      13.49211273
C       13.21937175       4.05017135      17.16872572
C       12.21649759       4.96176907      17.07190536
H       12.44125058       5.84038030      13.82773236
H       14.77438333       2.97019786      16.14551703
H       14.04193638       2.88393970      13.33547390
H       14.05553881       4.51164745      12.68743768
H       15.46083506       3.88020045      13.63305865
H       13.23822068       3.59802243       0.39628632
H       11.70759645       5.27068622       0.23748386
H       10.78338848       6.99475033      14.94602498
O        4.50330565      14.90028811       7.88498721
C        1.65707126      17.21440903       7.56005534
C        2.57232568      16.26983462       8.10053163
C        1.74588989      17.51786096       6.22525112
C        3.60914537      15.72016744       7.29854801
C        0.61628536       0.27771404       8.31578937
C        2.71791239      16.93468267       5.43904625
C        3.57553546      15.91012318       5.84962640
H        2.62752667      16.08144757       9.18775981
H        1.06235737       0.45127727       5.75637756
H        1.09947603       0.74550606       9.23242797
H        0.32437435       1.12444240       7.68407173
H       17.53817920      17.29032775       8.52237600
H        2.66221840      17.17867659       4.39971060
H        4.33425359      15.43921918       5.23760567
H        5.24040056      14.76694963       7.26112756
O       12.34841379       0.83637912       1.81656005
C        9.32719446      16.89640593       0.63225029
C       10.64537960      17.12002245       1.02608905
C        8.60121754       0.33266202       0.35442584
C       11.15717950       0.68455524       1.32566515
C        8.67895381      15.45565692       0.55439902
C        9.03198506       1.61122433       0.56117958
C       10.36638943       1.78942490       1.11912297
H       11.33104505      16.25456340       1.09455909
H        7.59298299       0.17297666       0.05594996
H        8.39170015      15.19210223      17.26953094
H        9.42570049      14.64924859       1.01911970
H        7.75047971      15.55434414       1.13751212
H        8.35795860       2.41472270       0.26715833
H       10.71172939       2.74011472       1.32461724
H       12.58934765       1.71372695       2.14407799
O        6.89905528      13.98060338       6.53800300
C        9.69017705      14.73558536       4.21933542
C        8.65589386      14.08902913       4.86877227
C        9.73044599      16.12342109       4.16394090
C        7.74320548      14.74312962       5.71407547
C       10.83081007      13.96637148       3.60422109
C        8.72545359      16.79148266       4.92731994
C        7.82198420      16.10951528       5.73358628
H        8.61472486      13.04772215       4.93732610
H       10.50058627      16.67583907       3.59945428
H       11.50922247      14.56516137       2.95966486
H       11.29271313      13.48297881       4.46577462
H       10.48338303      13.09553402       2.93765451
H        8.60164719       0.15299864       4.87303517
H        7.17475118      16.73485482       6.41573415
H        7.24387431      13.13958816       6.32066616
O        5.46005826      15.40374569      10.46325970
C        5.58304356      12.88541792      13.15224215
C        5.89054253      13.98553610      12.34280501
C        4.30328707      12.28340026      13.01005932
C        4.96750145      14.51306947      11.41442844
C        6.58236511      12.31927496      14.14030747
C        3.33599084      12.82555070      12.16548853
C        3.67683931      13.92347886      11.36907043
H        6.81798953      14.58906872      12.41307663
H        3.92071714      11.47929978      13.57604377
H        6.57547688      12.75888401      15.18622632
H        6.31291301      11.33923155      14.33163849
H        7.63960476      12.44131752      13.86902519
H        2.32645635      12.35666209      12.18001393
H        2.82210480      14.36885501      10.75492238
H        5.18986915      15.30654211       9.59016638
O        6.50949940       2.15592272      11.91056322
C        9.97246538       3.43430762      11.87349053
C        8.81848645       2.63659438      11.85776847
C        9.82621238       4.82808364      11.58609445
C        7.47666717       3.04971470      11.81036722
C       11.33307278       2.86708846      11.96993467
C        8.46069196       5.26871403      11.31709254
C        7.31630914       4.36250417      11.51390525
H        8.95356924       1.58385556      11.92947233
H       10.69213802       5.45899214      11.48536507
H       11.57343023       1.92855952      11.58859503
H       12.13776285       3.54843988      11.58412046
H       11.46062219       2.69996874      13.03274136
H        8.23475799       6.33279171      11.01134973
H        6.34229163       4.78025719      11.50920038
H        6.72303201       1.45576481      12.49239469
O       14.71466422       5.06882398       2.02878194
C        0.67489475       4.76893749       1.43914482
C       17.03163212       5.15667598       1.21637673
C        0.98081377       3.87597132       2.49164992
C       16.00736495       4.67653085       2.09061410
C        1.74994400       5.24587519       0.55937389
C       17.67038562       3.38245283       3.32088131
C       16.31895158       3.77919170       3.07459314
H       16.77459834       5.78872159       0.47414024
H        2.04617590       3.55368874       2.66719452
H        2.59400864       5.33665681       1.26613034
H        1.88891027       4.43762353      17.56192895
H        1.60720042       6.13491566       0.00431963
H        0.23601708       2.53901089       3.92292448
H       15.48713606       3.40668082       3.74371162
H       14.62039407       5.92188723       1.68989274
O       16.60127588       0.17866522      13.60596459
C       16.51574270       0.21894695      17.28439641
C       16.22311003      17.55914756      15.97725268
C       17.23212314       1.41310935      17.49989470
C       16.62858383       0.69816700      14.91092663
C       15.97637775      17.02870724       0.70146444
C       17.58847594       2.24954061      16.46195713
C       17.29788221       1.88284135      15.11099809
H       15.67281960      16.60856358      15.80923054
H       17.47359588       1.56215515       0.86171344
H       15.84402086      15.89955959       0.58609013
H       16.60771048      17.12573909       1.57406284
H       14.97866880      17.36965822       1.04172445
H        0.33511591       3.13283194      16.80982030
H       17.70055420       2.41638088      14.32443126
H       16.57771142       0.95866830      13.01470703
