512
Lattice="17.7128441229 0.0 0.0 0.0 17.7128441229 0.0 0.0 0.0 17.7128441229" Properties=species:S:1:pos:R:3 pbc="T T T"
O       12.16520642       3.61713719       4.39128523
C        9.87872730       4.06577548       7.28559646
C       10.41518689       3.54189932       6.11046834
C       10.46270940       5.28828926       7.88678046
C       11.60211134       4.07454704       5.55984884
C        8.54684526       3.50756682       7.71102666
C       11.57967721       5.88357244       7.27395852
C       12.23400113       5.21041195       6.22541129
H        9.90948227       2.74037264       5.56478291
H        9.96016332       5.79855970       8.69187188
H        8.29352237       3.87573516       8.62882638
H        7.77700398       3.77635373       6.95975638
H        8.53192744       2.44212928       7.95524793
H       12.00912767       6.79739221       7.60420203
H       13.23265978       5.45578909       5.89935998
H       13.01293838       3.97127614       4.25624474
O        9.62862300       3.72334853       1.61514272
C       10.39594530       6.95722090       3.13991164
C       10.52354812       5.79322968       2.34784301
C        9.18301744       7.36909202       3.65763866
C        9.41749826       4.94293385       2.17970235
C       11.63089673       7.86598559       3.48265865
C        8.06050609       6.57497760       3.44367924
C        8.16831720       5.32126347       2.78953110
H       11.54014114       5.48720138       2.24405101
H        8.94705200       8.27249221       4.12148575
H       12.49253034       7.19396071       3.40601781
H       11.74221455       8.72022883       2.73491301
H       11.75655485       8.26624278       4.53367054
H        7.14338184       7.01311868       3.66243565
H        7.26833946       4.71174544       2.56559034
H        8.86171931       3.22034805       1.64651304
O       16.51322269       1.07510371      10.95250980
C       14.88445624       1.47806335       7.66443131
C       15.65404996       1.86819829       8.77952315
C       14.25301165       0.24859489       7.65977599
C       15.74122226       0.87176806       9.85147605
C       14.69481427       2.30713771       6.46464570
C       14.17652101      17.04988531       8.73474300
C       15.00092492      17.39274438       9.80818754
H       16.20141828       2.73088968       8.88293304
H       13.72458017      17.61185673       6.75803814
H       15.61762286       2.68200063       5.97791260
H       14.16011404       1.72745403       5.73371551
H       14.09996972       3.22878646       6.68541932
H       13.64926869      16.05590366       8.62537753
H       15.11642420      16.74043765      10.67080974
H       17.16919770       1.78177249      10.86112168
O        2.98922414       3.48053674      10.44462333
C        2.63444520       3.12008135       6.77463511
C        2.27452864       3.27992584       8.09591920
C        3.99717489       2.88402365       6.49236822
C        3.25881914       3.29678934       9.14019090
C        1.59567707       3.03932035       5.61685425
C        4.99827987       2.86808070       7.51617794
C        4.60097528       3.08518233       8.82977284
H        1.20485617       3.33267818       8.17046312
H        4.25006806       2.56936616       5.49616186
H        1.26908625       4.01763922       5.18282227
H        2.07557848       2.50119174       4.82366425
H        0.72266532       2.37499438       5.75603885
H        6.04128183       2.52090620       7.26818024
H        5.36601933       2.99413383       9.64848975
H        3.80176858       3.54087371      10.96373111
O       10.92063623       9.17724172       9.76515674
C       13.83843913      11.33570644      10.58187906
C       12.49995020      10.93618160      10.17565420
C       14.74655014      10.30253600      10.90465057
C       12.17615872       9.55313110      10.06913554
C       14.30160698      12.78124945      10.46349749
C       14.41477591       8.90771074      10.88025834
C       13.05442394       8.56795927      10.48763014
H       11.75150190      11.70470916       9.89200025
H       15.77995620      10.53283187      11.18799493
H       15.42137051      12.70440768      10.33275387
H       13.74435954      13.36338598       9.74241945
H       14.14066926      13.20690596      11.43557712
H       15.05871665       8.14426152      11.28275002
H       12.80974574       7.51599108      10.40822534
H       10.47478476       9.84532511       9.30140385
O       15.47711387      12.75532500       3.14502864
C       16.43548477      14.51374704       6.26652907
C       16.24379931      13.39373350       5.40468205
C       16.27129495      15.84681060       5.77361035
C       15.76555093      13.68997002       4.06455202
C       16.86126666      14.51913567       7.74861738
C       15.73210200      16.06391176       4.47335631
C       15.41929109      15.00256502       3.62035350
H       16.34709934      12.35520621       5.75537623
H       16.47016012      16.69848392       6.47503541
H       16.12053207      13.92398323       8.33289852
H        0.08794119      13.90581384       7.79390033
H       17.08502012      15.49161579       8.14595301
H       15.65568310      17.11492675       4.11665041
H       14.94022253      15.20812162       2.67473365
H       14.98568577      12.94864579       2.33295979
O        2.54607759       8.79327714       1.21725597
C        3.67186409       6.13339566       3.58393637
C        3.65198006       6.91632473       2.43394527
C        2.86521588       6.45496633       4.67622203
C        2.69706767       7.91697918       2.26478157
C        4.65495904       4.96176670       3.67290134
C        1.93818781       7.48232717       4.53523090
C        1.77694397       8.17037504       3.28023746
H        4.20872930       6.53261723       1.55275243
H        2.75355057       5.79432250       5.56492274
H        5.23302871       4.93257914       2.74981816
H        5.41238003       5.17088901       4.41069966
H        4.18505194       4.01214222       3.96891988
H        1.25235273       7.68706430       5.35988554
H        1.02229122       8.92544830       3.18166984
H        1.82014199       9.42848401       1.28586567
O        0.24334929       7.45915059      11.75532663
C        1.47905964       9.17436283       8.77076080
C        0.75438986       8.79107774       9.89182872
C        2.43024872       8.31811333       8.23472848
C        1.06504865       7.64914993      10.65476113
C        1.02738115      10.38565055       7.96650332
C        2.71012333       7.14303368       8.98041571
C        2.11760824       6.86089904      10.22010127
H       17.63821524       9.40337682      10.22059744
H        2.92710250       8.60232286       7.29572313
H        0.00304783      10.21592714       7.57031200
H        1.03761901      11.25561306       8.67748485
H        1.72171575      10.76422579       7.25529170
H        3.39706542       6.40271812       8.63569195
H        2.39001500       5.93886646      10.67449293
H        0.38674185       6.68769390      12.17625139
O        0.30209855       3.10689738      10.98216441
C       16.10907672       5.32897402      13.29804741
C       16.43466552       4.47812567      12.20507217
C       17.07110385       5.50772850      14.30435238
C        0.01403253       3.90373272      12.05314481
C       14.68357976       5.81449952      13.62819575
C        0.64110935       5.03018200      14.15155832
C        1.01488718       4.24578182      13.06098025
H       15.61662158       4.29270157      11.45830621
H       16.88209262       6.17023619      15.15268719
H       14.20522605       6.30947911      12.73635534
H       14.12971716       4.94290975      13.96328042
H       14.81746654       6.54796584      14.48032854
H        1.33529070       5.18690361      14.94787519
H        1.93130226       3.79456868      12.94927493
H        1.21937378       3.17582756      10.81682881
O        6.77259956       0.11203278      11.80772148
C        3.23636272      17.22649248      12.21273343
C        4.40936604       0.00094000      11.69192852
C        3.20341801      16.29136965      13.29198432
C        5.63423417      17.29073050      12.24304412
C        1.86153793      17.65687457      11.62679327
C        4.43273739      15.88904452      13.87017733
C        5.61266545      16.35053756      13.29138403
H        4.31609433       0.71153395      10.89224199
H        2.29053662      15.93918937      13.62336670
H        1.59150666      16.84439242      10.94930652
H        1.09408929       0.04365208      12.50020231
H        2.03299078       0.84986681      11.01521649
H        4.41033473      15.13885770      14.65652673
H        6.52259131      15.91596655      13.65164614
H        7.44261944      17.70860660      12.47999580
O        2.77053711       9.67289818      16.12978664
C        5.82399404       7.61982208      16.37038967
C        4.96136387       8.75676025      16.53972622
C        5.50385382       6.64747821      15.36227745
C        3.70202883       8.74044583      15.92245214
C        7.05640472       7.47053916      17.23225800
C        4.34868562       6.73281214      14.68263689
C        3.38769420       7.67344105      15.00434893
H        5.06531049       9.31729737      17.40701013
H        6.18941433       5.77536773      15.01487491
H        7.53052331       6.61311188      16.90793542
H        7.72187646       8.17232346      16.88695403
H        6.82637081       7.56205932       0.57851922
H        4.19419121       5.93884197      14.00089763
H        2.49223862       7.87606725      14.39318211
H        2.74660206       9.98007379      17.04873997
O        7.53799527      13.51972249       7.92402016
C        9.93214951      16.14969969       7.28256182
C        9.32461261      14.92484620       7.27317534
C        9.54262284      17.16789788       8.16163087
C        8.18638419      14.70956033       8.02919610
C       10.95511565      16.40924874       6.21276725
C        8.52493765      16.87407681       9.05686136
C        7.82701570      15.72313196       8.95847117
H        9.67501491      14.25114756       6.55250788
H       10.16459416       0.35623732       8.31415606
H       10.89048264      15.75597140       5.36491655
H       11.04768449      17.42016407       5.75782441
H       11.93985632      16.17887111       6.52815791
H        8.07726950       0.01484025       9.58388969
H        6.99071926      15.65250396       9.63745655
H        6.99505796      13.19836853       8.62710993
O       11.06136105      10.02629362      16.84295412
C        8.00231368      10.73627704       1.02437507
C        9.10052092      10.05888096       0.43281156
C        7.72759087      12.08078017       0.64034835
C        9.97220703      10.70345711      17.28020156
C        7.12186449       9.90263200       2.06308742
C        8.63943529      12.67917034      17.42014277
C        9.75809563      12.04427341      16.82475090
H        9.33794256       9.01045383       0.74904540
H        6.91054020      12.58560283       1.08769172
H        7.54698064       8.96198568       2.46857998
H        6.91884184      10.64188082       2.81407680
H        6.18620633       9.65156582       1.52431298
H        8.35904429      13.74292870      17.16143498
H       10.41309743      12.55160124      16.14621467
H       11.55318497      10.61648289      16.26384185
O        9.00716985       1.02234100      13.25939838
C       11.98582033       1.91984955      11.44521327
C       10.64978988       1.51228396      11.77314822
C       12.92681550       2.01502790      12.44528399
C       10.27710232       1.34765710      13.06202998
C       12.28170172       2.14367899      10.02475313
C       12.57200393       1.72665518      13.78866752
C       11.21647659       1.48284014      14.13620853
H        9.86868493       1.46727765      11.00610820
H       13.99358942       2.17141425      12.26173543
H       12.20853507       1.33692340       9.31228237
H       11.54664832       2.78395694       9.62123137
H       13.19249981       2.63979595       9.86659764
H       13.38305054       1.73920924      14.56025373
H       10.91580141       1.20331331      15.16381603
H        8.71966789       1.24620131      14.12987958
O       15.38425095       7.30833657       3.26804466
C       16.30866759       6.71256637       6.79488299
C       16.18895863       6.63619955       5.39494921
C       15.60911997       7.79415669       7.41589561
C       15.53543713       7.55976498       4.59422721
C       16.73358916       5.55534183       7.63802628
C       14.99722674       8.79003261       6.56182344
C       14.96310650       8.66461712       5.15770245
H       16.55582414       5.78675748       4.80787263
H       15.50013337       7.86593413       8.52755014
H       16.07635134       4.76397459       7.44792136
H        0.04056423       5.22850888       7.33376361
H       16.85630677       5.71997738       8.70206216
H       14.45231342       9.59010334       6.98813954
H       14.45826856       9.38433756       4.49883111
H       15.16038988       8.02180154       2.66097174
O       10.83306658      12.76174019       2.43868599
C       12.19479850      12.66756877       5.96204296
C       11.94511185      13.12852987       4.66646022
C       11.55581634      11.47390224       6.39220456
C       11.17214700      12.35607652       3.74903805
C       12.91504782      13.55372336       6.92114872
C       10.71359633      10.65829814       5.50743756
C       10.53814388      11.16598147       4.20565840
H       12.33701942      14.05385658       4.37368259
H       11.58542777      11.15293256       7.47992569
H       12.21435344      13.93357864       7.65088227
H       13.72553409      12.96688229       7.38452480
H       13.49255939      14.33991003       6.52732371
H       10.20035941       9.86402528       5.99948780
H        9.82414124      10.58883441       3.67757613
H       10.26730576      12.05970790       2.16314682
O        8.04617675       1.81968461      15.72360035
C        4.35760399       2.38662836      15.56790533
C        5.62132751       1.79350579      15.31473679
C        4.25872195       3.54327540      16.33256635
C        6.80477109       2.29739435      15.90537944
C        3.07343326       1.77538444      15.08982153
C        5.39977486       4.07587174      16.91812616
C        6.68205489       3.43327377      16.74935939
H        5.57910292       0.86495203      14.83292730
H        3.30583364       3.91974669      16.56886583
H        2.28264152       2.38803148      15.44025741
H        3.06160798       1.69617232      14.03940683
H        2.86094800       0.76796526      15.56513388
H        5.18056366       4.82941368      17.59226338
H        7.51423847       3.88883830      17.12815774
H        8.65342674       2.44720140      16.09326982
O        7.81649474       1.87099560       2.08277534
C        5.92137213       0.22597363       4.68997695
C        6.98441913       0.72779831       3.93588414
C        4.59962731       0.34379614       4.24687471
C        6.73533493       1.32714595       2.71809296
C        6.16121830      17.20916634       6.03411126
C        4.35421354       0.99852550       2.96898881
C        5.42691253       1.42507028       2.16715457
H        7.96810617       0.65561423       4.31341060
H        3.73454648       0.09529804       4.86859520
H        5.43336031      16.40731893       6.13804005
H        7.15584777      17.05774292       6.36925417
H        5.83188770       0.24230267       6.77101507
H        3.29400922       1.24023656       2.72996032
H        5.32546162       1.88817319       1.18446169
H        8.59206652       1.53782843       2.43413283
O       12.51289854      11.88464086      14.85950927
C       11.13207620      13.94510303      12.20926534
C       11.99641064      13.33773124      13.11941408
C        9.88698089      13.28812183      12.01639004
C       11.63160081      12.25899999      13.88746107
C       11.40975598      15.16958185      11.51516779
C        9.55343553      12.17118486      12.75312414
C       10.46057731      11.59102482      13.62024929
H       12.89415678      13.74794009      13.34742407
H        9.11676953      13.58660409      11.29118375
H       12.21020359      15.84569277      11.93589901
H       11.67609557      14.93351169      10.44479584
H       10.52689183      15.84201683      11.44074603
H        8.62800994      11.64939075      12.46985534
H       10.23720437      10.73586871      14.26005591
H       13.28206281      12.40340655      14.99255729
O       14.56875234       9.34720558       1.35814147
C       15.24865075       9.13415382      15.46330903
C       14.60526434       9.21164247      16.72446576
C       16.63178953       8.84781558      15.43940768
C       15.29494777       8.95240962       0.20154287
C       14.62217633       9.59959882      14.14807439
C       17.28847766       8.49810103      16.62932648
C       16.63493397       8.55035563       0.16594335
H       13.56937762       9.49893151      16.64391627
H       17.10386588       8.80995102      14.48307311
H       13.54789912       9.79901570      14.24973406
H       15.05959452      10.49349325      13.76344021
H       14.67257753       8.84230287      13.38935704
H        0.58646595       8.30261076      16.54874199
H       17.20781973       8.44910111       1.07468108
H       13.98608370      10.10906594       1.24850084
O        6.35132262      12.30782743       5.92842209
C        6.77287223       9.00594970       7.54133971
C        6.91468657      10.37945889       7.24443135
C        5.89359390       8.24707468       6.79225766
C        6.32707984      11.00786177       6.12662292
C        7.36196259       8.45571322       8.85795882
C        5.20458657       8.84884745       5.66625043
C        5.54877249      10.14609618       5.32681927
H        7.68081954      10.86147722       7.87246184
H        5.68278038       7.22063158       7.04199410
H        6.70604934       8.51068746       9.68870612
H        7.54165045       7.39704923       8.67518251
H        8.26416593       9.01720774       9.03229742
H        4.42974980       8.33396836       5.07511579
H        4.97118358      10.63283349       4.61860458
H        7.02186600      12.75191226       6.50725846
O        0.21765289      11.14752141       3.17942669
C        1.23047510      12.10480137      17.43115681
C        0.39143296      11.64151071       0.78092002
C        2.56892018      12.37371332      17.69528968
C        0.94530629      11.57597011       2.09993042
C        0.79512852      12.15399136      16.05957942
C        3.10438713      12.26519480       1.28153084
C        2.31463183      11.84379677       2.30268566
H       17.05236756      11.51805833       0.71835563
H        3.18511847      12.59766950      16.87513080
H        0.11615870      11.38145686      15.94367920
H        0.36540806      13.16656576      15.76037657
H        1.69071188      11.84227502      15.43461136
H        4.11340493      12.44970852       1.53604652
H        2.77758683      11.68378063       3.29440950
H       17.14610547      11.70656855       3.28663100
O       15.72858603      14.69636895      12.94150023
C        0.36761528      11.94345254      12.26828798
C       17.09358107      12.76479492      12.79449867
C        1.11039248      12.50266426      11.22166458
C       16.76580164      14.02627124      12.31656206
C        0.62280572      10.54685842      12.80651314
C        0.86603941      13.77500120      10.64435881
C       17.48211106      14.47535110      11.20335743
H       16.71558404      12.50887280      13.79054055
H        1.86328528      11.87951420      10.79747654
H        0.45423628      10.64603116      13.84450143
H       17.50606732       9.87437193      12.56012236
H        1.60697824      10.10463028      12.71841111
H        1.32765017      14.11723760       9.76905271
H       17.26878697      15.45773608      10.86988443
H       15.95799659      15.65965507      12.95219352
O       13.26719382      12.65032427       1.18430029
C       12.14412946      14.95114969      16.32456089
C       12.20494663      14.05352739      17.34772959
C       13.33020044      15.29522377      15.66911351
C       13.45507996      13.46314713       0.07750888
C       10.91476893      15.65741196      15.99856191
C       14.63263092      14.76172675      16.10630207
C       14.64280997      13.85840509      17.20806878
H       11.35551189      13.72911825       0.17079576
H       13.44707083      15.96390533      14.85187842
H       10.90642156      16.71453650      16.30944082
H       10.59401207      15.46062807      14.93807443
H       10.10716535      15.16267805      16.48353104
H       15.54610681      15.18474718      15.80573239
H       15.48038037      13.45348180       0.00212813
H       12.42043661      12.73555540       1.41363929
O       10.15603964       3.51921946      16.65274184
C       10.68572159       6.93612779      15.35210425
C       10.06263774       5.70723368      15.67570390
C       11.96558112       7.21724355      15.85549425
C       10.74343690       4.78845190      16.48319393
C        9.96150169       7.92642533      14.55233042
C       12.66595140       6.30452433      16.65601844
C       12.06138475       5.10265430      16.93597654
H        9.08479475       5.39370683      15.37203320
H       12.52036969       8.07186773      15.56342570
H        9.27291090       7.50181463      13.85078412
H        9.42995829       8.77993168      15.11632124
H       10.66829620       8.42743589      13.86098618
H       13.69721661       6.42689647      16.99944370
H       12.56041500       4.34748259      17.59254950
H       10.37572525       3.25633601      17.53135099
O        4.07477405      12.47139293       7.48269740
C        2.65057645      15.90508501       7.31343325
C        3.23742170      14.75350975       7.88552375
C        1.98509946      15.85708427       6.07382906
C        3.28476919      13.50942751       7.16293178
C        2.65945970      17.23157510       8.10484911
C        1.97620400      14.62648740       5.40187373
C        2.54258778      13.50697547       5.97089578
H        3.85330905      14.81345421       8.80069372
H        1.48621310      16.75426052       5.75105521
H        2.79358634      17.07407465       9.16891456
H        3.49595042       0.17104824       7.89052277
H        1.77902683       0.13722392       8.07206676
H        1.38615376      14.56866230       4.46040319
H        2.54728979      12.57634014       5.36947700
H        4.68504468      12.30138238       6.76162996
O       10.15789277       1.58173278       3.48106584
C       12.72220189       0.44410064       1.11310218
C       11.91332676       1.27355813       1.91822917
C       12.58283239      16.77641991       1.27118011
C       10.93012640       0.72763729       2.78201439
C       13.64483523       1.15454709       0.15669932
C       11.51425109      16.22622828       1.96196664
C       10.67835098      17.06847051       2.82670647
H       12.10189152       2.35204288       1.78403291
H       13.29127819      16.13053595       0.71492216
H       14.41492473       1.65086174       0.77182263
H       14.13096516       0.44728798      17.22589770
H       13.13474259       1.86225299      17.24288839
H       11.34351329      15.13208339       1.86688601
H        9.82075449      16.71456872       3.30182701
H       10.55125728       2.38503561       3.80676519
O        3.51977546      15.37350789       1.09235007
C        7.10097477      15.28670659       2.28406789
C        5.74002263      15.06088124       2.26000290
C        7.72527843      15.79611327       1.14454942
C        4.90278413      15.46832815       1.15568164
C        7.92600313      14.86835480       3.56811162
C        6.95403728      16.13762816      17.71112710
C        5.55906998      16.04039336       0.04048722
H        5.22631974      14.78549376       3.10940058
H        8.85506947      15.88890118       1.10856114
H        7.61306916      13.91510576       3.90534081
H        8.92184196      14.80432642       3.29045992
H        7.90138170      15.58723497       4.38341609
H        7.37623776      16.52919182      16.76020100
H        5.04374701      16.44149035      16.88681957
H        3.13936636      14.99892976       1.90363889
O        5.63117159      12.79452610       9.99618693
C        6.02038329      11.66482641      13.49006776
C        5.99849411      12.52346324      12.38606186
C        5.40019648      10.43009134      13.33543717
C        5.47369593      12.08348301      11.15750222
C        6.48852271      12.16058483      14.84109237
C        4.67148373      10.00811559      12.18420918
C        4.76743051      10.83739995      11.04859455
H        6.27019646      13.56362541      12.37932674
H        5.48768718       9.81939492      14.20525099
H        7.46471834      11.77811068      14.93129532
H        6.42125203      13.31790698      14.97505889
H        5.91214444      11.74551063      15.65861083
H        4.14476576       8.99335708      12.27794054
H        4.40258605      10.47626105      10.12147405
H        4.88897753      12.67954382       9.36167704
O        5.44701004       2.78960107      12.09846243
C        8.45253206       4.95685971      12.05672178
C        7.67357628       3.78024453      12.06171707
C        7.86883334       6.19497105      11.86195236
C        6.26400943       3.93493552      12.04708955
C       10.01785035       4.94289894      11.97865786
C        6.48901194       6.26028366      11.73392073
C        5.69773731       5.16120655      11.99393720
H        8.07480629       2.72712010      11.98980459
H        8.46405150       7.14424621      11.81588369
H       10.24826613       4.14715312      11.32721759
H       10.46601162       5.83766481      11.57644338
H       10.44336199       4.47936457      12.83949510
H        5.95491366       7.21652670      11.46974857
H        4.62052345       5.28941231      11.86139126
H        6.03866541       2.06671234      12.24165987
O       14.65210310       4.72711103       3.15538530
C        0.24061152       4.07254428       1.60988513
C       16.75827740       4.72691960       1.86144695
C        0.48277728       2.78591902       2.13379163
C       15.77657462       4.10673038       2.67820032
C        1.27637134       4.70778152       0.66640347
C       17.15999129       2.19803699       2.89329436
C       15.96521570       2.81391499       3.12551296
H       16.49142246       5.69059094       1.40140785
H        1.38728520       2.22979548       1.86838459
H        2.22495543       4.47582530       1.03456289
H        1.24783506       4.17235405      17.40127927
H        1.21172352       5.77337271       0.47143337
H       17.21674956       1.18743296       3.32785296
H       15.14040381       2.37538689       3.63372033
H       14.75183426       5.64329861       3.01012353
O       16.07915060      17.32192192      13.15416408
C        0.07850489      17.52698950      16.47251293
C       17.26818306      16.98608806      15.30238783
C       17.50536622       1.15801884      16.82850312
C       16.55013469       0.08436369      14.42849378
C        0.98272836      16.75476007      17.40578794
C       16.76801299       2.01492263      15.89490542
C       16.28106447       1.40907466      14.75577512
H       17.58254674      15.97223630      15.03631788
H        0.14928599       1.55150386       0.06209069
H        0.82584400      17.20527273       0.74404718
H        0.61699099      15.77008567      17.49974419
H        2.01380054      16.65976315      16.99332927
H       16.59592837       3.10657920      16.09123224
H       15.77090620       2.02899194      14.05477344
H       16.13286459       0.32205747      12.54259193
