512
Lattice="17.7128441229 0.0 0.0 0.0 17.7128441229 0.0 0.0 0.0 17.7128441229" Properties=species:S:1:pos:R:3 pbc="T T T"
O       14.71014135       2.96239946       2.61443097
C       12.67882965       3.81556987       5.53442820
C       13.30142965       3.10727185       4.48101532
C       13.00321172       5.22452087       5.70189993
C       14.18486268       3.72226372       3.62786079
C       11.60880457       3.15942413       6.42478259
C       13.90949722       5.85069641       4.79201411
C       14.52613424       5.07225793       3.77595050
H       13.08892729       2.08157420       4.33757748
H       12.56074089       5.72367429       6.51602747
H       11.06891688       3.92514613       7.04459548
H       10.79625998       2.74638445       5.85060728
H       12.09222423       2.45742894       7.05719081
H       14.06400462       6.87210996       4.97380269
H       15.14693336       5.51878150       3.07506400
H       15.32554849       3.46867040       2.10421891
O        5.36895379       7.76693504       3.56806744
C        7.27609309       5.14586686       5.16622940
C        6.58384673       5.84321146       4.18880603
C        7.34154605       5.56913950       6.48415634
C        6.00730996       7.04302932       4.50573406
C        7.76258502       3.77178417       4.80919221
C        6.91542609       6.83907829       6.79639756
C        6.18608747       7.52922746       5.75205899
H        6.39143824       5.31972680       3.19579709
H        7.82152094       4.96870038       7.23579042
H        7.60492737       3.55069566       3.74962516
H        8.74840215       3.59016324       5.01932509
H        7.17170790       2.95974304       5.34448773
H        7.06635703       7.34115682       7.76031154
H        5.77651055       8.47148040       6.04241582
H        4.59640977       8.18478619       3.97480070
O       17.41094540       3.94886178      12.82149774
C       14.80697205       4.51534810      10.33768637
C       15.42628327       4.15067853      11.53578521
C       15.64994131       4.70229065       9.18207017
C       16.81519207       4.13118062      11.62814985
C       13.32799930       4.84181823      10.14008510
C       17.02386302       4.52661218       9.22081106
C       17.63065666       4.24093851      10.46910269
H       14.78899504       4.16939222      12.39612115
H       15.24933507       5.05562588       8.30692826
H       13.11180022       5.84572279       9.75668388
H       12.91195579       4.15579067       9.47842513
H       12.91010067       4.62312489      11.12595131
H       17.68059679       4.71363467       8.37859450
H        0.93817415       4.20812906      10.53793164
H        0.57461367       4.28139258      12.80013785
O        3.75646877       2.70375658       9.71603816
C        2.57271149       2.54670106       6.33274818
C        2.58984597       2.65855403       7.68190230
C        3.68671628       2.08747572       5.65578790
C        3.75366863       2.38404692       8.36963603
C        1.28023928       2.72794667       5.54696791
C        4.80935499       1.68704585       6.36022556
C        4.90811544       1.85428453       7.74749050
H        1.74891978       2.94878685       8.26095243
H        3.68341174       2.05705820       4.56482840
H        1.08885748       1.74134167       5.14624630
H        0.49914143       3.15043859       6.23393702
H        1.35431532       3.42611137       4.92018652
H        5.52451920       1.14536727       5.79487292
H        5.84002871       1.59917055       8.17823327
H        4.53886045       2.42846654      10.18680937
O       10.90611421       9.67814079      11.47370018
C       13.45719134      11.76822301       9.86423947
C       12.21951809      11.32186803      10.35663369
C       14.53245054      10.89401942       9.99321547
C       12.07895877      10.04554100      10.95654590
C       13.68142199      13.13752721       9.29661856
C       14.43324088       9.68659651      10.67343220
C       13.19182147       9.23093993      11.08862657
H       11.32616306      11.94643461      10.22717794
H       15.51978673      11.19023648       9.63147841
H       14.12854239      13.78509720      10.03907390
H       14.45538526      13.15472503       8.56080449
H       12.79013266      13.58248790       8.84993243
H       15.33273288       9.04598930      10.73664321
H       13.25447503       8.26388785      11.46765238
H       10.22162077      10.12210036      11.00673004
O       15.09385765      12.12229590       2.77500135
C       15.48586243      15.82493966       2.76235979
C       14.94171645      14.51515274       2.79647807
C       16.90123554      15.93320818       2.77430790
C       15.74146978      13.32496693       2.78122791
C       14.60223568      17.11872813       2.65450016
C       17.65096615      14.78321456       2.84542762
C       17.09136627      13.49533646       2.88477208
H       13.88924753      14.36655013       2.86148085
H       17.35966197      16.88463055       2.74169267
H       14.80708020      17.52588197       1.70002617
H       13.54807295      17.08053524       2.71859030
H       14.87807389       0.14980457       3.39685927
H        1.01013786      14.88222578       2.92358299
H       17.65983668      12.59408394       2.83742333
H       14.16933734      12.14815238       2.62098183
O        3.31282903       9.89205522       3.56731092
C        5.38949512      12.04844372       5.61766630
C        4.96662845      11.10292041       4.71799673
C        4.43135810      12.93209355       6.19456447
C        3.65419338      11.02714933       4.28723169
C        6.74141615      11.95192447       6.19359175
C        3.11403217      12.94939221       5.68427983
C        2.71165239      11.99393981       4.78037286
H        5.72593594      10.31521695       4.36950688
H        4.68320532      13.58004628       6.99003982
H        6.93047592      10.98546693       6.54280994
H        7.47204509      12.22839287       5.41249830
H        6.99432676      12.54250104       7.05136453
H        2.49185003      13.68045001       6.12915022
H        1.69129820      11.98490001       4.46497721
H        2.62715238      10.05422117       2.93925829
O        3.25952680       5.68823064      10.19290636
C        1.82294878       8.57725075       8.37734729
C        2.12696132       7.66204220       9.43022268
C        2.39056953       8.33963387       7.12334213
C        2.94254390       6.56504258       9.18086073
C        0.91035393       9.72496991       8.51635711
C        3.06221651       7.09467997       6.82934193
C        3.35235576       6.26501671       7.91768841
H        1.75755734       7.90050942      10.41968052
H        2.14393908       9.04154281       6.31187438
H        0.07036410       9.52051070       9.14354400
H        1.41025266      10.61031717       8.92404522
H        0.43816931      10.00699837       7.57113331
H        3.34800929       6.93121826       5.84170533
H        3.91407623       5.40608026       7.70709207
H        3.49064518       4.84186164       9.99690231
O        2.06549335       5.14764148      12.50247968
C        3.31815067       8.08075508      14.25750655
C        3.15427224       7.13993884      13.27526003
C        2.67038560       7.94064982      15.43561385
C        2.41673782       5.95361532      13.52505879
C        3.96294279       9.42385125      13.94093917
C        1.99443711       6.74613857      15.79257338
C        1.78075067       5.76849064      14.77395204
H        3.69576464       7.27319065      12.36356810
H        2.67017890       8.82456763      16.06102240
H        4.33580112       9.38425711      12.88371467
H        3.26666753      10.24421199      14.01876835
H        4.75337260       9.67825643      14.63571378
H        1.56459446       6.70987863      16.73708782
H        1.06586240       4.93342281      14.83330967
H        2.49619076       5.42019592      11.66394772
O        6.45842334      17.06313677      13.06423501
C        3.61221530      15.45094613      14.56729420
C        4.28485128      16.31766655      13.72037183
C        4.29167149      14.63435207      15.45154035
C        5.70424278      16.31202264      13.88985287
C        2.13352707      15.44657415      14.42915616
C        5.64568272      14.72573094      15.66217049
C        6.37659076      15.61113678      14.88526211
H        3.79858854      16.95185712      12.94080381
H        3.69795456      13.99504044      16.13695290
H        1.84112299      16.39206487      13.98904889
H        1.91577828      14.54359140      13.81085392
H        1.58350172      15.47001172      15.36275966
H        6.06409278      14.24518568      16.56407764
H        7.42772239      15.73277438      15.11258965
H        7.32615649      17.19686781      13.43572357
O       15.90474833      14.10904246      11.75720053
C        0.40490797      11.19372558      12.17877574
C       16.93716868      11.94588106      12.06710472
C        1.65930890      11.71651420      11.79914829
C       17.03037810      13.32867255      11.80042778
C        0.26277587       9.73984260      12.47476418
C        1.70840762      13.09793456      11.52741929
C        0.52941696      13.92189067      11.61102543
H       15.99376025      11.55247472      12.30456959
H        2.48458005      10.99634217      11.74846006
H       17.31191840       9.58610128      13.35175801
H       17.63059282       9.23105775      11.65015779
H        1.21663633       9.25844516      12.72649559
H        2.54718587      13.57525123      11.33955215
H        0.63415800      14.95513032      11.46611765
H       16.09668233      14.96718979      11.31052907
O        9.10301736      13.33367216       8.66095563
C       11.82004350      13.63298514       6.15087490
C       10.74070910      13.12151633       6.90711729
C       12.25226845      14.92693515       6.40249046
C       10.15209766      13.84660868       7.94246542
C       12.39090760      12.85439512       4.96401505
C       11.65129299      15.65473871       7.42539417
C       10.60509502      15.14812821       8.22882118
H       10.39773622      12.21027637       6.66727895
H       13.13682834      15.36874764       5.85192844
H       12.83884295      11.97051831       5.47070766
H       11.66009730      12.43581068       4.30175414
H       13.20941130      13.35093395       4.41102885
H       11.90289921      16.57438200       7.80264563
H       10.13075540      15.78410586       9.00494969
H        8.64324994      13.91257991       9.27538715
O        9.22119731       8.58959176      17.70129995
C        8.08722837      11.95511534       1.01856079
C        8.86187107      10.93433934       0.42144859
C        6.74519228      11.65039680       1.32916774
C        8.38792819       9.59844272       0.39234587
C        8.57615736      13.35096548       1.26757418
C        6.23120737      10.37888394       1.07598700
C        7.05310069       9.35186128       0.66320797
H        9.90491307      11.11084075       0.11014629
H        6.11468032      12.38953025       1.81359195
H        7.85314209      14.15563467       1.04280694
H        8.63593390      13.26940091       2.36177295
H        9.50470806      13.56475673       0.71165676
H        5.13651226      10.21526808       1.18424593
H        6.71363524       8.35677251       0.57385790
H        8.77897653       7.75281897      17.58516614
O        8.69588857       0.10655658      14.33337793
C       11.85173052      16.47470147      12.88547795
C       10.45688791      16.49409370      13.38637165
C       12.67688644      17.53127234      12.98240232
C       10.02230294      17.70083031      13.97903215
C       12.51439329      15.10675373      12.42062550
C       12.19521087       0.96368128      13.53299411
C       10.88172303       1.09332230      14.04779099
H        9.72769375      15.76057009      13.11611043
H       13.68873865      17.31361205      12.79917476
H       13.45381823      15.07091527      12.88590998
H       11.87004116      14.30934556      12.59690283
H       12.67427835      15.23471669      11.35826376
H       12.98886841       1.68993772      13.77739112
H       10.60417506       1.98224842      14.63065455
H        8.58130501       1.04635550      14.65768454
O       16.40163261       9.83212177       2.96379666
C       17.10939777       7.21760696       5.35945829
C       17.13957148       8.00900757       4.20112524
C       16.47442041       7.69214167       6.51261678
C       16.35339949       9.17865780       4.15307426
C        0.31802429       5.97102266       5.47652571
C       15.74651160       8.88931474       6.51322226
C       15.64977744       9.67360795       5.33587119
H        0.00048967       7.67705623       3.37100242
H       16.54507317       7.08295952       7.40673244
H        1.31765691       6.12547004       5.09575577
H        0.37497551       5.61883999       6.52885802
H       17.61621900       5.29582091       4.74085746
H       15.12449726       9.21910979       7.27930093
H       14.96052752      10.55704769       5.22293175
H       15.88265957      10.70858614       2.95083846
O       11.41284645       9.42274524       2.33823275
C       11.52472446       9.14991091       6.03487240
C       12.04663287       9.26225538       4.71220892
C       10.15413905       9.13824941       6.26239937
C       11.09374465       9.20560627       3.65272739
C       12.35191708       8.89005115       7.23686266
C        9.27053956       9.07281551       5.24196861
C        9.73936492       9.19388619       3.88734731
H       13.17606419       9.25222900       4.58212591
H        9.62016408       9.02794092       7.21921465
H       11.86028035       8.38038746       8.09367514
H       13.15628391       8.23580709       7.09608361
H       12.72524620       9.89351121       7.61221929
H        8.21902696       9.08048061       5.38192011
H        9.08062487       9.17589709       3.02688557
H       10.90443120       9.08926813       1.61716902
O        8.48235700       2.39682981      15.62432311
C        4.80327511       2.40449850      15.32321767
C        6.15781157       2.27742535      15.02246414
C        4.48790508       2.71036240      16.57300181
C        7.18442208       2.48277951      15.94584503
C        3.62074034       2.37664115      14.30468367
C        5.47099642       2.74820869      17.63574719
C        6.81034840       2.84372435      17.25519221
H        6.33067768       2.24189027      13.96343021
H        3.53118328       2.87694095      16.92061441
H        3.45558899       3.38226562      14.08325085
H        4.06755794       1.95936983      13.32881424
H        2.70926255       1.82929922      14.51819432
H        5.03605593       2.92539389       0.86242208
H        7.57702249       3.07887408       0.28175075
H        8.92822973       2.57974824      16.43666767
O        5.33372959      17.33183176       3.74220643
C        3.08124111      16.58669186       0.91664449
C        3.92410997      17.28420543       1.83972253
C        2.88062135      15.19708381       1.07528359
C        4.53838972      16.63706554       2.91103692
C        2.53858232      17.40952579      17.48159355
C        3.58727970      14.56107005       2.07046592
C        4.42078721      15.23375710       2.96550617
H        3.98855098       0.71752171       1.83662599
H        2.17709742      14.64628482       0.42902858
H        3.02527657      17.18581419      16.51486790
H        1.51174686      16.96990462      17.38981038
H        2.62326550       0.77138648       0.05142182
H        3.42017630      13.50357670       2.06777474
H        5.00799231      14.69901694       3.73758628
H        5.49551320      16.82366119       4.50800354
O       11.42808143       7.26293186      12.79246898
C        8.03916312       6.79413826      13.89641528
C        9.20106349       7.45394720      13.48512673
C        7.90084830       5.41871187      13.66598868
C       10.25714749       6.68489783      13.01172019
C        6.95164198       7.52451587      14.62728514
C        8.97930638       4.58440462      13.31403118
C       10.17975777       5.26628484      12.91071901
H        9.35380909       8.53433085      13.67944305
H        6.96740430       4.98077735      13.91008636
H        6.21580631       7.94215238      13.85742936
H        6.27063844       6.90414346      15.16558814
H        7.35706762       8.30353423      15.17658642
H        8.94003289       3.49847390      13.29850606
H       11.14524602       4.81735844      12.68397140
H       11.44426726       8.18951474      12.54264070
O       15.96953120       7.40165936       1.30857871
C       14.63852864       7.29072965      15.66235042
C       15.62686537       7.38628466      16.64067680
C       13.24222676       7.30759277      15.93497142
C       15.12242294       7.50887041       0.23129332
C       15.04500004       7.17990293      14.20591233
C       12.79545094       7.47886156      17.25330154
C       13.76702692       7.59995403       0.53528108
H       16.69670043       7.29276059      16.47771451
H       12.47416749       7.33655530      15.20601942
H       16.07317614       6.89954125      14.03303209
H       14.27642900       6.56130444      13.68715685
H       14.92867458       8.12695144      13.70087386
H       11.76485493       7.39672540      17.47922457
H       13.40302417       7.72908455       1.65873054
H       15.52677548       7.61848343       2.05402708
O        9.40839585      10.54078972       9.39221072
C        5.75423385      10.18243511       9.69403747
C        7.00190376      10.69677744       9.34642564
C        5.68834128       8.86912681      10.16784632
C        8.18333190       9.99992604       9.63359816
C        4.47199318      10.92862785       9.30327337
C        6.88285296       8.12474531      10.43354170
C        8.13496886       8.69685513      10.14204965
H        7.09220232      11.77831093       9.06042528
H        4.71817216       8.40808464      10.18517220
H        3.61003171      10.58957185       9.79610769
H        4.61666701      11.97892871       9.48499844
H        4.24904266      10.83869309       8.18939983
H        6.88787771       7.18429997      10.90090139
H        8.96947533       8.09897928      10.33421821
H        9.32830942      11.44767263       9.02039809
O        1.10764841      10.41017852       1.73635007
C       17.03175071      11.50742834      16.41471986
C       17.26643347      10.98009589      17.66813673
C        0.27765730      11.97018934      15.53989351
C        0.86809851      10.92558399       0.45314808
C       15.55231651      11.47419318      15.89116190
C        1.65868550      11.89132477      15.96148073
C        1.89246480      11.42025223      17.30613588
H       16.32994701      10.70743903       0.53107445
H        0.15005715      12.23058133      14.52639342
H       15.28978014      10.46096753      15.81938160
H       14.82413726      12.07952514      16.47933458
H       15.48588650      11.95985597      14.89150794
H        2.28534055      12.39010246      15.29233012
H        2.86579519      11.35072918       0.08921824
H        0.36211863      10.00128292       2.13072960
O       15.59606046      16.96019868      11.08368148
C       15.87193693      16.26862256       7.50913998
C       15.72917640      16.04022064       8.86471412
C       15.67083217      17.61081012       6.94951309
C       15.60400442      17.16228306       9.72309625
C       16.31984276      15.03894821       6.69710797
C       15.40185900       0.94805469       7.80149505
C       15.46699116       0.74723910       9.23471177
H       16.03876577      15.04264577       9.16068738
H       15.71856204       0.16313774       5.84942634
H       16.41405656      15.11909544       5.64110709
H       17.22075823      14.57737560       7.15087689
H       15.43394401      14.40703883       6.79066438
H       15.07460655       1.79499044       7.29894660
H       15.32754179       1.46578930       9.98036676
H       15.63846620       0.00610674      11.66954599
O       12.44657947      11.95135514       1.97349575
C       11.97106893      11.69816028      16.04473662
C       12.23528821      11.34734468      17.36818730
C       12.10169446      13.03403659      15.66792138
C       12.39394441      12.32947338       0.63267549
C       11.84547825      10.68863813      14.90858361
C       12.26886470      14.02089100      16.65828747
C       12.36206807      13.69760372       0.31564192
H       12.18326881      10.29077616      17.62378985
H       12.02046052      13.44098416      14.70266518
H       12.10247838      11.10949005      13.94538803
H       12.40713863       9.79437812      15.18628830
H       10.82110746      10.50865961      14.90801977
H       12.25415312      15.13799825      16.44436035
H       12.39982285      14.44487578       1.07248308
H       11.93374521      11.18601379       2.15676616
O        8.25396611       5.87852369      17.05553404
C       11.60818031       4.54760357      17.32797136
C       10.33276295       4.93697699      16.83219953
C       11.92334978       4.61356970       1.00191651
C        9.40394554       5.49031690      17.63551889
C       12.53530057       3.92557654      16.29831466
C       10.93260559       5.17433455       1.89289454
C        9.71684123       5.63219594       1.33437340
H       10.02076307       4.96788349      15.82230981
H       12.82211083       4.20105441       1.33152819
H       12.75685451       4.68233297      15.46264951
H       13.48704566       3.61430585      16.72062672
H       12.02684495       3.13799724      15.79298576
H       10.99812881       5.31759286       2.97634424
H        8.96894880       6.07531155       1.99965214
H        8.49921895       5.85606297      16.17201884
O        5.48350859      15.82780160       8.37009260
C        2.39182048      17.58666145       9.86048575
C        3.69532727      17.05383178       9.72692381
C        1.61924175      17.53451406       8.67749928
C        4.20451905      16.47990367       8.55600120
C        1.82440279       0.48797799      11.16239419
C        2.03198369      16.86338762       7.51443548
C        3.37815490      16.38616745       7.47433586
H        4.33130254      17.06424064      10.58544500
H        0.55586721       0.05641704       8.68293026
H        2.47604659       1.37943093      11.33581745
H        0.80141979       0.75586599      11.03686551
H        1.92707215      17.36960299      11.92308884
H        1.37808987      16.85494329       6.63902775
H        3.71212418      15.83992626       6.61747453
H        5.94151038      15.78010730       7.59444141
O       12.08230155      17.54427677      17.00482197
C        9.00844315       0.42264489       1.17710816
C        9.89344736      17.66019999       0.18337415
C        9.49976802       1.29005298       2.11873113
C       11.23632853       0.46451782       0.12586652
C        7.55256478      17.68803701       1.17896391
C       10.87392233       1.66896786       2.23583400
C       11.73516384       1.18413815       1.18783272
H        9.58290213      16.91317349      17.16478149
H        8.80330592       1.61183509       2.85165055
H        6.99311195       0.77159378       1.69281256
H        7.10042805      17.70131507       0.25045951
H        7.28976624      16.76250347       1.60483905
H       11.18005682       2.30439159       2.98925266
H       12.79225674       1.54766920       1.22755476
H       11.65274751      17.15734930      16.24089121
O        6.60079941      15.46754677       6.01314520
C        9.73727761      16.27775980       4.18103393
C        8.59779016      15.56241123       4.60699371
C       10.19391686      17.39809273       4.82791020
C        7.85399470      16.04257586       5.66640477
C       10.50385150      15.72391215       2.94408136
C        9.40777536       0.19489223       5.87209848
C        8.28362105      17.19262379       6.33841122
H        8.49142083      14.61433054       4.14359110
H       11.01280710       0.16093397       4.32735249
H       11.40545805      16.37404600       2.77278108
H       10.94870279      14.75175103       3.02101521
H        9.89592911      15.81062115       2.04176230
H        9.80266000       1.06249301       6.39699858
H        7.67176911      17.59529303       7.13301317
H        6.44727605      14.66591178       5.50297482
O        7.30304688      15.11552449      10.12208492
C        8.03034564      12.99738404      13.01512634
C        8.21590375      13.79372711      11.87760341
C        6.74444602      12.44396996      13.33302407
C        7.11125501      14.14046324      11.08035204
C        9.18150322      12.69620745      13.94121122
C        5.65244554      12.77544518      12.49045850
C        5.80097525      13.68669703      11.37010168
H        9.13129518      14.26302890      11.73305634
H        6.56207930      11.68601699      14.12304192
H        9.40389705      13.62102169      14.46986652
H        8.94789494      11.92280931      14.74277300
H       10.07191913      12.39686466      13.46917443
H        4.68605770      12.43761397      12.76720536
H        4.92880529      14.05177069      10.81902878
H        6.50247458      15.58738235       9.90327135
O        5.83992645       1.42430744      10.94876232
C        9.40233992       1.83866009      10.14773819
C        8.21706901       1.20585608      10.58365193
C        9.40217817       3.21792878       9.87099748
C        7.07042717       1.94016285      10.54720581
C       10.71497052       1.13225381      10.11541507
C        8.21552386       3.95048195       9.86813830
C        7.01068924       3.28369707      10.15869469
H        8.16280512       0.22505705      10.98572603
H       10.37950208       3.65206449       9.69823456
H       11.00791311       1.22801405       9.02353870
H       11.50125043       1.56382809      10.73782419
H       10.51093796       0.11955358      10.32888775
H        8.08566329       5.04770167       9.46640840
H        6.10611113       3.83487786      10.17680773
H        6.04033892       0.62101350      11.46527033
O       16.23082050       4.58033886       1.06162438
C        2.00548599       5.21408650       1.90135179
C        0.71561209       5.41468645       1.41071052
C        2.32949966       3.91124133       2.38239015
C       17.45651142       4.41803509       1.54881208
C        2.92970362       6.41889303       1.95196413
C        1.41931491       2.88545645       2.37202882
C        0.10611794       3.12363646       1.97511883
H        0.40036685       6.39319261       1.00537276
H        3.29531158       3.65367227       2.68972588
H        2.37887306       7.28777030       2.43219632
H        3.93600271       6.19237089       2.36244099
H        3.17764814       6.79357650       0.95199107
H        1.69349807       1.89273957       2.66527977
H       17.12507169       2.24936030       1.98531386
H       16.00164723       5.50408296       0.99638017
O       16.55978744       1.20291011      12.77455984
C       16.67699584      16.93692971      15.78459783
C       16.79408187      17.30056547      14.42834486
C       16.53294444       0.21503948      16.79635512
C       16.69886915       0.92998027      14.09736018
C       16.42992831      15.40856888      16.15094685
C       16.50196942       1.52430142      16.45042120
C       16.51017227       1.92223633      15.10137417
H       16.76438048      16.48998934      13.68917243
H       16.48718117       0.09040962       0.17490171
H       17.44763814      15.05520491      16.46482218
H       15.74687856      15.32517012      16.96050080
H       16.07617097      14.90507623      15.26821041
H       16.25973285       2.34984636      17.14944246
H       16.58060058       2.98220990      14.91281022
H       16.84854337       2.09626314      12.56430974
