512
Lattice="17.7128441229 0.0 0.0 0.0 17.7128441229 0.0 0.0 0.0 17.7128441229" Properties=species:S:1:pos:R:3 pbc="T T T"
O       15.56048022       3.00061510       3.37200680
C       12.35653719       2.35870541       5.26478535
C       13.67349357       2.16506102       4.70507361
C       11.61520522       3.38213000       4.74898694
C       14.22429796       3.05478379       3.71583224
C       11.79032900       1.53233650       6.37524885
C       12.10858949       4.22911241       3.70875214
C       13.41795740       4.03148908       3.15637870
H       14.42171594       1.41205015       5.11529590
H       10.61495228       3.62862384       5.19185078
H       10.76077171       1.61118451       6.53965704
H       12.22086886       0.49313642       6.26409151
H       12.14936996       1.78323565       7.37004359
H       11.52696298       5.10422416       3.44731519
H       13.83427449       4.69028380       2.44615563
H       15.96362473       3.70747849       2.79729565
O        5.63915644       9.49607945       3.74135985
C        7.38350449       6.27602350       4.40397861
C        6.99334312       7.49789426       3.81474524
C        6.69029751       5.86444048       5.53934553
C        5.99935116       8.28351008       4.38896974
C        8.53678638       5.55095775       3.85962011
C        5.66574742       6.60165322       6.05442071
C        5.21602039       7.80657880       5.48006376
H        7.60573148       7.94864745       2.97012719
H        6.93353499       4.92975891       6.00411905
H        9.24639943       5.55781432       4.66834962
H        8.25440228       4.47599713       3.63618555
H        8.94499388       6.14443335       2.94261301
H        5.08156815       6.26260881       6.89745374
H        4.42325449       8.29481879       5.95464646
H        4.71449417       9.70421779       3.90130998
O       17.22494488       3.82529401      12.29389084
C       15.41960893       4.71547962       9.18080407
C       15.88751619       4.70648630      10.51976340
C       15.96121038       3.80614741       8.28125430
C       16.92890185       3.85225401      10.98769019
C       14.16838357       5.47164934       8.71564112
C       17.12166768       3.06789675       8.72792771
C       17.64672112       3.17166248      10.01058253
H       15.37199532       5.56440681      11.17238022
H       15.45650132       3.71559575       7.32193710
H       14.27788480       6.46568669       9.04978440
H       14.10047389       5.66366898       7.60817571
H       13.23577033       5.08260198       9.11195686
H       17.48895597       2.29864914       8.02919384
H        0.77578669       2.59219048      10.24352625
H        0.42945764       3.82660740      12.50349592
O        4.43988340       3.13478940       8.63397343
C        2.35273764       1.63171559       5.91005323
C        2.81482428       2.36684918       7.07688737
C        3.26609322       0.75614435       5.31396843
C        4.14322851       2.31860422       7.56921252
C        0.83346366       1.64939489       5.45545550
C        4.56711936       0.61878928       5.89131624
C        5.04592531       1.32625902       7.03171575
H        2.16716089       2.96857313       7.69218516
H        3.08031650       0.10365415       4.40024713
H        0.21451565       1.14095788       6.21813541
H        0.60784598       2.79131343       5.51481577
H        0.57421946       1.15906234       4.47169643
H        5.13164122      17.61449184       5.30044124
H        6.03480742       1.41306979       7.38459188
H        5.32062050       2.78720228       8.99992401
O       10.69822075       8.70945637       9.41101935
C       13.05064326      11.26617378      10.82946232
C       11.90977591      10.68092930      10.26364970
C       14.10672500      10.43496304      11.29833602
C       11.70376345       9.28829884      10.12195476
C       13.09124625      12.78414667      10.72481841
C       13.84655291       9.06550686      11.32075184
C       12.71507387       8.50832077      10.75553271
H       11.19942921      11.29276734       9.90300472
H       15.12659740      10.79876144      11.65917901
H       13.96497909      13.14527235      10.23050198
H       12.35274686      13.26408970      10.04995435
H       13.22201747      13.14608607      11.73754823
H       14.58446531       8.34841224      11.78702385
H       12.63600331       7.41048167      10.67828898
H       10.02144076       9.20549418       9.02641623
O       15.12879964      12.24122386       2.46952830
C       15.04612530      15.86427885       2.67998666
C       14.56625909      14.50895920       2.58679064
C       16.41287687      16.12041199       2.94563038
C       15.48623060      13.49191337       2.79851334
C       13.99422002      16.89689010       2.49103823
C       17.28779820      15.06115315       3.26426245
C       16.79476090      13.74401933       3.18350428
H       13.53503091      14.27373191       2.42416096
H       16.77635062      17.10036924       3.00476688
H       13.60837722      17.02425872       3.50798218
H       14.43580114       0.12040609       2.07562393
H       13.18756812      16.56918430       1.83471039
H        0.63895690      15.20480687       3.32355770
H       17.42106774      12.89034982       3.28490736
H       14.25550171      12.16748579       2.03534822
O        3.10294455      10.08828041       4.24781689
C        3.25899299      11.61100982       7.59881990
C        3.57322885      10.81166047       6.50645052
C        1.94645417      12.18294133       7.69471666
C        2.72958949      10.78986802       5.36927266
C        4.24731684      11.81571152       8.73854411
C        0.97511527      11.99160201       6.62064179
C        1.45449062      11.33908844       5.44338068
H        4.56477509      10.33894850       6.48450574
H        1.63580517      12.76087561       8.50723529
H        4.34652451      10.86245189       9.25333787
H        5.18197865      12.19903963       8.32223146
H        3.88422507      12.53792204       9.47468742
H        0.02230024      12.36386220       6.75704706
H        0.76431348      11.26642830       4.62852746
H        2.31134976       9.92680120       3.79015664
O        2.94087535       4.76321054      10.59104347
C        0.95439246       7.81599913      10.22847621
C        1.55712301       6.66788983      10.78728265
C        1.32646279       8.11764677       8.87757365
C        2.40211885       5.88106414      10.00840072
C       17.64858894       8.60035419      10.93345944
C        2.15709180       7.29237024       8.03372860
C        2.70296209       6.19684217       8.70028657
H        1.32388213       6.34645461      11.73406654
H        0.95854229       9.02473980       8.45754296
H        0.35742339       9.35757481      11.56503985
H       17.07177022       9.14752630      10.19269294
H       16.95281939       8.01307560      11.60960352
H        2.30847122       7.62864301       7.04822674
H        3.41284657       5.57172295       8.18372926
H        3.43453158       4.25693809       9.99846991
O        2.23569448       3.49612546      12.76998940
C        2.71338567       5.90817783      15.44040757
C        2.82012413       5.32224669      14.16617746
C        1.98441900       5.32181485      16.47072163
C        2.26182545       4.02573100      14.02947447
C        3.39809192       7.25786106      15.67122698
C        1.41929213       4.08902048      16.29038130
C        1.62117398       3.38477353      15.09269738
H        3.28488413       5.72289285      13.28684628
H        2.02861750       5.81207804      17.42871169
H        3.55404782       7.26124732      16.76516894
H        4.45721162       7.27969348      15.26193677
H        2.78281768       8.05663537      15.31173347
H        1.03538925       3.49083756      17.15398006
H        1.22716837       2.39105659      14.91821130
H        2.60298405       4.12129407      12.10055697
O        6.66447681       1.06470401      12.52467074
C        3.42433527      17.46170339      13.65075218
C        4.40418357       0.42360059      12.89410665
C        3.85639450      16.62653916      14.79485133
C        5.74602876       0.40708295      13.27459371
C        1.96058063      17.62616632      13.32273216
C        5.26921649      16.56852865      15.14343389
C        6.16818345      17.42350041      14.44996244
H        4.09396735       0.96909912      12.02085781
H        3.21840782      16.03887759      15.41924905
H        1.39094949       0.33956805      14.20244716
H        1.75099044       0.74797559      12.60151116
H        1.38445205      16.75719749      12.99517474
H        5.68851677      15.98699793      15.86562611
H        7.18648148      17.37890244      14.76970210
H        7.45469033       1.22482225      12.97543682
O       16.23338273      14.30692178      12.84265907
C        1.07493643      11.68828270      13.34358825
C       17.57569884      12.39619230      13.42488478
C        1.96421451      12.04726558      12.37652813
C       17.34119138      13.51419276      12.69299649
C        1.38018469      10.42857422      14.11102289
C        1.65781613      13.12100100      11.47240542
C        0.57818278      13.90074378      11.67589474
H       16.75760726      12.02106291      14.08463170
H        2.92745013      11.57724413      12.34519115
H        1.78846074      10.66396524      15.10873197
H        0.49321876       9.86055240      14.39264142
H        2.15313619       9.67539062      13.80810810
H        2.48534701      13.41602058      10.84911210
H        0.36590826      14.70249958      11.03454991
H       16.24778413      15.16179672      12.44677239
O        8.67969462      13.01704497       8.98111125
C       11.85950383      13.38933400       7.20064752
C       10.68981275      12.83610036       7.67579998
C       12.20178691      14.74954640       7.41512568
C        9.73859020      13.62878539       8.46367601
C       12.77394396      12.54410771       6.43206667
C       11.30184025      15.47609800       8.24445589
C       10.11932511      14.92780032       8.73839824
H       10.43673524      11.79770278       7.52456545
H       13.12900577      15.23812927       7.00528221
H       12.99563982      13.08314341       5.40981242
H       13.75807600      12.42547209       6.91284489
H       12.41722479      11.55863984       6.20349218
H       11.48152718      16.51704368       8.33717921
H        9.27155826      15.61189979       9.11896354
H        8.29750535      13.62178139       9.57876340
O        9.94475861       8.98745638      17.65690840
C        7.99191994      11.99728076       0.79631269
C        9.06340029      11.11366833       0.54064235
C        6.65736476      11.53156164       0.88007620
C        8.81024874       9.79572653       0.19635122
C        8.25972025      13.49187480       1.09527677
C        6.41865603      10.14668638       0.55364366
C        7.50257618       9.32141058       0.18991410
H       10.09172071      11.51513034       0.55883086
H        5.91335261      12.14625264       1.23124908
H        9.30044565      13.74488576       0.80102111
H        7.60999535      14.17162560       0.59566767
H        8.31469494      13.68193953       2.13403369
H        5.40630124       9.72713962       0.67692156
H        7.25056305       8.28252382      17.70276750
H        9.88771971       8.34624883      16.92215632
O        8.76392500       1.73423792      14.30398159
C       11.22670484      17.25451111      12.89343301
C        9.98752533      17.68015605      13.25055083
C       12.36409839       0.20754760      13.38704249
C        9.92047507       1.16127796      13.96546347
C       11.52162170      16.09057567      11.91512990
C       12.36575385       1.41614979      14.07208743
C       11.09071830       1.88081124      14.36339892
H        9.12353714      17.22368861      12.88202645
H       13.41300637      17.53153406      13.23709781
H       11.97403237      15.42162572      12.64280741
H       10.50752680      15.82539767      11.50554999
H       12.21557564      16.24815642      11.10035578
H       13.14894671       1.92588115      14.57000656
H       10.98284781       2.79912356      14.92812718
H        8.89309116       2.41255673      14.99927761
O       15.06687811       9.56359984       2.97323489
C       16.34303221       7.55352219       5.75539340
C       15.95400604       7.95356710       4.47672808
C       16.22881414       8.49606349       6.82011229
C       15.55063692       9.24371229       4.20843838
C       17.05887254       6.24785954       5.95680565
C       15.65486357       9.75907595       6.59193501
C       15.42883927      10.17430460       5.26016889
H       15.95500764       7.25104780       3.65259817
H       16.60119438       8.18176561       7.75972533
H       17.30983822       6.17642160       6.99823548
H       16.52781918       5.26420797       5.75807248
H        0.25813407       6.06371349       5.40686055
H       15.56632862      10.49476313       7.38788432
H       15.06217648      11.21435608       5.07117238
H       14.93515519      10.48821649       2.89158131
O       11.30289521       9.84398507       2.13517071
C       11.34137416       8.12168648       5.44515733
C       11.72759229       8.58647409       4.17307138
C       10.22794848       8.72145776       6.07759351
C       10.94715482       9.48247930       3.40270661
C       12.17164586       7.05284499       6.21688443
C        9.52144871       9.69870523       5.39110835
C        9.87830704      10.14808463       4.13609427
H       12.63341551       8.05855208       3.86758617
H       10.07106503       8.34431384       7.06992869
H       11.62807250       6.15483303       6.22435500
H       13.20618173       6.98807674       5.92177288
H       12.14968753       7.21216179       7.30969329
H        8.76138528      10.23238493       5.95379734
H        9.30265331      10.86010344       3.57515835
H       10.70655586       9.45218726       1.43604713
O        8.83787046       4.00848826      15.85391915
C        5.45109991       3.22294198      17.24833339
C        6.66455735       3.12327916      16.49485571
C        5.31086331       4.40131706       0.26912034
C        7.71484494       4.09041690      16.57767259
C        4.33580826       2.30682330      17.00031843
C        6.30458555       5.37655420       0.40297801
C        7.52644011       5.16488886      17.44449700
H        6.84439241       2.20617704      15.90194626
H        4.37709586       4.63744826       0.69117672
H        4.30404288       2.13790950      15.93905048
H        4.33281672       1.38945899      17.55489277
H        3.37020134       2.77383951      17.29539908
H        6.22868458       6.25033331       1.05750747
H        8.36842670       5.75811062      17.67415962
H        9.19179135       4.95262117      15.80569737
O        6.08846529      17.45339110       2.91887259
C        3.10000837      16.33781518       1.15570595
C        4.13559065      17.16811583       1.66495178
C        3.06571605      14.97780483       1.44703183
C        5.20129332      16.63970974       2.36756317
C        1.96623099      16.97823767       0.32390288
C        4.19857212      14.41999711       2.20786750
C        5.18764425      15.28457105       2.66727808
H        3.96970100       0.50910263       1.49449200
H        2.30404371      14.42127554       1.02202698
H        1.72951607       0.17073880       0.82770613
H        2.17988384      17.28135074      16.97826905
H        1.06230908      16.29906473       0.34482345
H        4.28387989      13.29168067       2.37639187
H        5.93254939      14.79017584       3.27978296
H        6.95217931      17.04101385       2.91474521
O        9.79129357       6.38175366      10.53392945
C        8.10299350       8.12510771      13.31557051
C        9.07046233       7.84378374      12.28023524
C        7.14210260       7.14764333      13.69772642
C        9.00100580       6.59427045      11.62282518
C        8.05047738       9.44322395      13.99322252
C        7.11393048       5.83936875      13.11374715
C        8.07028618       5.57573411      12.08210727
H        9.78004022       8.55352612      11.86570197
H        6.43746860       7.40511590      14.47649686
H        8.97750347       9.65169598      14.42462121
H        8.00504924      10.22332904      13.23872270
H        7.29139028       9.56768751      14.73628990
H        6.45381653       5.11382115      13.58505121
H        8.05560086       4.63414612      11.55336114
H       10.39998433       7.08186418      10.39640808
O       16.15817324       7.88869957       1.13501011
C       16.20898659       7.79991196      15.16140284
C       16.30776134       7.34945882      16.51867663
C       15.79855588       9.08838567      14.92359295
C       16.00480343       8.23870772      17.55511547
C       16.48537805       6.79780750      14.04484030
C       15.41515599       9.94813379      15.99969107
C       15.58468814       9.47328314      17.31585684
H       16.65043594       6.33430946      16.69406309
H       15.69900363       9.51624537      13.92595359
H       17.46627878       6.84852676      13.64994830
H       16.37238303       5.72103027      14.40091275
H       15.71627415       6.98971182      13.25663834
H       15.00320715      10.90653991      15.68225169
H       15.20592324      10.11138320       0.45348033
H       15.61803955       8.38982244       1.74710967
O        8.32685199      10.40087884       8.48456902
C        5.82628492       9.18909835      10.82249647
C        6.71924280      10.01563369      10.11860361
C        5.70162368       7.86580164      10.46136510
C        7.48389240       9.53766066       9.05068397
C        5.00175396       9.68570291      11.93361534
C        6.47670603       7.36095543       9.37903596
C        7.28833374       8.22970351       8.60046383
H        6.82810880      10.99885971      10.45081086
H        4.94286223       7.24235762      10.98956972
H        4.01749394       9.44162553      11.59999497
H        5.29307978       9.13637221      12.86117906
H        5.01017564      10.71422158      12.08358169
H        6.39086029       6.34394181       9.03721462
H        7.81145999       7.88580022       7.74882530
H        8.30517265      11.25026447       8.91153379
O        1.12616385       9.38171683       2.48657268
C        0.62181356      12.05075616       0.05453256
C        0.36889131      11.06735007       0.98354045
C        1.98211800      12.10461325      17.24969599
C        1.38768448      10.25735527       1.52642835
C       17.24336593      12.98013730      17.17116753
C        3.01959367      11.34441019       0.07582630
C        2.76196452      10.49643072       1.17857179
H       17.10086178      10.91028206       1.44709559
H        2.25327651      12.88643229      16.52263458
H       16.66971427      13.49553004       0.22419578
H       17.69082089      13.86768213      16.60266718
H       16.49815632      12.50461266      16.58299788
H        4.05703164      11.68258916      17.51841611
H        3.58783653      10.02066632       1.69223915
H        0.24514982       9.06030082       2.47709443
O       16.02251572      16.75356667      11.20804409
C       15.93935937      16.10041504       7.59935309
C       16.20736938      15.95919930       9.00068242
C       15.38323300      17.32190090       7.13918475
C       15.87358611      16.97830148       9.87090875
C       16.03557541      14.93930147       6.62209384
C       15.10050272       0.63022239       8.10067290
C       15.29029412       0.49418298       9.44953137
H       16.48201277      14.91104570       9.32278510
H       15.40337912      17.53702666       6.04298369
H       15.44258611      14.15144286       7.15294590
H       15.42900510      15.19028986       5.71538085
H       16.95551029      14.65503688       6.23989094
H       14.68780002       1.61043685       7.71008834
H       15.07425121       1.27661702      10.14590752
H       15.81956777      17.55384694      11.68276271
O       12.61084084      12.06821602       1.42955853
C       12.23237766      11.60039610      15.50471838
C       12.35995568      11.34640713      16.91025629
C       12.25884545      12.90958322      15.05765117
C       12.59367889      12.36401090       0.09736929
C       11.94669607      10.39203881      14.51594290
C       12.45296443      13.95177918      15.95392494
C       12.51652790      13.72171223      17.31980080
H       12.38709965      10.31062981      17.27282155
H       12.07206027      13.08293749      14.07693460
H       11.02344907      10.52045141      13.96174183
H       12.69565232      10.23968479      13.71202445
H       11.72535755       9.56872567      15.17172521
H       12.38908568      14.99645388      15.67992104
H       12.67961316      14.59009120       0.27033596
H       12.14666765      11.23316430       1.57077848
O        9.93539246       6.91014916      15.79887926
C       12.93030551       5.15071649      14.64461872
C       11.62842300       5.78733630      14.60089696
C       13.56124117       4.93065008      15.84263573
C       11.09848284       6.26950544      15.83297197
C       13.44704252       4.59112522      13.36890262
C       13.11183644       5.53595457      17.06653526
C       11.83648799       6.17498905      17.01443426
H       11.14963632       6.06391606      13.69485037
H       14.47499868       4.29282528      15.84208680
H       12.94452537       3.57414609      13.16903155
H       13.08751130       5.11311909      12.47009880
H       14.51336306       4.68398584      13.36306170
H       13.64385548       5.38743348       0.31014557
H       11.47142482       6.64868262       0.17871173
H        9.54138386       6.80942194      14.95297121
O        5.77268033      14.73015259       8.43899977
C        2.73403637      16.82659570       8.69890196
C        4.06468518      16.41114982       8.91503671
C        1.97114038      16.29246710       7.64562697
C        4.62211658      15.37244600       8.12597366
C        2.23453896       0.01987313       9.70211902
C        2.64455680      15.51423000       6.68860653
C        3.88449502      14.94142003       6.94513552
H        4.55459116      16.74194755       9.78908990
H        0.94561306      16.61838582       7.42734466
H        2.94621070       0.84078470       9.73528096
H        1.33451059       0.48577400       9.30943194
H        2.02032469      17.49836151      10.71226546
H        2.05228461      15.34589664       5.78287020
H        4.42031984      14.35728791       6.21513858
H        6.23062187      14.28884047       7.64447511
O       13.07082027       2.44455806       0.41967066
C       10.17653949       0.21107003       0.06319937
C       11.48074672       0.72110733      17.71148127
C        9.17537162       0.99512817       0.68850516
C       11.78388109       2.03349898       0.44135247
C        9.82204093      16.51840916      17.22817557
C        9.45025341       2.31423973       1.00851015
C       10.71923871       2.84737107       0.89797090
H       12.27931659       0.04386856      17.48061367
H        8.13996917       0.75959037       0.72808154
H        9.78488683      16.47631219      16.11069215
H       10.54425929      15.71276075      17.31384175
H        8.98952831      16.09714573       0.09412850
H        8.67636584       2.90404246       1.46270496
H       10.76405063       3.84403064       1.26503928
H       12.97558492       3.19706857       0.90058925
O        6.76513633      13.45203479       6.50197257
C        9.53092178      14.43945628       4.26112381
C        8.62490373      13.57689141       4.92221608
C        9.37759363      15.83778163       4.17235431
C        7.61467076      14.18621142       5.72270029
C       10.73706030      13.90525877       3.50725277
C        8.28116618      16.32612161       4.88484852
C        7.43409934      15.55489686       5.65198850
H        8.74689026      12.49775416       4.95631516
H       10.15607017      16.44590811       3.75228419
H       11.49619806      14.23871328       4.14350858
H       10.57025943      12.81678568       3.49022315
H       10.84755296      14.40840059       2.60980734
H        8.13918773      17.40595730       5.03257737
H        6.70214140      16.03654706       6.24300472
H        7.11611657      12.56442989       6.52984010
O        7.06739772      14.58583046      10.70571355
C        7.56293036      13.12904185      14.02490919
C        7.83348107      13.85159016      12.83970094
C        6.28024051      12.83431203      14.41876636
C        6.81307287      14.13262574      11.96638589
C        8.58547062      12.75793036      15.04808253
C        5.21309010      13.24970447      13.55606619
C        5.45992318      13.97357942      12.43313012
H        8.71123022      14.31204561      12.63592640
H        6.11063814      12.25525120      15.32370481
H        8.88642110      13.57542632      15.71940037
H        8.23785252      12.01204946      15.82169222
H        9.49455934      12.36844242      14.48839939
H        4.22323366      13.02663361      13.94757884
H        4.66564963      14.21395171      11.74678195
H        6.27643479      14.93304958      10.30015376
O        6.67829321       1.82853806       9.73979565
C       10.24278453       2.67950639       9.72576338
C        9.04154449       2.04939015      10.05555995
C       10.31014444       3.49083269       8.60321225
C        7.83217324       2.43739720       9.37195330
C       11.52818337       2.47570710      10.54213339
C        9.15275234       3.81521755       7.87272545
C        7.83653225       3.32344236       8.28143070
H        9.09276381       1.44314147      11.00340904
H       11.19767755       3.94788760       8.29371447
H       12.00356382       1.47230971      10.36851982
H       12.27985601       3.21359279      10.28263337
H       11.30465260       2.50360688      11.61964609
H        9.21385134       4.40325877       6.97466470
H        6.84821937       3.71782974       7.80167992
H        6.70755492       1.49642385      10.69042170
O       16.45310133       5.20186633       1.84769962
C        2.10754069       4.94658463       3.26831792
C        0.86007242       5.51562972       2.93387807
C        2.48796725       3.69201036       2.84430583
C       17.69060641       4.75700512       2.19726965
C        3.12587182       5.80640732       4.05871747
C        1.62075597       2.86662582       2.17951260
C        0.34391135       3.44105905       1.80958872
H        0.65217979       6.55537116       3.20231919
H        3.55110404       3.35587354       2.90251201
H        4.09622653       5.36567384       3.89194318
H        2.99056413       6.85632452       3.83528023
H        2.94103420       5.67973832       5.12623302
H        1.98727672       1.89935287       1.95227124
H       17.30482498       2.86956908       1.23854888
H       16.51368299       6.09358265       1.48397896
O       15.76181835       1.43892913      12.74147225
C       15.45556400      17.47786942      15.99420924
C       15.50052492      17.64308949      14.59192156
C       15.49244594       0.90235667      16.78145434
C       15.73220099       1.29465907      14.07999985
C       15.21339824      16.16569388      16.69577688
C       15.83432168       2.18053012      16.28619037
C       15.88556978       2.40616066      14.95421105
H       15.50296185      16.83045894      13.85082121
H       15.44189250       0.61223546       0.11407574
H       15.07003785      15.36881029      15.98433988
H       16.03928967      15.95481639      17.29700882
H       14.27179710      16.35168712      17.36540030
H       15.95635008       3.01809569      16.89599182
H       16.18148605       3.36181837      14.56399317
H       16.14125043       2.28925889      12.40812481
