512
Lattice="17.7128441229 0.0 0.0 0.0 17.7128441229 0.0 0.0 0.0 17.7128441229" Properties=species:S:1:pos:R:3 pbc="T T T"
O       12.54555074       2.53963844       2.97671375
C       10.21337724       1.89692884       5.88747104
C       11.05741390       1.72130110       4.74760008
C       10.03333105       3.16871807       6.36982543
C       11.66463769       2.81820174       4.04791250
C        9.73077482       0.66451145       6.62771613
C       10.78858525       4.26553001       5.75880392
C       11.60840077       4.11526332       4.63213907
H       11.32571268       0.69196877       4.50519040
H        9.42410101       3.29853326       7.28567091
H       10.25005218       0.48127427       7.57408302
H        8.67557854       0.97123839       6.89782784
H        9.69030037      17.58219222       5.90636403
H       10.50299779       5.33310209       5.95661140
H       12.03602681       4.98341351       4.24783238
H       13.19771115       3.27924099       2.79225797
O        4.39794778       6.73546507       2.22047546
C        7.39136858       4.95873886       3.25282894
C        6.54037324       5.73056077       2.42555761
C        7.16642589       4.78329666       4.64433108
C        5.30527413       6.18188632       2.98912125
C        8.71917669       4.43503344       2.69988997
C        5.96520426       5.18889894       5.17504205
C        4.98226988       5.90473687       4.38178445
H        6.60715516       5.72792967       1.31944831
H        7.95334165       4.36383756       5.24806540
H        9.64382643       4.97700483       3.01579494
H        8.72885239       3.31122626       2.91018096
H        8.63817937       4.47715967       1.60404373
H        5.63615910       4.96494746       6.17052107
H        3.98166885       6.16261349       4.66972253
H        3.88157434       7.44125975       2.60679947
O        0.65690728       4.35727578      12.20063592
C       15.29573522       5.21257181      10.32998190
C       16.22634552       5.29237697      11.45037246
C       15.63130329       4.62560780       9.12303794
C       17.41740416       4.62074386      11.19918715
C       13.95317101       5.95304200      10.45926514
C       16.82221129       3.85669304       8.92600245
C       17.70122336       3.86004797      10.05342404
H       15.99428335       5.75787044      12.35309946
H       14.97828995       4.67059324       8.28763010
H       13.78335428       6.28175879      11.41324959
H       13.82500839       6.81062134       9.74986024
H       13.18497764       5.31435589      10.11638983
H       17.06575970       3.31902070       8.00510853
H        0.85642417       3.21384601      10.06333433
H        0.82589286       5.10083936      12.79848435
O        4.17189542       3.33563859       9.25533632
C        3.47573497       0.95379498       6.47654564
C        3.30262814       1.75744993       7.66316628
C        4.76668891       0.80685121       5.88978346
C        4.34673714       2.47513529       8.17613505
C        2.29765640       0.19056110       5.85382845
C        5.89699746       1.44633509       6.45720330
C        5.66625846       2.31896995       7.56063667
H        2.35505631       1.74131392       8.16821186
H        4.76693546       0.18947551       5.04436155
H        2.53053105       0.13776149       4.72965670
H        2.26894561      16.93075527       6.35475418
H        1.33157445       0.56995230       6.15018198
H        6.80415910       1.32020230       5.95024745
H        6.49205046       2.95608754       7.83571494
H        4.84867254       3.06616802       9.85551291
O       11.20625560       9.78346591      11.36138586
C       14.20981488      11.55372768      10.16349240
C       12.86930874      11.29266083      10.53156056
C       15.14639508      10.61506359      10.31441854
C       12.54521715      10.13023357      11.14866618
C       14.56104130      12.90741954       9.62243418
C       14.82716619       9.36212317      10.95911495
C       13.51670868       9.11401972      11.31261044
H       12.14238573      12.05252313      10.67582590
H       16.14109226      10.85921617       9.98517118
H       14.55492923      13.73025930      10.36852326
H       15.53795082      12.85187939       9.13307442
H       13.89680410      13.20022854       8.83277626
H       15.60743561       8.59845858      11.26671006
H       13.24051636       8.29282725      11.92489940
H       10.53755001      10.27309890      10.88588690
O       15.67754524      12.56002198       2.36115243
C       15.81643276      16.10141411       3.59519730
C       15.38403992      14.88784486       2.99546236
C       17.21067177      16.21898181       3.85663985
C       16.26126656      13.75942532       2.84207253
C       14.85759848      17.23858376       3.91183861
C        0.35534559      15.09541533       3.70664255
C       17.59368533      13.87984154       3.23448351
H       14.28543416      14.77669084       2.79726881
H       17.42945536      17.26056588       4.27915632
H       14.20579709      16.86932080       4.70491615
H       15.28487891       0.56383532       4.21316418
H       14.25912944      17.39315246       2.96937836
H        1.44792443      15.09641812       3.95575623
H        0.57996820      13.10780976       2.93760407
H       14.71470033      12.57399166       2.33156876
O        2.98411058       8.70721719       3.54888197
C        4.80699505      11.10244796       5.64015874
C        4.36097712       9.86073148       5.09026427
C        4.41841918      12.29300009       4.93979431
C        3.50170874       9.91066449       3.98292060
C        5.66333842      11.12350946       6.89640156
C        3.54400398      12.30599188       3.83801669
C        3.05225007      11.05350960       3.35395788
H        4.60294875       8.92866609       5.56803169
H        4.73974535      13.21422853       5.29886002
H        5.84516350      12.17905186       7.03584388
H        5.03309490      10.73056592       7.71292777
H        6.63822642      10.60573738       6.89180382
H        3.12059309      13.22378071       3.56805558
H        2.24805635      11.01341944       2.63645751
H        2.39345036       8.77074888       2.81961308
O        4.17051168       6.03470002       8.83804636
C        1.86363473       8.63086041       7.72019929
C        3.00368923       8.03910061       8.29052445
C        0.84952622       7.84388143       7.08703469
C        3.07390934       6.67304680       8.25260426
C        1.63627866      10.10507936       7.57700694
C        0.91498162       6.42380616       7.13628314
C        2.03944340       5.93274499       7.70661818
H        3.80192005       8.66382496       8.84207888
H        0.07513861       8.35858408       6.57380026
H        1.86238248      10.56675137       6.58183113
H        0.68267987      10.37326942       7.87423079
H        2.28923874      10.57634683       8.36597643
H        0.08796280       5.80561689       6.76187003
H        2.11493698       4.88333609       7.70671953
H        4.32424698       5.08006874       8.72716818
O        4.20966594       5.11416971      12.94130900
C        1.46991051       7.45289002      12.01389765
C        2.58379482       6.60081141      11.89331929
C        0.88298687       7.65871069      13.25509379
C        3.04353880       5.88627279      13.03053892
C        0.87097474       8.17594798      10.84533940
C        1.36265442       6.95788561      14.41286277
C        2.45101656       6.06345713      14.31780121
H        3.01569064       6.49291889      10.89717643
H        0.04722111       8.29163996      13.27979523
H        0.00920676       8.77155144      11.08574765
H        1.66700581       8.93453905      10.58766694
H        0.65314211       7.54093866       9.96019321
H        0.95330878       7.12121562      15.41272663
H        2.87380898       5.56362229      15.18106079
H        4.50493149       4.79250219      12.06067092
O        6.87322961       1.33846998      13.02913938
C        3.72312410       0.70622544      14.68253708
C        4.76016795       1.35214066      14.00631216
C        4.04330620      17.11260003      15.23250504
C        5.96132322       0.69735050      13.80538826
C        2.32245463       1.36777877      14.79008278
C        5.31774815      16.57690495      15.23190611
C        6.28678491      17.17008821      14.42032304
H        4.59535884       2.30080845      13.68779489
H        3.32491740      16.48532485      15.67144537
H        1.73175334       1.16698177      15.68039715
H        2.38464874       2.40921120      14.64137224
H        1.70601600       0.99698204      14.03470560
H        5.52246570      15.57825369      15.64550939
H        7.27900022      16.75021482      14.29555496
H        7.77948263       1.05498736      13.04960359
O       15.67003573      15.41807693      13.08590738
C        0.80336751      12.95066736      12.66242994
C       17.21024085      13.54325252      12.54852467
C        1.88095047      13.74803392      13.08116025
C       16.96651549      14.83613722      13.07199260
C        1.20247065      11.58942784      12.04220408
C        1.66924637      15.14688775      13.33941419
C        0.34360356      15.66735692      13.44409180
H       16.39747193      12.90254255      12.28344129
H        2.90561210      13.37871410      13.04335264
H        1.20660077      11.61018296      10.96896846
H        2.08200599      11.11078292      12.55751880
H        0.43246648      10.89587726      12.19663649
H        2.52877869      15.83008076      13.47762616
H        0.20711070      16.71371969      13.53877092
H       15.65218284      16.31512055      12.83934174
O        9.77366605      13.67852501       9.20111199
C       12.28869512      13.39558756       6.51864551
C       11.29467042      13.07910820       7.50619693
C       12.58858678      14.78311031       6.21080656
C       10.71673999      14.07692122       8.29712340
C       12.92259025      12.29036695       5.64596327
C       11.90504379      15.76468186       6.91309829
C       11.07854704      15.41935997       8.04076407
H       11.00903602      11.99430610       7.70891281
H       13.32950268      15.07200018       5.45975719
H       12.95927700      11.40747038       6.34994866
H       12.20447137      12.05561794       4.87935016
H       13.95579598      12.46127954       5.34976705
H       12.04893320      16.81612713       6.58885084
H       10.64961072      16.18999530       8.61201766
H        9.57085416      14.47257298       9.77863440
O       10.41626763       8.69575269       0.11432917
C        7.27885120      10.47031689       0.62462069
C        8.65559229      10.24417769       0.63739436
C        6.35604037       9.45365173       0.45498709
C        9.08279854       8.94551586       0.26384212
C        6.79683694      11.87184161       0.89790142
C        6.83399499       8.17722870       0.07108031
C        8.19975315       7.87495462       0.03326814
H        9.42457575      10.97987771       0.78063882
H        5.29591029       9.56695325       0.59302552
H        6.63568753      12.43887259      17.70970456
H        5.94657677      12.00158827       1.55839904
H        7.64648617      12.33074685       1.34471976
H        6.14692429       7.38067162      17.59012166
H        8.55134461       6.92299323      17.46420173
H       10.56835356       7.85537447      17.29856140
O        9.44316372       1.03908940      13.49144775
C       11.72620352      16.17276425      12.44853339
C       10.77004877      17.20166698      12.38187153
C       12.25567289      15.83750265      13.71051147
C       10.33904347       0.08091929      13.54148376
C       12.43494946      15.62199813      11.14199698
C       11.72816209      16.27194954      14.88065127
C       10.74420546      17.28746075      14.80035404
H       10.35954054      17.61308071      11.49165480
H       12.97746455      14.99935476      13.79644135
H       11.87767342      14.76009335      10.85402565
H       12.46634838      16.31796524      10.26151360
H       13.41253035      15.30681230      11.31447510
H       12.17322535      15.73995743      15.78289046
H       10.18586868      17.62542150      15.75585174
H        9.17351244       1.37161313      14.35666565
O       16.90713518      10.11307002       2.89574512
C       15.05704624       8.10545343       5.41928593
C       15.77979344       8.55074404       4.23603550
C       14.99666849       9.05141493       6.44766236
C       16.35795374       9.85277782       4.13660169
C       14.38885273       6.73359780       5.47264129
C       15.64184911      10.29823808       6.38348778
C       16.31052585      10.75271844       5.20097010
H       15.86642159       7.94513618       3.34842480
H       14.64240292       8.70014013       7.42108229
H       13.66663513       6.62199894       4.58985907
H       15.08783725       5.94163161       5.34607596
H       13.87108135       6.54433712       6.41043059
H       15.55628782      10.94919848       7.22939761
H       16.53080508      11.80564522       5.21055108
H       16.75176753      11.02307463       2.78266136
O       11.36361967       9.18806044       2.80157956
C       10.51236992       8.36253653       6.28384436
C       11.22607331       8.66554970       5.13587166
C        9.08831256       8.33242151       6.19660435
C       10.57320670       8.99186698       3.95020490
C       11.27751009       8.23284524       7.63461938
C        8.40908289       8.68457745       5.01599907
C        9.15175421       8.99397715       3.85022866
H       12.35234185       8.75356782       5.24566762
H        8.46462597       8.06413817       7.10796100
H       12.28205605       8.17966407       7.44302169
H       11.23335302       9.03411561       8.34477926
H       10.99888661       7.31392266       8.16964947
H        7.32536975       8.72009184       4.97459893
H        8.69200257       9.22084824       2.95836884
H       10.80112017       8.95361700       2.05660440
O        8.25149918       1.79349921      16.12630721
C        4.97957378       3.14777147      17.33361023
C        6.06992745       2.25362950      17.00751687
C        5.07697999       4.48693028      16.99162746
C        7.31001436       2.73747207      16.46595302
C        3.72911103       2.65141804       0.25430270
C        6.26897823       4.90903846      16.39819169
C        7.43246785       4.10925748      16.22301008
H        5.91018931       1.14344406      17.27331315
H        4.15452328       5.08756849      17.02068303
H        3.47316243       1.74149386      17.43855130
H        3.87466715       2.45980604       1.32029722
H        2.88315170       3.36327047       0.02064341
H        6.31736995       5.94188564      15.98986070
H        8.30870458       4.44909919      15.68374441
H        8.54602411       1.22383264      16.91370456
O        4.98161431       0.12515502       2.42447824
C        2.19235859      16.05881221       0.80857162
C        2.88865038      17.10620951       1.39270988
C        2.71265585      14.77507696       0.69574912
C        4.17705410      16.79774883       1.93568246
C        0.87318338      16.47874916       0.05683715
C        3.91100631      14.44816770       1.26956457
C        4.64140448      15.45271687       1.90401916
H        2.56275107       0.45317838       1.31993525
H        2.01054794      14.01557288       0.35367446
H       17.65836910      16.00304300       0.31900419
H        0.92069043      17.58142012      17.63372983
H        0.97949773      16.13708538      16.77133302
H        4.28213739      13.44995747       1.34068661
H        5.57382651      15.19087694       2.38529279
H        5.75758673      17.49837650       2.87945774
O       10.96321351       7.40126057      13.21533220
C        7.51543768       8.43672265      13.82826598
C        8.86020516       8.52361122      13.56990383
C        6.82470233       7.18249293      13.72803644
C        9.60714165       7.35994326      13.35348894
C        6.86647340       9.75703371      14.03601834
C        7.54622015       6.00292029      13.43340960
C        8.94407711       6.10125728      13.24249262
H        9.31865804       9.56629805      13.58810428
H        5.76455012       7.14963253      14.03598348
H        6.97223898      10.30881922      13.13095303
H        5.79808935       9.60473165      14.20984551
H        7.24496393      10.42416792      14.85506634
H        7.03097585       5.05346212      13.30945824
H        9.50350787       5.16186946      13.07042003
H       11.10262245       8.09909790      12.52353469
O       13.72565868       6.97527951       1.96481419
C       15.13294128       6.56669235      16.30132912
C       14.55847893       6.31035713      17.58292025
C       15.55030414       7.91640249      16.05484987
C       14.42201280       7.28617163       0.82522185
C       15.13473276       5.50833636      15.10351995
C       15.40107376       8.95871572      16.99748024
C       14.85925909       8.65260040       0.54007585
H       14.01786923       5.39360226       0.10771177
H       15.91735955       8.06446340      15.08412973
H       16.09351352       5.43023976      14.54989405
H       14.96806393       4.52472507      15.49214172
H       14.29085204       5.76919528      14.43806035
H       15.72033581      10.00083241      16.77714274
H       14.61249765       9.41750706       1.22328885
H       13.19500051       7.71640085       2.19138055
O        9.69132520      11.07729985       9.59315991
C        6.09045195      10.92750353      10.41837324
C        7.38653436      11.41485680      10.01247043
C        5.91724557       9.59261224      10.75406264
C        8.44397344      10.50032503       9.92227103
C        4.84267112      11.74668666      10.57783071
C        6.98047450       8.67212100      10.57554062
C        8.25024377       9.10552737      10.19442351
H        7.54363995      12.53768698       9.83981155
H        4.93815403       9.22436990      11.10521327
H        4.84208259      12.52034691       9.78138178
H        4.00117845      11.11099102      10.36512219
H        4.74611313      12.11335342      11.62801711
H        6.74409844       7.66089921      10.73593127
H        9.07152965       8.30778086      10.14464783
H        9.69916808      12.03606544       9.58160274
O        0.80214205       8.67349216       1.20199975
C        0.97347607      11.76889378      16.74966581
C        0.48640798      10.83916208       0.02607097
C        2.15457344      11.38172794      15.99000011
C        1.18182295       9.62624796       0.26299147
C        0.20535197      12.97040465      16.44767678
C        2.83395304      10.20683166      16.32551912
C        2.24144307       9.22097500      17.17212145
H       17.36977980      11.21407793       0.60677551
H        2.62067117      12.02692092      15.24332137
H       17.12361291      12.77375648      15.78930767
H       17.44066632      13.39132332      17.24054118
H        0.85168585      13.69578797      15.92305204
H        3.72193203       9.98016708      15.78992037
H        2.75025152       8.25043589      17.33234769
H        0.01207302       8.94961850       1.61050823
O       15.49875782       0.17164634      11.69471935
C       15.36556754      16.96987183       8.14393558
C       15.54317140      16.86268994       9.49868726
C       14.82474498       0.38651371       7.56728058
C       15.19659636       0.21317890      10.37226466
C       15.97329752      15.91542208       7.17216486
C       14.46866870       1.51328025       8.41967828
C       14.65734407       1.35295380       9.77706992
H       16.07684290      16.00915504       9.92096819
H       14.66059168       0.49164630       6.46837156
H       15.36473009      15.62385201       6.29563464
H       16.92938006      16.30241578       6.73728532
H       16.11836358      15.06623089       7.80262087
H       14.09726423       2.44229568       8.09205310
H       14.34060968       2.14269378      10.41355473
H       15.69568250       1.01229521      12.07732368
O       12.94184156      12.31653593       1.59116507
C       13.18330147      11.13728170      15.84052541
C       12.93721291      11.11567128      17.17581214
C       13.89558126      12.23570736      15.34348130
C       13.21266895      12.27574516       0.21923979
C       12.80910165      10.01485963      14.94673299
C       14.17584394      13.31783022      16.10699381
C       13.83505942      13.37442887      17.42453593
H       12.44991240      10.27152560      17.69936170
H       14.32081744      12.22304423      14.31427807
H       11.83500410      10.21692053      14.47895612
H       13.51110417       9.84478341      14.14858428
H       12.71769519       9.06060689      15.43788333
H       14.82334164      14.08225794      15.67285357
H       14.23239754      14.15019365       0.35437932
H       12.41088622      11.54302837       1.70751517
O       10.81371019       6.63805668      16.18071110
C       12.41743537       3.49956088      15.11149956
C       11.89384477       4.79577893      15.06905554
C       12.40891272       2.71707153      16.29150974
C       11.29020918       5.35824688      16.20102856
C       12.99221131       3.00382525      13.80160234
C       11.85469351       3.32943423      17.44665191
C       11.23836282       4.61024385      17.40223079
H       12.02014209       5.42625426      14.20610512
H       12.70606994       1.70990651      16.28524290
H       13.18679377       1.90999778      13.86897289
H       12.36835466       3.23395250      12.89558480
H       13.96452259       3.38447431      13.65392839
H       11.82242653       2.78442127       0.62920742
H       10.72188232       5.15799522       0.44781336
H       10.70240615       6.86451503      15.26892635
O        6.97056490      15.79127358       8.45615526
C        3.98407107      17.10021038       9.95216071
C        5.31578998      16.90541670       9.50276149
C        2.98947641      16.20482861       9.47470290
C        5.64214017      15.87549374       8.67694194
C        3.59524386       0.54106718      10.91850937
C        3.31730145      15.11510273       8.61237052
C        4.61030423      15.00300024       8.14405606
H        6.05606230      17.59328663       9.87671792
H        1.91644636      16.51068662       9.68728301
H        4.45857535       1.20763885      10.91293268
H        2.72979660       1.16044859      10.67271777
H        3.37088263       0.20119955      11.99416533
H        2.55517957      14.43677479       8.14801556
H        4.80345456      14.24186546       7.45139731
H        7.24050866      15.08944497       7.84711515
O       12.09634982       0.21939770       1.16263963
C        8.90597095      16.40477065       0.16734995
C       10.28349094      16.64173065       0.26361473
C        8.01281059      17.37899885       0.76673837
C       10.75801257       0.04263402       0.99714947
C        8.37254427      15.15561356      17.30243758
C        8.51176597       0.77589550       1.39965264
C        9.87324511       0.99430936       1.45130768
H       10.97140458      15.94612279      17.55310494
H        6.90415513      17.25951429       0.64526882
H        7.35704046      14.91336110       0.05252644
H        8.22574709      15.46021071      16.26266435
H        9.11637405      14.32182427      17.35247599
H        7.65537273       1.44349476       1.78499617
H       10.27802681       1.85437258       1.93622601
H       12.32904059       0.90353046       1.76933362
O        7.73397280      13.47758779       7.02718202
C        9.25306084      14.06068256       3.75864698
C        8.95355743      13.50655888       5.01710829
C        8.48663485      15.21057163       3.32527416
C        7.93290987      14.00492219       5.79329021
C       10.35764063      13.51637367       2.84999827
C        7.49139934      15.80357870       4.18416432
C        7.26131385      15.19284813       5.41020106
H        9.41652971      12.58444121       5.40854947
H        8.72781289      15.79665017       2.43251173
H       11.27591353      14.10120446       2.98096857
H       10.62143366      12.49392785       3.11186415
H       10.16314773      13.53459880       1.76167141
H        6.83287289      16.57624431       3.78958496
H        6.41471579      15.67174375       6.03128447
H        8.22437834      12.74982311       7.29991446
O        8.64669699      15.49951747      10.84459697
C        8.84929450      13.25448656      13.74439455
C        9.22097765      13.98550741      12.61809887
C        7.49162674      13.13361362      14.10114469
C        8.22174222      14.74848687      11.92718432
C        9.94422775      12.78409672      14.58249915
C        6.49698658      13.81127068      13.39211480
C        6.90636478      14.66429255      12.31520276
H       10.19781200      14.15110085      12.42494174
H        7.14590879      12.65211948      14.97771998
H        9.89302017      13.33012269      15.54805925
H        9.80980578      11.73115268      14.91714745
H       10.94815175      12.73771168      14.15230161
H        5.32922140      13.62590820      13.56350008
H        6.14188139      15.23588901      11.84465481
H        7.98239461      16.00125865      10.34665905
O        6.19442810       2.98611076      11.07455185
C        9.75486270       3.47840715      10.17539334
C        8.60282684       2.90063655      10.72967341
C        9.63999872       4.74656422       9.54888714
C        7.34760820       3.61057413      10.62731697
C       11.06788161       2.71545244      10.25311035
C        8.42174068       5.45049372       9.53039215
C        7.27998843       4.89600579      10.05192349
H        8.58658840       1.86368563      11.00391655
H       10.52431850       5.31066024       9.09061896
H       11.10090068       2.09381922      11.16712622
H       11.05252062       1.95631784       9.44025122
H       11.93422104       3.29372854      10.11334834
H        8.46040646       6.44407950       9.18429704
H        6.38826199       5.42840929      10.10400559
H        6.40263461       2.48974389      11.91252968
O       14.51445056       4.57518264       2.85930402
C        0.47428575       4.57580618       3.08159045
C       16.88328561       4.86093893       2.63028875
C        0.72893352       3.52562476       4.03190879
C       15.79145446       4.19517474       3.20129740
C        1.53597770       5.49042298       2.57331356
C       17.32455696       2.87326539       4.58131784
C       15.99762863       3.20640946       4.23893501
H       16.71400765       5.70479371       2.06252296
H        1.74924022       3.46315673       4.41932934
H        2.54757791       5.10578088       2.67364011
H        1.40870823       5.70741022       1.53854856
H        1.53131594       6.46202290       3.05848268
H       17.45565339       2.19296562       5.41544502
H       15.13249397       2.89780876       4.88272770
H       14.54511923       5.45024739       2.69025534
O       16.52096594       2.37843360      12.98689689
C       15.92238391       0.94406842      16.37213452
C       15.81360519       1.13704004      15.01715695
C       16.79268155       1.68153147      17.14105573
C       16.53735431       2.14068767      14.32688386
C       14.98013460      17.70929484      17.11494850
C       17.50318746       2.75776438      16.49784092
C       17.39089527       2.95130578      15.07628578
H       15.26833209       0.35663033      14.41155296
H       16.63740478       1.66424386       0.51280495
H       15.39499697      17.20024595       0.27523253
H       14.16938375       0.52017910      17.58125507
H       14.53993201      16.99684846      16.38969224
H        0.51909048       3.39730552      17.11258285
H        0.33934541       3.59052221      14.55210598
H       17.04149239       3.06670183      12.60244569
