512
Lattice="17.7128441229 0.0 0.0 0.0 17.7128441229 0.0 0.0 0.0 17.7128441229" Properties=species:S:1:pos:R:3 pbc="T T T"
O       11.53898222       3.75844502       4.19934719
C        9.29941908       4.74388966       7.02857275
C        9.83391457       4.13016548       5.85066815
C       10.09495878       5.76724852       7.59610766
C       11.00189484       4.49327563       5.26419401
C        8.06441633       4.22417501       7.61434926
C       11.18924518       6.25855208       6.92699928
C       11.60829368       5.68583546       5.71131863
H        9.33204770       3.34866862       5.26962625
H        9.85653945       6.34605678       8.43249299
H        7.37866065       3.82974407       6.90719154
H        8.32835214       3.42165469       8.29187648
H        7.51215944       4.88122567       8.24974168
H       11.70588801       7.17366413       7.30397771
H       12.48230916       6.01684660       5.18308723
H       12.37717322       4.00381431       3.85978186
O        5.95567665       3.79860087       3.27212313
C        8.83024847       6.07163304       2.95470384
C        8.01844983       4.95140006       2.79165767
C        8.47656690       6.99576183       3.94302336
C        6.85328999       4.79533024       3.54470098
C       10.13041856       6.21675167       2.20457200
C        7.42471524       6.73148591       4.77962833
C        6.49467196       5.69157757       4.54639386
H        8.29035854       4.22346863       2.07525602
H        9.27243832       7.69521588       4.23265355
H       10.67910121       7.01969612       2.68995136
H       10.71546046       5.32767667       2.19176688
H        9.77646311       6.30988372       1.14035398
H        7.24079100       7.40180448       5.63287773
H        5.62939331       5.60398676       5.20104579
H        6.13891515       3.34833932       2.45386079
O       16.79867267       1.84309488      11.13493913
C       15.11625655       2.34897368       7.88459599
C       16.09553300       2.18046423       8.92159095
C       13.81889102       2.11103886       8.23144875
C       15.81275849       1.88493558      10.21959730
C       15.50304451       2.71417525       6.50054788
C       13.46170236       1.88244495       9.56708380
C       14.46308355       1.60585887      10.55956850
H       17.08255361       2.43614578       8.77486389
H       12.99847924       2.05963704       7.48100886
H       14.68305030       2.63472694       5.77122681
H       16.03804351       3.72172304       6.41928353
H       16.23195795       1.88524560       6.31773717
H       12.38848602       1.77662487       9.80354952
H       14.25054769       1.36711719      11.61383989
H       17.61917877       2.20961373      10.84534114
O        3.82775354       2.92029323       9.68227982
C        2.59348079       2.30593123       6.23582355
C        2.63891086       2.66478864       7.58636559
C        3.82466727       2.14993110       5.60170775
C        3.82890406       2.70387367       8.36033830
C        1.25676096       2.04432655       5.55831992
C        5.03115742       2.16934407       6.29651615
C        5.03677269       2.53037500       7.65451568
H        1.79487977       2.75115317       8.18534696
H        3.94237918       1.94789239       4.61554395
H        0.46763322       2.77175928       5.79642011
H        1.25969524       1.99565302       4.46855495
H        0.91920072       1.16955410       6.14115144
H        5.94884241       1.88437647       5.76189979
H        6.06117354       2.36977053       8.10182428
H        4.66199368       3.10977311      10.04389442
O       11.74177463       8.05345163      12.52642036
C       14.44123022      10.56307184      12.02922351
C       13.28348555       9.87664461      12.58726987
C       15.09714465       9.99369346      10.98552804
C       12.80980071       8.70066672      11.98933304
C       14.79205990      11.88343294      12.66787887
C       14.73815733       8.76609357      10.52019113
C       13.59383343       8.12534261      11.00172674
H       12.79839749      10.32007427      13.38856272
H       15.93613376      10.50510493      10.56919255
H       15.79928074      12.29784512      12.29605960
H       14.05211095      12.63156785      12.51537425
H       14.93739208      11.79669443      13.73140506
H       15.26854489       8.29061262       9.73394814
H       13.24550895       7.18823077      10.51402144
H       11.15400804       8.75276816      12.86688602
O       16.01765044      12.35011300       2.62493173
C       15.91747351      15.67028991       4.15898197
C       16.43907436      14.52756037       3.53080184
C       14.69820414      15.60239600       4.96301146
C       15.66146363      13.34981328       3.48852776
C       16.58887582      17.06368195       3.88480638
C       13.97494449      14.31118262       4.95511085
C       14.48728064      13.22455771       4.26985718
H       17.31788909      14.53275187       2.88206926
H       14.18350063      16.46274707       5.40430528
H       17.41148699      17.09377614       3.18713022
H       15.82720383       0.06455479       3.50192815
H       17.01173100      17.38901157       4.80333284
H       13.07549971      14.16565720       5.47391108
H       13.98023435      12.31218149       4.22785965
H       15.33346477      11.73194688       2.56595412
O        1.20544018       9.19825502       1.70178627
C        2.44925387       6.14128086       3.23846523
C        1.87190560       7.01927171       2.34026049
C        2.75345268       6.62035293       4.54688912
C        1.74698828       8.38850841       2.66502826
C        2.58258864       4.71537507       2.80348787
C        2.63208357       7.94225660       4.97019027
C        2.17205294       8.82626362       3.95884439
H        1.50412485       6.62260192       1.35877286
H        3.21747836       5.90728599       5.25161181
H        2.89032133       4.59324906       1.72907290
H        3.36925546       4.26575442       3.41976900
H        1.58868228       4.30418757       2.94854740
H        3.05872240       8.40057600       5.87604436
H        2.11179031       9.86932856       4.25865997
H        0.90981372      10.02262049       2.14272390
O        0.90982416       9.74496416      11.71913925
C        2.80422159       9.83005076       8.42489656
C        2.00755909      10.21380721       9.51213885
C        3.48061876       8.59484349       8.48173283
C        1.74953372       9.37868984      10.59524665
C        3.13413568      10.88303139       7.31590107
C        3.19303306       7.71040809       9.53278379
C        2.28275463       8.06391282      10.55492453
H        1.66549631      11.17247932       9.66587632
H        4.06406172       8.28972493       7.65273130
H        3.58130998      10.44267060       6.47842740
H        2.18126809      11.39123723       6.99399683
H        3.87120424      11.70470714       7.68222310
H        3.54410340       6.70639402       9.62896943
H        2.17839272       7.41039866      11.38750613
H        0.84325488       8.94765538      12.21888663
O        1.39189714       3.15554660      10.63302969
C        0.16684054       5.75289661      12.94394169
C        0.14608263       4.71205040      11.94396171
C        1.36270988       5.98594731      13.70213751
C        1.36895251       4.07341193      11.66408634
C       16.65387785       6.55215979      13.29038333
C        2.46666941       5.11266249      13.52953775
C        2.51557684       4.24198545      12.48043399
H       17.07517501       4.40244308      11.29522087
H        1.32069123       6.61571533      14.51422589
H       16.05004300       6.49645984      12.38435458
H       16.20392991       6.08614484      14.12483466
H       16.87819225       7.52394036      13.54148988
H        3.41743439       5.24914419      13.96679035
H        3.34137523       3.64306653      12.36489053
H        2.16950575       3.17215415      10.15753288
O        7.08443084       0.64352750      12.26466908
C        3.65948505      17.03034664      12.55553004
C        4.81641083      17.57507837      11.94146512
C        3.72470213      16.41471600      13.82956002
C        6.03843723      17.60674025      12.68699605
C        2.38933370      17.03373434      11.73822668
C        5.01043171      16.26285803      14.43540831
C        6.14820158      16.82125812      13.84813650
H        4.83116567       0.44383601      10.98934941
H        2.83254487      15.95300987      14.29927660
H        2.38934701       0.16427340      11.01597934
H        2.59650016      16.15108002      11.11558797
H        1.50462879      16.94473787      12.34660041
H        5.08510458      15.60029088      15.34147267
H        7.01147760      16.80149823      14.50222576
H        7.90753604       0.58152710      12.80363174
O        1.89882230       9.83551459      15.49598566
C        4.84119309       8.26995294      17.12854986
C        3.59974209       8.88392343      16.92238060
C        5.55440834       7.80899600      15.99071899
C        3.10148480       9.25458018      15.66119988
C        5.28287843       7.82176307       0.73199011
C        4.96447264       8.05762601      14.72943388
C        3.79620419       8.84921832      14.55224897
H        2.90944833       9.14531424      17.70813331
H        6.51051248       7.43393734      15.94499271
H        4.82458835       8.41372995       1.57893085
H        4.95035346       6.75532888       0.76382212
H        6.38435591       7.80160617       0.75458887
H        5.42808680       7.77382440      13.86966939
H        3.43872149       9.21130272      13.52003036
H        1.66067521       9.78466572      16.43786754
O        8.32663095      14.55108649       8.82372338
C       10.19594474      17.35777663       7.24755778
C        9.72268808      16.08762583       7.48804828
C        9.70498496       0.70364617       8.11631609
C        8.81381713      15.82709086       8.49489229
C       11.09540493      17.65151460       6.08873563
C        8.70666099       0.44714382       9.06844522
C        8.34540227      16.84313405       9.34638135
H       10.03019941      15.29822128       6.83092650
H       10.03311824       1.69071349       8.13321893
H       11.69578507       0.88098078       6.25523990
H       11.72672567      16.84326020       5.79235262
H       10.58066883       0.02000692       5.12906797
H        8.28115154       1.29228628       9.67792086
H        7.69198415      16.64004344      10.13276344
H        7.54009717      14.46655665       9.44073936
O        9.39268223       9.54759312       0.12318051
C        6.92228817      10.80174115       2.48939197
C        7.89915981       9.98882736       1.88493006
C        6.74070794      12.12180646       2.01403629
C        8.47286455      10.42165586       0.67361427
C        6.29564685      10.41990897       3.76883599
C        7.32998714      12.58274705       0.78772805
C        8.17200082      11.66919782       0.12518299
H        8.19726016       9.01493599       2.17885454
H        6.03030282      12.82667125       2.43846378
H        5.90924040       9.42985620       3.56926301
H        6.96559573      10.50658314       4.67962810
H        5.43456956      10.92638622       4.15467037
H        7.02460735      13.58399734       0.37604691
H        8.58952120      11.89356788      16.87987662
H        9.91224937       9.85558460      17.09933066
O        9.44134642       0.85740725      13.55860623
C       12.01659608      16.42532631      12.02487251
C       10.83980646      17.19977576      12.18602312
C       13.07086909      16.60803605      12.92751073
C       10.67748881       0.30003965      13.28553681
C       12.19754834      15.62036160      10.79044938
C       12.96277392      17.47898984      14.02635212
C       11.76162448       0.50816067      14.18373799
H       10.12481786      17.02416221      11.43271044
H       14.00992905      16.10078347      12.85683476
H       12.50119047      16.18772902       9.85168254
H       13.11931888      15.05155864      10.98675451
H       11.31556732      14.96352038      10.49289879
H       13.71792415      17.54925904      14.73866323
H       11.58356722       1.27129308      14.95471532
H        9.51017693       1.60386644      14.20292612
O       15.14240311       7.56255665       3.86328785
C       17.02169190       7.04377650       6.93818226
C       16.12327634       6.85409581       5.90618930
C        0.08103050       8.23840430       6.98286773
C       15.91457087       7.79939541       4.91074877
C       17.21849205       6.04762140       8.02446171
C       17.59675246       9.24004045       6.00654220
C       16.60597037       8.99523949       5.03350686
H       15.53724994       5.92649619       5.75635614
H        0.79517074       8.33618284       7.78565780
H       17.17710099       6.46498380       8.98996242
H       16.44973752       5.29249217       7.88337197
H        0.50258218       5.63935422       7.99856181
H        0.42297260      10.19450335       6.05416239
H       16.44958483       9.71961024       4.23459824
H       15.15661990       8.34323794       3.25599634
O        9.98404928      11.69069462       3.36759485
C       11.94100058      11.26933845       6.38116345
C       10.99498632      11.79806104       5.46223782
C       12.48183339      10.01271324       6.13789756
C       10.76769982      11.10554742       4.25015979
C       12.12405568      12.12261069       7.63836630
C       12.23004426       9.27538285       4.92560745
C       11.35546094       9.83343716       3.99481746
H       10.47418586      12.75429011       5.65236018
H       13.17683712       9.66696451       6.86086021
H       12.74567649      13.02237226       7.56567715
H       11.19028499      12.38997493       8.13083377
H       12.63905362      11.48841165       8.34530338
H       12.69811494       8.27811018       4.59015023
H       11.18402804       9.37658297       3.02022832
H        9.35772649      11.11085865       3.01407141
O        9.38949337       2.59281355      15.57957071
C        5.77604204       3.14986843      15.31903928
C        7.09813241       2.65604915      15.03884308
C        5.68944611       4.25244631      16.15127139
C        8.20133977       3.28609383      15.62961289
C        4.46514035       2.44457553      14.97902518
C        6.76186808       4.88634304      16.73940373
C        8.05786531       4.49373702      16.33658694
H        7.13625109       1.75202730      14.54372250
H        4.72035808       4.56587073      16.44661313
H        3.59111463       3.07332953      15.03750948
H        4.60971431       1.88122802      14.02403130
H        4.19259815       1.79642157      15.83303014
H        6.53094235       5.70769844      17.38948816
H        8.89687597       4.85591072      16.77231808
H       10.14841618       3.13705864      15.77678849
O        5.92744617       2.32631738       0.90812787
C        3.99657697      17.34437696       2.26386275
C        4.47383720       0.90976941       1.97114884
C        4.41428210      16.26031341       1.47539699
C        5.33521647       1.08775085       0.87366119
C        3.02613281      17.06644049       3.48466675
C        5.28275349      16.44174031       0.40582336
C        5.82150458       0.00870049       0.12555183
H        4.18930970       1.70313000       2.58412700
H        4.20544935      15.27467801       1.79366740
H        2.00267859      17.16045486       3.28613794
H        3.16843312      16.04443305       3.82725232
H        3.19782794      17.67687741       4.32955376
H        5.79847563      15.60055131      17.61423814
H        6.54410067       0.10095054      17.07373319
H        6.41636054       2.56872402       0.11703725
O       10.68149617      10.85780684      15.85007524
C        9.92057920      11.23202547      12.16110911
C       10.55254267      11.41773068      13.42910676
C        8.90293454      10.24989717      12.06687330
C       10.18947612      10.68436442      14.56460090
C       10.44245067      12.07824589      10.95507756
C        8.62160374       9.49066145      13.16193983
C        9.19483784       9.67502724      14.45557818
H       11.31640261      12.17712033      13.49311608
H        8.44089893      10.08060025      11.12920877
H        9.95780519      13.07869169      11.00659922
H       11.48361944      11.99791828      11.04365088
H       10.16751749      11.46109430      10.20882352
H        7.94652021       8.70869893      12.99255075
H        8.82730550       9.07712041      15.27092343
H       11.46705794      11.41842656      15.85885069
O       14.04510507      10.18433236       2.22245124
C       13.55405853       8.53195356      16.58514245
C       13.27415960       9.23026328       0.05675176
C       14.85932423       8.43859308      16.14387599
C       14.32819253       9.67440322       0.94744622
C       12.39019870       7.77631334      15.89992857
C       15.91099181       8.92673211      16.95075955
C       15.69914956       9.43999813       0.53704144
H       12.22843143       9.15312158       0.33558146
H       15.11873531       7.98579651      15.16112384
H       12.52468879       6.73952139      15.99488921
H       11.49301935       8.06432065      16.37469856
H       12.39525599       8.02877882      14.83769434
H       16.93358323       8.76198226      16.63772438
H       16.49053415       9.91876685       1.09637446
H       13.20699904      10.64152209       2.37225063
O        8.48899501      12.58528300       7.09188853
C        6.67332217      10.20156953       9.29828647
C        7.06740737      11.41535598       8.65639862
C        7.27034040       9.01944689       8.86736014
C        8.05046260      11.42846338       7.62101728
C        5.63616369      10.15555542      10.46024829
C        8.19063143       8.98035410       7.75497252
C        8.52710456      10.18296742       7.10056596
H        6.67044754      12.39398088       8.79273022
H        7.00969842       8.07620634       9.30269298
H        4.90099420      10.94694715      10.40158521
H        5.35973718       9.11983682      10.44529383
H        6.09751998      10.12798250      11.42250596
H        8.68908126       8.10321653       7.50854766
H        9.13899400      10.22831630       6.18365974
H        8.40555488      13.35412658       7.67332548
O        0.92640307      12.01761559       2.41815852
C        1.42205719      13.21223339      16.65293396
C        0.89227849      12.75335904       0.18758314
C        2.84411888      13.31562724      16.61487754
C        1.61201918      12.36940533       1.29672587
C        0.54522023      13.43861175      15.50659569
C        3.57295529      12.99373564       0.05005122
C        3.03767800      12.49688573       1.25935917
H       17.49028121      12.59395032       0.30680513
H        3.40034579      13.71683567      15.74563149
H       17.56909073      14.32119820      15.64292280
H        1.06509988      13.26267113      14.56748357
H       17.61324297      12.56806865      15.46026835
H        4.58997121      13.29322751       0.07886360
H        3.73294178      12.31849201       2.01351347
H       17.71279097      12.16755622       2.31061737
O       17.41281545      14.92747336      12.08792102
C       16.41676917      13.53601123       8.89846669
C       17.06152178      13.78513527      10.12736159
C       15.55688728      14.51502858       8.32646426
C       16.75249743      14.86756489      10.90844864
C       16.81914512      12.31776962       8.13187446
C       15.31932576      15.65815264       9.09208252
C       15.86784160      15.85339646      10.38922246
H       17.57888376      12.97092261      10.55410766
H       15.17067921      14.45616676       7.28024074
H        0.18780420      12.05895937       8.17133717
H       16.30324970      11.40104323       8.49233778
H       16.58301753      12.41877915       7.10902401
H       14.64715842      16.38718994       8.71241785
H       15.67499398      16.81112216      10.91802618
H       17.24990365      15.73758376      12.52922822
O       12.33787114      12.64952283       2.05704227
C       11.75057291      13.75437006      16.28937936
C       11.52431796      13.20726987      17.60277817
C       13.08207546      13.76940832      15.78644263
C       12.60271161      12.94914817       0.74328065
C       10.64601645      14.20532511      15.44034808
C       14.14905704      13.47021298      16.61737063
C       13.89161265      12.90038727       0.17130957
H       10.45290264      13.25631052       0.26454659
H       13.11679403      14.20559356      14.79988892
H       10.16873740      15.07192508      15.75272342
H       10.74899935      14.00214667      14.28961386
H        9.93917095      13.48934618      15.68492807
H       15.19126145      13.49787629      16.26180762
H       14.66765940      12.77673891       0.88428614
H       11.39316850      12.70718936       2.27570609
O       11.65670107       3.83517441      17.10791327
C       13.98942959       3.77884744      14.35008906
C       12.83494893       4.05092094      15.07970376
C       15.03711064       3.04911090      14.88445172
C       12.77603903       3.60060426      16.37412738
C       14.08633928       4.23534224      12.96333919
C       14.93345707       2.54502683      16.18751746
C       13.72057788       2.71124334      16.89607269
H       11.99186337       4.68244637      14.64279468
H       15.95723270       2.91306598      14.37141428
H       13.52993801       3.48020098      12.40918515
H       13.71415746       5.29123749      12.83014920
H       15.07059720       4.26795012      12.55654022
H       15.71925045       2.02512436      16.69526286
H       13.66761807       2.23681209       0.15273230
H       11.81141915       3.63863225       0.32359724
O        4.80416252      14.45303685       7.46916101
C        1.54784540      16.21842004       7.45308804
C        2.89655112      15.92768456       7.74895304
C        0.96644904      15.49379446       6.37475600
C        3.62719445      14.92465269       7.01890059
C        0.69136101      17.16507614       8.30656651
C        1.69956291      14.51024301       5.68178582
C        3.08334888      14.30215733       5.88635497
H        3.37518506      16.47466033       8.56740281
H        0.01438758      15.64119287       5.95826725
H       17.49380177      17.31225644       7.76014215
H        0.47446610      16.86306701       9.34180876
H        1.20440373       0.35569304       8.52652381
H        1.26029169      13.81738956       5.02185478
H        3.69067283      13.56352199       5.43864762
H        5.28999792      13.97802574       6.71085218
O        9.61684728       2.33874777       2.11648598
C       12.38909727       0.20213598       0.81459979
C       11.68873414       1.13388391       1.63874168
C       11.68325971      17.13554088      17.60903581
C       10.33861969       1.43637191       1.43863563
C       13.83172374      17.61425575       1.03122278
C       10.35332385      17.45578893      17.44393524
C        9.77026106       0.80534767       0.38234650
H       12.25802306       1.67308026       2.36120536
H       12.18477941      16.37786916      17.01971039
H       14.43721330       0.23881459       0.20976977
H       14.23380944       0.28952453       1.92382839
H       13.97115408      16.56549707       1.04409259
H        9.77858876      17.10662715      16.66613080
H        8.81380898       1.12397878       0.04819292
H       10.17663954       2.86592032       2.69258570
O        6.40477885      13.48042000       5.52476194
C        8.73800335      15.57664741       3.56141856
C        8.20774803      14.42689900       4.25954054
C        8.03326271      16.80297518       3.48786308
C        6.94564418      14.58129758       4.88551170
C       10.11624305      15.39676585       2.96665545
C        6.76006190      16.97946052       4.07955463
C        6.24167596      15.82655137       4.75387322
H        8.84130301      13.61601775       4.36045578
H        8.51229658      17.56439660       2.87431326
H       10.31832937      16.00355409       2.11092353
H       10.87300403      15.72423117       3.68124705
H       10.25416321      14.31081577       2.65557559
H        6.15445385       0.18246189       3.96742068
H        5.16092847      15.85123436       5.08845568
H        7.13303779      12.86496190       5.81673328
O        5.90219008      14.53597584       9.96444133
C        5.38821895      12.55426763      13.03622752
C        5.94555406      13.31119674      12.02565639
C        3.98931908      12.35460620      12.86358265
C        5.22410068      13.84062078      10.92507575
C        6.07594701      12.03252770      14.27929871
C        3.21597516      12.78195245      11.78174201
C        3.82445726      13.53426369      10.81024829
H        6.94713088      13.57499473      12.21729662
H        3.43792604      11.93488553      13.68763707
H        7.01733387      11.50787801      13.96320694
H        6.40263311      12.85513542      14.92794954
H        5.38853550      11.42931768      14.80489056
H        2.13064668      12.57586895      11.72313941
H        3.20596251      13.91358732       9.98297184
H        5.43677466      14.67546125       9.13681178
O        6.02570793       2.79331824      10.90433867
C        9.25896681       4.59727617      11.18882679
C        8.35797814       3.58366122      11.12131407
C        8.77619022       5.94997869      11.26843449
C        6.92344309       3.82788162      10.99481442
C       10.76615280       4.40573784      11.42200990
C        7.39752315       6.25710843      11.17666165
C        6.43638398       5.17559519      11.05529494
H        8.68679608       2.60091781      11.17546506
H        9.44792607       6.77161823      11.36614316
H       11.15312850       3.92678977      10.50139303
H       11.36175331       5.27081172      11.62009122
H       10.84344888       3.63432632      12.16110632
H        6.89634897       7.27421544      11.27039540
H        5.43704346       5.38892871      11.00449761
H        6.11847369       1.94453890      11.38096922
O       14.20672445       4.98274682       3.48388691
C       16.55922620       4.53222169       0.61839285
C       15.66525492       5.15222204       1.53800282
C       17.14898588       3.33144659       1.03252217
C       15.19426304       4.47047396       2.69822393
C       17.10748869       5.26900990      17.10516269
C       16.77202661       2.67194655       2.20288618
C       15.77758516       3.22222178       3.01627495
H       15.07395105       6.11831504       1.21784190
H        0.26637468       2.90492327       0.44555029
H        0.07003933       6.05186847      17.49377935
H        0.10198697       4.69135128      16.55832404
H       16.37697116       5.65124506      16.36989007
H       17.16207760       1.75152358       2.54812618
H       15.35846627       2.69115332       3.83707016
H       14.57381641       5.87771526       3.70820452
O       16.38605503      17.63303055      12.97310477
C       17.30794326      16.94288775      16.50303419
C       16.65235056      16.83925798      15.21978356
C        0.67493201       0.13443473      16.59355435
C       17.06572260      17.62974806      14.19423888
C       16.94842089      15.99154492      17.61051595
C        1.09471071       0.98997026      15.51877284
C        0.40977184       0.89355026      14.31192822
H       15.80142061      16.13992552      15.04823820
H        1.15530082       0.18759562      17.59213106
H       17.55051645      15.04809644      17.61648612
H       17.22766360      16.45612029       0.84032978
H       15.93326009      15.67758116      17.60518555
H        2.01334600       1.56169359      15.71795774
H        0.73377050       1.40362105      13.43692400
H       16.39347253       0.79186357      12.54997361
