512
Lattice="17.7128441229 0.0 0.0 0.0 17.7128441229 0.0 0.0 0.0 17.7128441229" Properties=species:S:1:pos:R:3 pbc="T T T"
O       12.76574331       4.92655136       2.88297651
C       11.92414087       3.58870428       6.27009959
C       11.85809537       3.88029779       4.90450958
C       12.83561474       4.36706438       7.01217221
C       12.80395045       4.70606951       4.25294219
C       10.83672430       2.76675145       6.92510878
C       13.70995013       5.34706331       6.41862678
C       13.71416320       5.50388126       4.97712948
H       11.15618212       3.31082810       4.28280305
H       12.79952628       4.34646692       8.09109910
H       10.19557437       2.39821868       6.19567679
H       11.40362641       1.97088042       7.50023734
H       10.20085332       3.33779205       7.61056416
H       14.50881302       5.78913327       6.98945979
H       14.60914244       5.88521950       4.52123991
H       13.43352316       5.48582715       2.44982204
O        4.97603001       2.84075096       3.19893870
C        8.01621527       4.92395108       2.79694994
C        7.02287225       4.01097611       2.53785564
C        8.04388275       5.55424371       4.08075674
C        5.99738926       3.70104348       3.45900490
C        9.10945636       5.30861949       1.76823734
C        7.05132275       5.28175636       5.01567450
C        5.96990797       4.44305687       4.69671949
H        7.03293427       3.47054534       1.66404212
H        8.82955296       6.08926467       4.41468908
H        9.97006112       5.48994028       2.38199310
H        9.39273940       4.51365928       1.07011952
H        8.81202810       6.17757569       1.26545061
H        7.05589466       5.76999017       5.94615971
H        5.26750241       4.24956276       5.44576989
H        5.08511488       1.98476583       2.84018944
O       16.51838353       2.88576136      11.39303014
C       15.92566145       2.45037920       7.70550195
C       16.53582518       2.87509877       8.89782142
C       14.74105313       1.65349740       7.80449824
C       15.98890298       2.54145333      10.13376372
C       16.41670797       2.87013405       6.34311150
C       14.24096956       1.33700251       9.03450393
C       14.77662861       1.85541205      10.22859407
H       17.53791381       3.34320017       8.96392382
H       14.24548749       1.36174086       6.90664715
H       17.42290145       3.26853849       6.49764320
H       16.44547141       2.10304258       5.66703819
H       15.91410543       3.72055186       5.91041859
H       13.34646940       0.74819504       9.19511646
H       14.30824720       1.75811460      11.20706991
H       17.17438731       3.58659483      11.34675170
O        3.86791462       2.97613468      10.05016392
C        3.73177162       1.86111779       6.57935416
C        3.38863951       2.46843098       7.85271808
C        5.06798032       1.47153602       6.34836905
C        4.32144060       2.45650150       8.89055783
C        2.74652135       1.70851389       5.48086174
C        5.98362970       1.54248689       7.40505147
C        5.62520105       2.10548463       8.61975165
H        2.37526670       2.72489837       7.98963085
H        5.31237016       0.85180578       5.51496183
H        1.99841186       2.50788588       5.74106323
H        3.18457584       1.68422829       4.48497413
H        2.05520477       0.87610016       5.59705432
H        6.97831982       1.18092768       7.25102823
H        6.33276001       2.23197931       9.41958216
H        4.64236716       3.08790036      10.65115229
O       11.09854926       9.06959540      11.44893275
C       14.47758082      10.70670756      11.69193231
C       13.06354364      10.66812883      11.60180856
C       15.23878765       9.49936928      11.67591645
C       12.41643582       9.36098180      11.39635700
C       15.20453010      11.94881847      11.64858624
C       14.65649515       8.26996078      11.34216096
C       13.28302835       8.16878367      11.23993587
H       12.42997981      11.57082701      11.63607649
H       16.27709835       9.55309067      11.87548953
H       15.89425773      12.13757606      12.46022644
H       15.80000356      11.93606997      10.79651965
H       14.48118697      12.77488445      11.62001239
H       15.33109785       7.42727916      11.25115017
H       12.87438713       7.13591624      10.96055627
H       10.55576544       9.78216162      11.10771696
O       15.26009666      12.48790346       2.63302746
C       14.95761750      16.12783743       3.65713405
C       14.68403354      14.89370654       2.91491367
C       15.77201233      16.07156279       4.76047537
C       15.31069524      13.68400904       3.33970334
C       14.29817527      17.42361507       3.20693687
C       16.36071891      14.87835559       5.19170964
C       16.08905226      13.67053015       4.45701491
H       14.07042806      14.88150479       1.98486935
H       16.04911046      16.96329312       5.34239060
H       13.30777900      17.44731638       3.61031846
H       14.83363066       0.52396630       3.69776055
H       14.38572916      17.61385690       2.10922986
H       17.02155493      14.87282250       6.01783793
H       16.40397228      12.55885582       4.74694188
H       14.62564929      12.51438505       1.89679761
O        1.74814977       9.99605497       2.46325040
C        5.19506305       9.14185831       3.27192706
C        3.93578626       9.11732134       2.69160086
C        5.51719628      10.12702171       4.28953028
C        2.96574761      10.04046144       3.07506179
C        6.23889857       8.25570073       2.70315962
C        4.48853135      11.06256351       4.62882717
C        3.20698729      11.02229274       4.04231369
H        3.75749491       8.50413091       1.83937392
H        6.47777970      10.26544338       4.59560364
H        6.40435117       8.41346788       1.59121919
H        7.26253302       8.41254291       3.17325295
H        5.84097641       7.27932134       2.90719423
H        4.81220935      11.81367636       5.34340036
H        2.45655749      11.79877410       4.21974037
H        1.67355127      10.89067438       2.13051355
O        2.33797005       5.23093718       9.86366898
C        1.94728847       8.36897833       7.92697368
C        1.67825362       7.32126329       8.82443095
C        3.09077027       8.28695164       7.08037433
C        2.56799277       6.19256220       8.92067213
C        1.11465037       9.65415266       7.79666417
C        4.00100110       7.21854648       7.19264929
C        3.69791452       6.18515650       8.11883710
H        0.84315280       7.42510070       9.46253184
H        3.17471510       9.05136196       6.33375587
H        0.10985905       9.44357072       8.01860385
H        1.54510001      10.37540410       8.51664797
H        1.13780599      10.00966316       6.82871822
H        4.85470341       7.19353139       6.52939065
H        4.26111058       5.30203975       8.11047934
H        2.89487479       4.45627297       9.79287739
O        0.17420321       5.32974422      11.42011877
C       17.26602022       5.37574238      15.05797147
C       17.05855834       5.53623941      13.70212968
C        0.89417268       4.94797569      15.54178463
C        0.38860031       5.27775126      12.79743656
C       16.26096805       5.81605043      16.06097481
C        1.90732829       4.63002032      14.60203872
C        1.61409277       4.73626519      13.22417914
H       16.01543788       5.84794101      13.42927898
H        1.01300787       4.71055968      16.56100366
H       16.53069438       6.85540362      16.38529139
H       15.20442815       5.82745933      15.72165850
H       16.30378378       5.13106953      16.92948377
H        2.97623623       4.38609221      14.81370094
H        2.32491714       4.41680279      12.47986872
H        1.03956360       5.54279066      10.97065157
O        7.20344167       0.70488322      12.82764176
C        4.09555720      17.32896303      14.44366484
C        4.95495785       0.18024716      13.52293970
C        4.58610132      16.93187855      15.72566641
C        6.36119673       0.23964247      13.79787359
C        2.56638824      17.32923271      14.30023479
C        5.96455975      16.88650829      15.92939338
C        6.86649808      17.27552225      14.95810190
H        4.55596518       0.55710496      12.60715263
H        3.92325571      16.65295320      16.49707506
H        2.30345941      16.90611265      13.31916287
H        2.08308881      16.76513780      15.11206979
H        2.23544386       0.64364533      14.44380374
H        6.34346386      16.52872456      16.89670920
H        7.90908748      17.20414848      15.05104586
H        8.08098148       0.67118334      13.13342053
O        2.68837717      12.09841628      12.89642459
C        2.40531212       9.20213577      15.24144410
C        2.56450047      10.59445046      14.85023012
C        1.96822304       8.18553693      14.30215556
C        2.27145142      10.86830311      13.48596791
C        2.72346347       8.91431673      16.70218509
C        1.61049563       8.65054193      12.96291336
C        1.80189539       9.97120590      12.56542429
H        3.07431936      11.38319236      15.44059067
H        1.71027139       7.11763272      14.57542836
H        2.01341614       8.17012553      17.11819977
H        3.75536301       8.66160811      16.95997376
H        2.50586457       9.78266556      17.34310642
H        1.07637579       7.95157105      12.32316711
H        1.55109314      10.23320780      11.54656899
H        2.99009166      12.74698178      13.59876008
O        9.00293294      13.99928024       9.72940726
C       11.22735406      15.53750544       7.27206237
C       10.59295923      14.56227961       8.07492124
C       10.90538453      16.91144940       7.35586080
C        9.62257871      14.96828931       8.94875447
C       12.21917208      15.13655092       6.17498695
C        9.83205810      17.31703328       8.19433094
C        9.26636886      16.31808408       8.98050308
H       10.93283270      13.54643321       8.08815807
H       11.44508636      17.69538512       6.85672756
H       13.15277801      15.43828504       6.61156955
H       12.24369581      14.05199491       5.96583125
H       12.14806297      15.61504953       5.24539558
H        9.46374895       0.59355682       8.37796942
H        8.48531936      16.50561473       9.65931001
H        8.12947144      14.41060603      10.00416002
O        9.55389422       9.05105535      17.33587793
C        6.82981956      11.37274800       0.18701749
C        8.08215613      10.82432417       0.29748208
C        5.87292169      10.90076057      17.04056524
C        8.39821908       9.76865888      17.12090476
C        6.64429853      12.64468918       1.01308934
C        6.19713712       9.86802994      16.11629381
C        7.44444762       9.26944813      16.22557756
H        8.80079846      11.19698065       0.99595945
H        4.96944657      11.44708544      17.00078200
H        5.63429909      12.85615315       1.30803079
H        7.24493673      12.71347753       1.94131802
H        6.94642376      13.50771345       0.44849467
H        5.52382806       9.52763259      15.36669526
H        7.79971124       8.48761428      15.50575048
H        9.78748001       8.57169335      16.58654587
O        9.24660631       1.43065603      14.39959093
C       11.47003502      16.92568951      12.66215268
C       10.44789549       0.12996220      12.92617992
C       12.48783740      16.72171753      13.68251144
C       10.30267591       0.62811984      14.18042123
C       11.62079289      16.18649490      11.43599392
C       12.21145425      17.14336529      14.98736771
C       11.09491169       0.21701876      15.29598593
H        9.63932545       0.31299273      12.25286802
H       13.32323044      16.11937990      13.45656823
H       11.22828813      15.15420620      11.58027125
H       11.13876657      16.64696284      10.60106037
H       12.66793283      16.26521248      11.18222199
H       12.90292618      16.77192742      15.72941669
H       10.88779575       0.46117457      16.36611463
H        9.29939457       1.86595173      15.24928292
O       17.15465029       9.91243419       3.57625532
C        0.31066580       6.71716818       5.40724004
C        0.33473456       7.82611584       4.43460012
C       16.96025895       6.73135229       6.33064994
C       17.11870650       8.84507697       4.44775495
C        1.12274121       5.51997087       5.22443459
C       15.98724129       7.74420257       6.23854436
C       16.05139931       8.79776254       5.30162831
H        1.15484423       7.75619489       3.63949237
H       16.78075059       5.90042301       6.99915017
H        0.63784245       4.67999650       4.75033075
H        2.03031211       5.53045841       4.53634549
H        1.43497038       5.16212682       6.15760777
H       15.17362078       7.77653309       6.90809358
H       15.32408834       9.59118976       5.30320540
H        0.30763050      10.04425161       3.20955865
O       11.70860076       9.99589675       1.36888673
C       12.55218218      10.20773667       4.86025557
C       12.43894558      10.51667554       3.51272144
C       12.31579775       8.85625609       5.27277748
C       11.90572910       9.63149375       2.60884327
C       13.10909859      11.24343613       5.85626457
C       11.68169579       7.96148686       4.36586708
C       11.51878382       8.34161120       3.03738396
H       12.69910946      11.46146132       3.09301415
H       12.66795310       8.48921712       6.26656035
H       13.59272682      10.70081039       6.65964954
H       13.77953770      12.04912280       5.48082587
H       12.20141213      11.65349765       6.36696846
H       11.40329792       6.98778079       4.60356503
H       11.28686826       7.49658450       2.38247715
H       11.17440200       9.49284015       0.89393960
O        8.86066480       2.93897130      16.61478869
C        5.21053041       3.22664559      16.96086666
C        6.46357600       2.57037176      16.91363722
C        5.00441989       4.56684535      16.66205479
C        7.60152295       3.44155583      16.68911938
C        3.92772395       2.38858768      17.24579037
C        6.11584292       5.38572286      16.45473332
C        7.40706085       4.83477072      16.43977772
H        6.58769606       1.46088675      17.13906703
H        4.05089243       5.14449838      16.61986524
H        3.08596369       2.91349348       0.00321554
H        3.51792315       1.97915583      16.25527490
H        4.30762818       1.59702652       0.21087621
H        5.93903331       6.41497948      16.27122386
H        8.25268230       5.46434191      16.28379840
H        9.49540702       3.62787390      16.67082448
O        5.78900328       0.19776614       1.88106984
C        2.51255065      16.43325215       2.72285332
C        3.49783277      17.32779745       2.30887093
C        2.93222997      15.22440368       3.20614705
C        4.89419928      17.05206151       2.39459722
C        1.04312448      16.84153483       2.70698056
C        4.30575140      14.83074309       3.26953559
C        5.25251516      15.80228269       2.89326529
H        3.21101655       0.51342517       1.84780201
H        2.19220010      14.48028169       3.50510415
H        0.38467711      15.95809980       2.54033290
H        0.76323257      17.30426128       3.62284388
H        1.02510940      17.48994013       1.84002723
H        4.73351324      13.92993281       3.68520995
H        6.28874079      15.49655663       2.92099808
H        6.72202951      17.69468485       1.91726811
O        9.40631777       7.75090702      12.78420861
C        6.21511622       9.48309849      12.63489404
C        7.59925514       9.34704687      12.46749342
C        5.40637012       8.42501556      13.15543700
C        8.14640581       8.12188294      12.87735310
C        5.53763297      10.74104596      12.11431006
C        6.07090293       7.25186838      13.49970304
C        7.40243129       7.07824907      13.41737089
H        8.16180089      10.09549823      11.88863481
H        4.29769411       8.64377499      13.20171628
H        6.21888745      11.55114699      11.82806298
H        4.60078212      10.65621749      11.54659021
H        5.17687339      11.17052572      13.03440758
H        5.46063804       6.43678767      13.95063135
H        7.83283099       6.16287401      13.68700419
H       10.07800894       8.34249513      12.33452656
O       15.28113116       8.70180964       1.92330551
C       14.38534258       9.10588475      16.01149345
C       14.34496849       8.69488149      17.35153359
C       15.57363316       9.59705877      15.46540059
C       15.41331975       8.98911421       0.52002407
C       13.06317687       8.89751277      15.14832863
C       16.66463443       9.90697614      16.36448271
C       16.60589085       9.60341375      17.71037110
H       13.50952059       8.12223140       0.00572058
H       15.64060805       9.75731746      14.41190090
H       12.20604778       9.05529594      15.79275060
H       13.01467082       9.58461341      14.39266784
H       13.00623163       8.02614719      14.46980263
H       17.53347415      10.31173952      16.00593374
H       17.47292792       9.88477880       0.65852978
H       15.90424385       9.31692075       2.41536698
O        9.88297108      11.29402419       9.47366156
C        6.52207196      10.50557100       7.96540026
C        7.54185769      11.14045206       8.73265322
C        6.84961207       9.52407386       7.04900414
C        8.92037123      10.80246883       8.57889774
C        5.12215441      10.85598338       8.20044471
C        8.24561442       9.16025281       6.88161546
C        9.24835090       9.79508124       7.66147452
H        7.29197683      11.90870000       9.43726542
H        6.05051833       9.08037198       6.42107131
H        4.77316145      10.06069315       8.89388802
H        5.04749756      11.78684852       8.72327151
H        4.53235386      10.91072660       7.29565008
H        8.36317920       8.31039225       6.17946041
H       10.22989186       9.45071967       7.47760375
H        9.69229010      12.27167012       9.57513077
O        0.70215615      12.36502815       1.84066327
C        0.97419467      13.66706406      16.17474089
C        0.41775511      13.07088876      17.29977316
C        2.36985901      13.89402444      16.05945670
C        1.25638209      12.86743754       0.68387737
C        0.07596307      13.81273807      14.91263557
C        3.20106123      13.70572054      17.24235302
C        2.63505475      13.18809890       0.71853763
H       17.15002110      12.68077629      17.43109551
H        2.75718244      14.32924429      15.18814214
H       17.20464658      14.73110326      14.96169566
H        0.78448819      13.80269702      14.09342354
H       17.18279118      12.99788671      14.73543958
H        4.24750038      14.03458674      17.18602539
H        3.29736890      13.03602213       1.58819035
H       17.52950039      12.68111556       1.96121113
O       16.92556684      15.93117181      12.40044728
C       16.82778861      14.20280541       9.18181199
C       17.20871920      14.64261262      10.46662463
C       15.72160748      14.87987992       8.61084480
C       16.50842280      15.70436512      11.15747294
C       17.38058645      12.92966592       8.54052199
C       15.02981938      15.93504465       9.25485982
C       15.41235545      16.34919741      10.57470429
H        0.31820354      14.20439114      11.11613079
H       15.26586676      14.47528403       7.70244961
H       16.52113645      12.26996610       8.23032821
H        0.10408151      13.33090123       7.63118161
H        0.47655793      12.32159369       9.03524899
H       14.15777436      16.35061917       8.77564305
H       14.86513507      17.04718923      11.16807491
H       16.50140446      16.77619831      12.61579708
O       13.24358064      12.18017283       0.78657264
C       11.68524935      12.01056194      15.12197087
C       11.88633228      11.84426952      16.53753837
C       12.68700694      12.74231448      14.36626583
C       13.04361839      12.40670124      17.17492127
C       10.46421067      11.46273213      14.45842507
C       13.86253819      13.23595298      15.01164608
C       14.05725931      12.96479416      16.40164355
H       11.13074011      11.28619918      17.12146851
H       12.59168526      12.89295520      13.29409300
H        9.57839301      11.36873810      15.10373568
H       10.04391027      12.02976740      13.65383352
H       10.70288027      10.41899069      14.12135028
H       14.70874438      13.59300462      14.47498628
H       14.93588754      13.26026453      16.85279736
H       12.73916934      11.41893266       1.00787784
O       10.15455701       7.39221811      15.37469696
C       12.22738135       4.42772709      14.97283044
C       11.36306697       5.48360486      14.66725359
C       12.75398250       4.28312746      16.25337964
C       10.97154903       6.36226168      15.70222098
C       12.63481514       3.51269337      13.90396708
C       12.39053577       5.21662055      17.27381437
C       11.54629623       6.27940088      17.00812850
H       11.07494319       5.69443258      13.66469731
H       13.40970983       3.42653511      16.48239089
H       12.89283349       2.51763059      14.27443369
H       11.75120883       3.36155926      13.21994662
H       13.53528795       3.98283909      13.36887742
H       12.70419045       5.00703712       0.52623879
H       11.22611985       7.02062683      17.69605724
H        9.77100618       7.28242498      14.53498602
O        4.80232325      15.02305497       8.93600825
C        1.90749149      17.17929353       9.28808487
C        3.21948912      16.61210359       9.51233455
C        1.26112051      17.09049425       8.07026406
C        3.60170187      15.57416427       8.63900647
C        1.35910385       0.46383877      10.35495119
C        1.78466157      16.20748219       7.13666942
C        2.89575460      15.40858626       7.38571216
H        3.70997742      16.84331665      10.44222991
H        0.27327723      17.50737195       7.88871490
H        1.81069549       1.35426629      10.05629017
H        0.23891345       0.56183440      10.28313893
H        1.73934257       0.25233465      11.33926632
H        1.30594066      16.11479353       6.21014262
H        3.39533846      14.84669752       6.62563517
H        5.26419171      14.49118871       8.28128213
O       12.30161393       2.29405924       1.38685919
C       10.48548762      16.83764062       1.37263591
C       11.50286445       0.13137728       1.20865259
C        9.22533851      17.20524489       1.93805520
C       11.20914794       1.48807386       1.55616524
C       10.76271823      15.42939972       0.84843735
C        8.99355828       0.88083255       2.30161817
C        9.97422839       1.89582261       2.10879686
H       12.38085681      17.44895243       0.67836680
H        8.51597048      16.34880045       2.19658533
H       10.97547076      15.32331957      17.47705175
H       11.58272301      15.07647501       1.37192729
H        9.87428602      14.86998222       0.98685014
H        8.15529610       1.18530793       2.87130684
H        9.71004721       2.79299252       2.54374687
H       12.14521927       3.18458802       1.80508367
O        5.79584297      13.51264755       6.82185100
C        8.99677256      14.02718444       5.08970889
C        7.88437369      13.39427565       5.62840411
C        9.07890492      15.45332120       5.03216427
C        6.81124518      14.15825551       6.15461660
C       10.12390641      13.10803294       4.49720232
C        8.05597444      16.19806304       5.53350579
C        6.86428821      15.54758539       6.05930316
H        7.83779271      12.33876097       5.58567268
H        9.88898396      15.97530078       4.56205675
H       10.63452901      12.64153280       5.21457898
H        9.63904072      12.33207277       4.00128832
H       10.81974453      13.67256082       3.89060265
H        8.09241036      17.29296396       5.47111173
H        6.12745375      16.19724113       6.63214154
H        5.99947165      12.60273839       6.90003391
O        6.88386156      15.11026577      10.74418294
C        8.16510597      14.66617983      14.11167353
C        8.05436585      15.04750865      12.75394153
C        7.11115525      14.01730444      14.75374828
C        6.93006763      14.66105859      12.02351541
C        9.46748484      14.73945978      14.87992730
C        5.99876820      13.69088958      14.02377034
C        5.86187650      14.03496837      12.68271828
H        8.88944180      15.53745216      12.18175080
H        7.19190482      13.70435765      15.76965213
H        9.51040122      14.20792114      15.78705825
H       10.39343260      14.31318634      14.42780716
H        9.76448318      15.73020891      15.23582899
H        5.07350872      13.23718426      14.52028923
H        4.94150215      13.81269747      12.11879360
H        5.97562539      15.18829357      10.48386020
O        5.86709229       3.08516630      11.97665236
C        8.81224945       4.96441432      10.57176513
C        8.04555693       4.03378623      11.38368073
C        8.14293485       5.91939263       9.79804236
C        6.63944858       4.04543032      11.39600407
C       10.33197077       5.00082936      10.62748502
C        6.76801597       5.98853625       9.90929948
C        5.97805302       5.11504708      10.72029934
H        8.60769176       3.32947761      11.91817381
H        8.75077957       6.54731547       9.17306149
H       10.48494590       6.14039694      10.74269090
H       10.77774281       4.43115084      11.37497935
H       10.77621441       4.77152845       9.60856702
H        6.29195819       6.81878360       9.38826056
H        4.94234889       5.34918112      10.66865554
H        6.43532312       2.45176266      12.42971903
O       14.77621383       6.04350092       1.75799610
C        0.60730753       5.03479787       1.76910557
C       17.20154462       5.90765332       1.66739521
C        0.47556683       3.65045117       2.07856271
C       15.89419765       5.30971874       1.82874636
C        1.98087378       5.62219050       1.44413299
C       16.90867762       3.10874657       2.19757910
C       15.78784114       3.92486820       2.05856743
H       17.37571251       6.89689291       1.41857640
H        1.33496705       3.00207171       2.12142712
H        2.13875764       5.54565449       0.40968663
H        2.00943181       6.69111536       1.72507736
H        2.76850538       5.06952540       1.99273803
H       16.76174254       2.11508684       2.47230421
H       14.81602696       3.39205287       2.14885034
H       14.94966722       7.01870838       1.89973634
O       15.75796462       0.58281346      13.05645318
C       15.90256690      17.43371026      16.58942260
C       15.82997753      17.34369711      15.23367888
C       15.94528074       1.03351048      17.22448894
C       15.86279272       0.76248807      14.43166987
C       16.02991813      16.18193337      17.32972936
C       16.11515963       2.15503238      16.33369622
C       16.07520098       2.02435957      14.95212200
H       15.60145708      16.40781598      14.76473649
H       15.97660971       1.03408356       0.58454787
H       15.26478487      15.41573992      17.10320356
H       16.91644108      15.59640208      17.10030856
H       15.99057106      16.44588361       0.73616676
H       16.23050090       3.03532935      16.80023260
H       15.92796533       2.85378614      14.32498443
H       16.04012150       1.40414851      12.61484064
