512
Lattice="17.7128441229 0.0 0.0 0.0 17.7128441229 0.0 0.0 0.0 17.7128441229" Properties=species:S:1:pos:R:3 pbc="T T T"
O       11.58469846       3.91443443       4.59843184
C        9.82626565       2.92930867       7.67439308
C       10.30328646       2.93901986       6.37862278
C       10.14275106       3.98573270       8.56585631
C       11.18245025       3.93664603       5.88399942
C        8.84213382       1.84714045       8.08957200
C       11.04791414       4.98838345       8.07397104
C       11.51873694       4.98815260       6.73595004
H       10.20351556       2.05279365       5.73288170
H        9.83973787       3.89280286       9.60771178
H        8.37347786       1.45148626       7.24182302
H        9.28327188       1.07383474       8.74119631
H        8.24635766       2.33109666       8.87260981
H       11.39734336       5.82376431       8.62739901
H       12.16349571       5.78001972       6.41576558
H       12.26626339       4.57290377       4.42412059
O        6.96606581       4.97332429       2.39620858
C        9.00898883       7.33044164       4.34998780
C        8.43133099       6.69651029       3.24013346
C        8.81555825       6.72868731       5.63607405
C        7.61285072       5.52184793       3.40132528
C        9.76076713       8.60512102       4.12245248
C        8.16110024       5.50363283       5.76713906
C        7.54764355       4.91860711       4.64815667
H        8.44797501       7.20151884       2.25579866
H        9.23642364       7.20200969       6.48228339
H       10.77793368       8.53386001       3.71804092
H        9.21549082       9.12227054       3.40381633
H        9.69546932       9.18385940       5.06371034
H        7.93384547       5.11526408       6.74727045
H        7.08339079       3.96929066       4.72138756
H        6.68843351       4.07556412       2.66557504
O        0.61981761       1.28494428      10.97211529
C       14.94989969       1.50608977       9.42476598
C       16.15137063       1.98166128      10.10094099
C       14.78444482       0.12622425       9.09343869
C       17.09656235       0.97741863      10.40932491
C       13.89929874       2.48404915       8.89421886
C       15.73355055      16.86229810       9.46447655
C       16.86716454      17.32240362      10.10689404
H       16.34126013       3.10435566      10.25020894
H       13.92661246      17.53943989       8.47515479
H       14.29022904       3.39656744       8.71597101
H       13.32357845       2.11290923       8.02862607
H       13.14322740       2.65618813       9.63060521
H       15.69877770      15.84207005       9.14748722
H       17.53558116      16.60191023      10.48228642
H        0.52034078       2.14786606      11.45431931
O        3.28550825       4.80216254      11.32351115
C        2.25413072       3.94193883       7.89327934
C        2.23479097       4.15236065       9.31045063
C        3.46190863       4.24364885       7.15886385
C        3.41048675       4.59754095       9.97056656
C        1.09133778       3.19433966       7.27895506
C        4.66471514       4.58516371       7.86718075
C        4.60699480       4.77461241       9.26940171
H        1.35558134       3.98436476       9.85993500
H        3.49120906       4.08521611       6.11626904
H        0.41985228       3.88666455       6.71380413
H        1.42218600       2.52422424       6.48922962
H        0.52169880       2.79825141       8.09514370
H        5.69113572       4.59159836       7.31494894
H        5.55566991       5.10500257       9.74322353
H        4.09988155       4.58647630      11.80379817
O       12.07190152       9.13161679      11.22907414
C       15.72205601       9.64825040      10.71823952
C       14.35336100       9.91089264      10.81468090
C       16.21319747       8.39755067      11.15924548
C       13.44027552       8.88876653      11.19151262
C       16.68299291      10.66066068      10.24674419
C       15.28275330       7.42661941      11.64414578
C       13.89606236       7.62249489      11.58712897
H       14.07802169      10.89901682      10.67787675
H       17.23176094       8.04586564      10.97290461
H       17.66929067      10.65561397      10.77094570
H       16.85985522      10.53288713       9.19813728
H       16.33820957      11.70355684      10.38536479
H       15.69478986       6.48392444      11.93923706
H       13.21239447       6.88220876      11.89009769
H       11.74511399       9.92132007      11.60648465
O       16.33497325      12.40426570       2.60501632
C       15.74181401      13.93524890       5.91144954
C       16.23875922      13.09229242       4.91034427
C       15.05903093      15.09949658       5.53177098
C       15.93828098      13.32654290       3.53615929
C       15.89321706      13.53740438       7.37647485
C       14.79073992      15.36757568       4.17095251
C       15.21357309      14.45166329       3.19899015
H       16.82735034      12.25611701       5.20258999
H       14.69592367      15.90388799       6.14483477
H       15.85862328      12.44094563       7.50012221
H       16.70615064      13.97431472       7.92036759
H       15.02565181      13.84150885       7.87889488
H       14.18638838      16.19276315       3.77980454
H       15.05122143      14.62199178       2.14355898
H       15.68899562      12.35849274       1.90799835
O        2.67040150       8.85193991       2.90306611
C        2.94862799       5.16125055       3.34217639
C        3.22672325       6.52843922       2.96025715
C        1.77438232       4.92010193       4.10118418
C        2.32798780       7.58359746       3.29563890
C        3.88555668       3.99643648       2.99939817
C        0.87621198       5.98958865       4.45835273
C        1.12767482       7.30463158       4.01867815
H        4.06706321       6.73583310       2.36158158
H        1.59679697       3.93449705       4.47258045
H        4.57340863       4.28130234       2.25878273
H        4.54902112       3.79544049       3.73875262
H        3.36404498       3.12404482       2.49310251
H       17.66884425       5.61905918       4.86377794
H        0.43412029       8.11865913       4.14233501
H        2.05601356       9.38851094       2.36664499
O        2.83572536       7.75394364      10.75218081
C        2.36673243      10.49346527       8.30155313
C        2.32822115       9.81384105       9.55754470
C        2.55123596       9.78657739       7.12162766
C        2.64060185       8.46704169       9.56607054
C        2.05965243      11.98261460       8.24298687
C        2.86093143       8.42231828       7.16851486
C        2.83902103       7.70613898       8.37672595
H        2.23664149      10.27285179      10.48794493
H        2.65204021      10.21785726       6.15099901
H        2.82851402      12.64134686       8.63572487
H        1.75170935      12.24356276       7.17559322
H        1.07320961      12.04062187       8.78114720
H        3.08117873       7.82306369       6.25122913
H        3.11296347       6.65259508       8.42179387
H        3.04609563       6.86233869      10.63650417
O        0.47106885       3.88063809      11.93038492
C       15.30686034       4.68652313      14.11378746
C       16.12059362       4.23430907      13.04246850
C       16.00219984       5.34453218      15.18617165
C       17.51762270       4.35378306      13.02549616
C       13.83724757       4.58154867      14.06073914
C       17.37787867       5.48190201      15.08351549
C        0.42060562       5.04932559      14.05073135
H       15.53073353       3.67225806      12.36608325
H       15.54382817       5.57885852      16.13421015
H       13.44429249       3.81531076      13.45759671
H       13.41734302       4.58113362      15.04473248
H       13.50678009       5.43374851      13.60884309
H        0.14266831       5.97417905      15.98878149
H        1.50086410       5.33799172      14.05637853
H        1.18324416       4.45751243      11.79861191
O        7.91036357      16.92025191      11.84121489
C        4.65549088      17.33923366      10.16188624
C        5.82615496      16.71381270      10.64645650
C        4.49329014       1.04650987      10.28295452
C        6.83663243      17.47371645      11.29668293
C        3.53855347      16.48405210       9.57311200
C        5.59685997       1.79803456      10.88049987
C        6.67239769       1.15281805      11.47046171
H        6.02655573      15.70915661      10.49769385
H        3.58875271       1.41002461       9.80030907
H        3.06789410      16.98790532       8.73025912
H        4.02227084      15.64011903       9.21036540
H        2.66140944      16.30369225      10.22767495
H        5.53667234       2.87725988      10.89266686
H        7.44520359       1.78962561      11.85527849
H        8.38350283      17.42020714      12.49512967
O        2.14441271       6.96527065      17.59813794
C        5.49144572       7.49474842      16.26801125
C        4.43562975       7.33778627      17.17791371
C        5.19118924       7.42309449      14.91040730
C        3.15034427       7.19983150      16.70250957
C        6.91876715       7.57014292      16.71113769
C        3.80241090       7.31774863      14.46146648
C        2.78000696       7.33053584      15.39638228
H        4.59538333       7.35770745       0.49867465
H        5.92202716       7.66732807      14.11353633
H        6.96569270       7.41662966       0.08981216
H        7.31748489       6.63026640      16.35088864
H        7.29615933       8.49598933      16.25828725
H        3.58360219       7.38161450      13.38613210
H        1.76862142       7.31184103      15.07347086
H        2.35610340       7.33240578       0.71582298
O        7.06297014      15.12980554       5.75267905
C       10.24437229      16.58661634       6.76478680
C        9.18327546      16.13567918       6.00985189
C       10.16898654      16.42454328       8.14071240
C        8.03104030      15.56731918       6.58813534
C       11.46371485      17.35176285       6.18857183
C        9.00753425      15.90780204       8.74837911
C        7.92935438      15.45229198       7.98610046
H        9.34025722      16.28547668       4.91440758
H       10.89005960      16.80987110       8.78592453
H       11.25529044       0.02758153       5.11759412
H       11.54929303       0.46253524       6.90631660
H       12.37695034      16.71976928       6.11842951
H        9.05143412      15.64808651       9.81177864
H        7.16694750      14.78832140       8.43223124
H        6.23633988      14.89967423       6.16886385
O       10.41712225      10.64105560      17.08245560
C        7.05182519      10.68180697       0.82698703
C        8.34710494      10.26350081       0.60634655
C        6.40780802      11.66282639       0.05874265
C        9.10626307      10.95963551      17.31944499
C        6.19826576      10.08981947       1.91151127
C        7.22702528      12.35033663      16.85628112
C        8.57123535      12.04544095      16.67190873
H        8.65298512       9.45718789       1.17405859
H        5.32801511      12.00664336       0.05548519
H        5.35569995       9.39844827       1.56229908
H        6.86511495       9.51986750       2.53752971
H        5.69831214      10.89657736       2.46912149
H        6.83062809      13.25671670      16.38995873
H        9.09290397      12.69004903      15.95021005
H       10.68635485      11.01568320      16.26569916
O        8.99391081       0.91106756      13.90144242
C       12.69367454       0.66439224      13.33565264
C       11.28210046       0.65535292      13.06343254
C       13.16521137       1.28059567      14.51743974
C       10.31680746       1.15081393      13.98800687
C       13.67811572       0.06822016      12.34963698
C       12.18929345       1.83865648      15.43244204
C       10.88416137       1.78767337      15.10583196
H       11.05885110       0.15634678      12.12813534
H       14.20726018       1.39147902      14.68309756
H       13.18727785      17.45504087      11.43525312
H       14.40470069       0.82627509      12.15062219
H       14.18383448      16.98937481      12.83378971
H       12.53255870       2.34836798      16.35380053
H       10.20292338       2.19092798      15.79931389
H        8.52376351       1.47852452      14.52573242
O       14.16381898       7.37224088       3.83643851
C       15.40134075       7.00544537       7.31342114
C       14.75768637       6.72927038       6.07128031
C       15.97007243       8.33766203       7.53802502
C       14.63811127       7.73383026       5.11411336
C       15.74352928       5.84480142       8.21356878
C       15.89205656       9.29401911       6.48744295
C       15.19836673       9.01772451       5.31060843
H       14.46871977       5.69755797       5.87354427
H       16.52537892       8.47733199       8.43864858
H       16.45626677       6.28390110       8.88527786
H       14.95288077       5.44952808       8.79194158
H       16.21818279       5.01630699       7.64759210
H       16.30941995      10.28969129       6.52889718
H       15.14497478       9.69893039       4.46042548
H       14.06622013       8.25271295       3.44111176
O       11.76666079      10.81923539       2.11393227
C       12.02260559      11.92414915       5.52122579
C       12.25328503      11.25753068       4.36060209
C       11.08546032      12.99339328       5.56051013
C       11.47532830      11.55511625       3.19293219
C       12.91889712      11.50790885       6.70985170
C       10.21308092      13.20310373       4.44602567
C       10.38653885      12.47967718       3.20604757
H       13.14076440      10.53374638       4.30113523
H       10.91065556      13.47746198       6.58809197
H       12.49394786      10.54837312       7.18113877
H       13.93856424      11.39524895       6.35697283
H       13.06552160      12.30889019       7.38164361
H        9.38655467      13.90296150       4.55357449
H        9.66969751      12.73934042       2.36809712
H       11.06370309      10.83128024       1.47482880
O        7.77168304       2.60961052      15.64930138
C        4.17536431       2.48225843      15.04505393
C        5.58950007       2.26151699      14.89459351
C        3.64826681       3.41235889      16.01470224
C        6.44331142       2.89906043      15.82538471
C        3.21480748       1.77663192      14.08231145
C        4.48793840       3.96904302      16.97993615
C        5.89485826       3.77408967      16.78103721
H        6.01744223       1.55115600      14.20031997
H        2.61719906       3.68202862      16.10312582
H        3.58431193       1.07810496      13.34473768
H        2.45634919       1.24530874      14.72052798
H        2.59022197       2.52040467      13.56256115
H        4.12858392       4.64901354       0.08368853
H        6.67306468       4.36066635      17.41773648
H        8.31394035       2.97095204      16.39947189
O        6.95875088       2.07796115       2.29420060
C        5.05619125       0.54749333       5.08980642
C        6.03186731       1.29764331       4.38698986
C        3.87167372       0.10689264       4.43546398
C        5.95897978       1.44434509       2.99476877
C        5.23226271       0.38746198       6.65062023
C        3.75576104       0.28431184       3.03561883
C        4.84889207       0.87541128       2.31076683
H        6.88506878       1.64731175       4.96666224
H        3.16824176      17.24502471       5.02578549
H        4.97025446       1.46765387       6.86859795
H        4.53970224      17.38230834       7.09520145
H        6.21022470       0.02764923       6.94170028
H        2.89418143      17.64350314       2.48151013
H        4.86091943       0.83705119       1.22296285
H        7.79489242       1.80173088       2.62724058
O       11.33509220      12.34675843      14.73972806
C       12.20206210      13.28186653      11.18541289
C       12.31294196      13.26067306      12.58558692
C       10.86992095      13.13979536      10.60136799
C       11.23924672      12.73127115      13.40731894
C       13.45080692      13.66821894      10.39148780
C        9.82043483      12.65892407      11.34262962
C       10.03245312      12.31993678      12.71839139
H       13.24535825      13.55818567      12.99552637
H       10.75710851      13.34081430       9.53340445
H       13.97460901      14.39004070      11.00167204
H       14.27117519      12.91829071      10.33351384
H       13.35501905      14.11180644       9.36387957
H        8.93782303      12.25218550      10.80103552
H        9.30153902      12.02188428      13.33982792
H       12.04118984      12.74068249      15.20309538
O       13.95889783       9.27376955       1.70614626
C       14.95974699       9.68097275      15.89705286
C       14.12200909       9.52092940      17.04532361
C       16.32338593       9.30944518      15.95233690
C       14.74326392       9.15285571       0.55720029
C       14.48108298      10.28814524      14.57467019
C       16.80142789       8.72540319      17.13641174
C       16.11661654       8.78105402       0.63254692
H       13.01934010       9.72297970      17.00549066
H       16.95233441       9.55401968      15.13412948
H       14.72777694      11.30107827      14.36673610
H       14.94219785       9.66003273      13.85411276
H       13.40565527      10.06370532      14.45076651
H        0.12723359       8.36757228      17.14049550
H       16.58064655       8.60393427       1.53551243
H       13.35477026       9.93863119       1.56440913
O        7.01724795      12.26312772       5.06952566
C        8.28479039       9.91550389       7.67356479
C        8.27178118      11.03419202       6.79409535
C        7.30791067       8.94455684       7.55267258
C        7.12405138      11.18894447       5.93091316
C        9.41367117       9.72989096       8.64640532
C        6.20004346       9.11718270       6.61102386
C        6.11157389      10.24943006       5.82544384
H        9.04773680      11.77411779       6.96048526
H        7.24014805       7.93318725       8.11890616
H        9.53213143       8.67865502       8.89843996
H       10.39694165      10.02356723       8.28630130
H        9.29424449      10.21915394       9.65838083
H        5.51144146       8.34103594       6.51172810
H        5.15271277      10.36751925       5.31269488
H        7.56485555      12.99639257       5.18933897
O        1.04266316      10.71046141       1.79908418
C        1.43829718      13.06627336      16.74714858
C        0.90137902      12.46315661       0.20379089
C        2.64983439      12.59499124      16.15663138
C        1.57466124      11.29721806       0.71111003
C        0.74064031      14.29283435      16.16744526
C        3.24520463      11.43866308      16.58938267
C        2.65516678      10.73615571      17.67210374
H        0.00451474      12.87470411       0.64886889
H        3.23927881      13.02424644      15.33257512
H       17.37959033      13.97057785      16.10430646
H        0.88459782      15.10522514      16.86426435
H        1.11164997      14.68611907      15.16804767
H        4.11581298      10.96070582      16.15017809
H        3.15628594       9.80522239       0.25429731
H        0.11076655      10.98805412       1.88251799
O       16.37872286      14.20990158      13.01595249
C        1.41680526      11.63103148      12.98350904
C        0.12279455      12.26696926      13.20818824
C        2.52415955      12.38983806      12.55278800
C       17.63900785      13.60151568      12.89299418
C        1.58378058      10.11141933      13.16765373
C        2.29099159      13.74405260      12.42041616
C        1.05820125      14.30180745      12.35605990
H       17.08312099      11.61471625      13.49763821
H        3.55194439      12.09114083      12.49786510
H        1.18908239       9.74655382      14.10082972
H        0.97160697       9.59501882      12.43995886
H        2.60984607       9.73731243      13.09584223
H        3.10579520      14.41192440      12.16470145
H        0.99773400      15.29303477      12.03158770
H       16.46585898      15.18812047      12.98693982
O       13.85609127      12.33599171       0.97410632
C       12.02440512      14.69972182      16.40176635
C       12.21230291      13.83067588      17.45370412
C       13.13800184      14.80836091      15.44076975
C       13.47010516      13.10282527      17.62912712
C       10.70347914      15.37689625      16.10067576
C       14.30745751      14.14683542      15.60148920
C       14.51231522      13.42773324      16.75523846
H       11.42780148      13.76809445       0.50341107
H       13.08848403      15.48171856      14.62272288
H       10.56994332      15.92212111      15.14545914
H        9.92750670      14.68454479      16.08081716
H       10.34210523      15.99821085      16.79198423
H       15.07653999      14.46192729      14.88735420
H       15.42407680      12.80640553      16.90601826
H       13.10145468      11.98796593       1.44057783
O        9.17874841       3.54571120       0.34797019
C       10.91351691       6.33031213      16.49250718
C       10.14460018       5.18969082      16.61196000
C       11.59608441       6.95617809      17.58804913
C       10.00213307       4.61299542       0.17196555
C       10.88390614       7.16794646      15.27984753
C       11.46245461       6.29823364       1.15905141
C       10.62850524       5.17479925       1.29102488
H        9.42175547       4.82138414      15.85669326
H       12.07443842       7.96237487      17.47191602
H       10.84290272       8.22785633      15.64696809
H       11.77147226       7.09152811      14.74085977
H        9.98082068       7.12354978      14.60968352
H       11.92575718       6.69930017       2.12696118
H       10.38184555       4.72602812       2.27550425
H        9.03305728       3.41787338       1.29653786
O        4.84157239      13.54449493       6.85624373
C        1.76505993      14.94073936       5.45776692
C        2.85168281      14.71346806       6.28725748
C        1.69874031      14.26087171       4.25409942
C        3.88158793      13.74480975       5.96180964
C        0.72147876      15.97735425       5.82697549
C        2.70908490      13.35072534       3.87311727
C        3.72174231      13.03303125       4.75542462
H        2.91749267      15.13537205       7.28400023
H        0.91344998      14.54500343       3.54420508
H        1.29317457      16.83873611       6.07605542
H        0.00822576      16.31347807       5.09925908
H        0.13827780      15.65783987       6.73647416
H        2.65920235      13.00934952       2.81329017
H        4.49875740      12.46864154       4.26792444
H        4.80047346      12.75682069       7.39493029
O        9.49739849       2.43918269       3.15717586
C       12.31586756       0.78266265       1.63658530
C       11.45233501       1.78476238       1.99490669
C       11.97303344      17.10543005       1.75130184
C       10.23184991       1.47414111       2.52272103
C       13.63450210       1.19025008       1.14079664
C       10.74209031      16.76882038       2.35449276
C        9.84871949       0.12309003       2.69879125
H       11.74089166       2.81281537       1.92961048
H       12.66405828      16.33029297       1.54432046
H       14.45615219       0.68298555       1.76777772
H       13.69998444       0.87467422       0.15535702
H       13.76789442       2.27307418       1.03583282
H       10.58651881      15.67558482       2.48023212
H        8.90039608      17.58060196       3.20371913
H       10.00376316       2.95571326       3.73513089
O        4.28912836      15.52986345      15.43281667
C        6.13257199      15.22170302       0.86291117
C        5.10415723      15.13274619      17.62837093
C        7.36839270      15.80652654       0.51522352
C        5.35191805      15.69834414      16.34044849
C        5.95166037      14.38478426       2.15370666
C        7.56798456      16.34061872      16.94525163
C        6.57968819      16.36845758      15.94905010
H        4.06150095      14.80034957       0.07871598
H        8.14648708      15.82017893       1.23192451
H        6.73341469      13.67578981       2.23438170
H        5.92137617      15.04784723       3.01590743
H        5.12095331      13.76172312       2.06883391
H        8.48156362      16.79589531      16.74434627
H        6.70458435      16.85766075      14.95763727
H        3.57447625      15.09200029      15.84465386
O        5.67801284      11.68838708       8.53330547
C        6.22352073      12.46734934      12.09309166
C        5.86486810      12.59434776      10.72172248
C        6.34506132      11.17301077      12.64519535
C        5.78016365      11.47193691       9.91142082
C        6.33117238      13.78964777      12.87973504
C        6.21747211      10.02736982      11.79896489
C        5.88364283      10.19963861      10.46751926
H        5.62697928      13.55334546      10.29653123
H        6.56290429      11.00869526      13.65742388
H        5.56269594      14.49960896      12.46562760
H        6.10604112      13.57731633      13.91580612
H        7.30387559      14.31024772      12.72809930
H        6.32275269       8.94134219      12.10119529
H        5.88084057       9.31302237       9.89405755
H        5.96373776      10.87237725       8.06310806
O        5.47459041       4.98883900      12.66095420
C        9.15473977       5.34423333      12.36250775
C        7.88037292       4.83278712      12.75834259
C        9.23984577       6.49356678      11.61200586
C        6.73674099       5.50392626      12.37125829
C       10.46667619       4.65459674      12.70055033
C        8.02821313       7.06098030      11.08017977
C        6.80609694       6.54321944      11.48670550
H        7.90582153       4.04669118      13.51932479
H       10.21789604       6.96031185      11.32913445
H       10.80610623       4.75654334      13.65653888
H       10.39297333       3.65877504      12.58447063
H       11.19472157       5.01704563      12.02100354
H        7.92630688       7.85080535      10.32813366
H        5.77851532       6.90215114      11.18723267
H        5.56554050       4.41230579      13.42268038
O       14.01475262       4.55278297       3.66939737
C       17.22737399       3.50675182       2.16951207
C       16.11551230       4.30469677       2.58967964
C       17.41692919       2.24143673       2.73467814
C       15.14603356       3.81293510       3.44244359
C        0.42389462       4.03360453       1.11533409
C       16.52609023       1.77208215       3.72606145
C       15.37076951       2.52365341       3.99835419
H       15.99530588       5.31392700       2.21661919
H        0.50817243       1.60379672       2.50843643
H       17.63045179       4.62296896       0.33049372
H        1.11062122       4.75720220       1.55200022
H        0.91520091       3.16426954       0.71686667
H       16.81017829       0.81638023       4.24510366
H       14.65561758       2.12114932       4.75109678
H       14.16009767       5.50454835       3.61042896
O       16.63534868      16.90374529      12.99308554
C       16.41249975      17.37778532      16.63555653
C       16.53079938      16.78127921      15.42530960
C       16.60608554       1.06746077      16.72221488
C       16.67006912      17.50800972      14.23619579
C       16.07485277      16.62072928       0.18402793
C       16.92168997       1.85727410      15.58031586
C       16.93127757       1.25336874      14.31766325
H       16.48302069      15.67630890      15.43030675
H       16.46297988       1.67637733      17.62598248
H       14.96293913      16.51862917       0.43130300
H       16.61237090      15.64864199       0.18879427
H       16.47220019      17.22323517       0.99190369
H       17.01222570       2.89689294      15.67393514
H       17.03771040       1.76010896      13.41827661
H       16.62587614      17.58019368      12.30098111
