512
Lattice="17.7128441229 0.0 0.0 0.0 17.7128441229 0.0 0.0 0.0 17.7128441229" Properties=species:S:1:pos:R:3 pbc="T T T"
O       12.95000737       2.51614476       3.69740065
C       10.56924058       2.50733584       6.54714009
C       11.40276997       2.04064025       5.48403415
C       10.76071778       3.86184779       7.04196219
C       12.35190619       2.88983164       4.86048117
C        9.44130324       1.60179631       6.98586240
C       11.80548145       4.72631511       6.51038724
C       12.59630691       4.16371993       5.40669675
H       11.20702904       1.07618608       4.98215900
H       10.21286690       4.17354186       7.96304726
H        9.22072931       1.55807033       8.08390290
H        8.60246108       1.96157796       6.47328194
H        9.71910471       0.53325842       6.61228493
H       12.01605040       5.75398441       6.93379741
H       13.33866247       4.90086241       5.02917687
H       13.57528294       3.13605314       3.26261742
O        5.37320224       2.89216593       3.51768655
C        8.26175009       5.12252198       4.28058696
C        7.37216883       4.24388143       3.59322385
C        7.87922606       5.46942504       5.63476192
C        6.14086083       3.83288434       4.17587868
C        9.59269884       5.65033697       3.73259253
C        6.69469032       5.00708371       6.22479791
C        5.80016851       4.21849724       5.50743057
H        7.58481815       3.73210368       2.61899639
H        8.59483308       6.13464587       6.10637343
H       10.01440070       4.77011291       3.29910045
H        9.30924017       6.32109372       2.88197404
H       10.27158896       6.10418768       4.50727507
H        6.46018653       5.35754958       7.26221589
H        4.94972000       3.84999240       6.00552527
H        5.73147357       2.61894639       2.70767535
O       15.84224337       3.85714264      11.77656784
C       15.65324285       2.24886680       8.45936405
C       16.17326358       2.75481868       9.64666698
C       14.27534938       2.14060819       8.34358177
C       15.31758982       3.23558606      10.66031832
C       16.62853076       1.90697875       7.37339340
C       13.40012262       2.55962109       9.35439451
C       13.93539031       3.08676874      10.57454550
H       17.26083125       2.82942628       9.58486042
H       13.81156560       1.74572783       7.51830266
H       16.23174185       1.33998799       6.53248886
H       17.06329260       2.73972449       6.84243139
H       17.42608990       1.21864537       7.69837736
H       12.40011585       2.32343158       9.10252834
H       13.27856297       3.49300305      11.41682383
H       16.70562201       4.29155324      11.51650486
O        3.42383746       3.44278930       9.39634661
C        3.36988165       1.49064176       6.25568411
C        2.98341710       2.40709564       7.26449664
C        4.62569217       0.86151831       6.27630548
C        3.83545745       2.62550404       8.37431854
C        2.36990408       1.28317262       5.15469197
C        5.46161823       1.10952540       7.37342180
C        5.08841538       1.98289206       8.39617281
H        2.02632252       2.87256188       7.23573032
H        4.78837288       0.15685259       5.43532293
H        1.76421902       0.45944376       5.25269176
H        1.57852597       2.10738443       5.28795949
H        2.79740645       1.53391021       4.14024095
H        6.43316122       0.60800612       7.45171282
H        5.87059930       2.14000626       9.24740341
H        4.10181887       3.44430464      10.08989615
O       10.71758649       8.20208145       9.93157012
C       13.90708236      10.02574358       9.97257891
C       12.51509328       9.77379319      10.03470677
C       14.73399981       8.96601394       9.68269398
C       12.03362708       8.45876317       9.94193281
C       14.41347100      11.45242120      10.04493923
C       14.23012049       7.63318732       9.58230110
C       12.89440225       7.35131657       9.72379604
H       11.78741627      10.53460816      10.29825663
H       15.73561377       9.21058740       9.54779384
H       15.21246645      11.45236837       9.34064673
H       13.63160170      12.27804602       9.71693948
H       14.72003785      11.68978577      11.03648831
H       14.92309797       6.76692381       9.45367414
H       12.57536043       6.36842965       9.75999828
H       10.21985123       9.00263827       9.82483282
O       15.26576344      12.52038538       2.76105996
C       15.06574626      15.80173550       4.41928328
C       14.81910170      14.73454632       3.51856276
C       16.14294102      15.77670508       5.29323143
C       15.58064321      13.56300206       3.66148269
C       14.14520875      17.01070458       4.36611170
C       17.00363996      14.66613077       5.34445265
C       16.62475580      13.53043851       4.60439660
H       14.10857794      14.86262853       2.64962336
H       16.42131455      16.74421596       5.81565722
H       13.24923722      16.81245630       3.70990962
H       13.92997572      17.39103290       5.35290792
H       14.63615611       0.12993966       3.90570030
H        0.07080049      14.61542987       6.10585360
H       17.21267174      12.69566775       4.76169446
H       14.46554745      12.71147049       2.18829606
O        2.04635954       9.77519405       2.08906437
C        5.40034853       9.69099933       3.58412775
C        4.38154236       9.43683042       2.70178736
C        5.30385498      10.79970283       4.47156458
C        3.15942831      10.18867103       2.83140588
C        6.69778925       8.97683162       3.35049795
C        4.13540891      11.65305267       4.51270515
C        3.07531757      11.23486392       3.73716291
H        4.28980345       8.68716840       1.90275540
H        6.22004710      11.22810656       4.91205201
H        6.61047383       7.86938317       3.27906985
H        7.08901119       9.34312855       2.39373406
H        7.40314162       9.23031085       4.15830752
H        4.07170735      12.39522122       5.25526068
H        2.14397891      11.72101325       3.85661651
H        1.17956772       9.97362968       2.46118509
O        1.41338390       5.14415578       8.93007669
C        1.41998729       8.46579514       7.32000368
C        1.08135878       7.42805056       8.18670456
C        2.55170265       8.33919327       6.53576573
C        1.75659891       6.19437865       8.13691341
C        0.73489836       9.85242681       7.49570343
C        3.13430741       7.07797677       6.36915666
C        2.76969283       6.02752723       7.16533011
H        0.16754156       7.53685757       8.78114483
H        2.92684019       9.16048957       5.87334387
H        1.43758160      10.64164027       7.54148131
H        0.20533140      10.07296190       6.53564662
H       17.69196262       9.89868414       8.29194383
H        4.04054739       6.94849012       5.74278247
H        3.32477593       5.09107748       6.99454616
H        2.08601868       4.44292811       8.91454378
O        0.32480328       5.42269099      11.38212210
C        1.49034911       5.89976158      14.87991659
C        0.70270163       5.93950217      13.71953525
C        2.73841166       5.24817991      14.91239983
C        1.08461021       5.33255237      12.52069727
C        1.03427490       6.50231636      16.13185118
C        3.11225083       4.58371838      13.72706088
C        2.31055457       4.64056214      12.55943835
H       17.47281909       6.51771013      13.85945950
H        3.26249856       5.29057923      15.83154242
H        1.87811075       6.78502420      16.76967360
H        0.39797049       7.42875286      15.86270696
H        0.26293835       5.85662087      16.58242882
H        4.01243268       3.99988912      13.71584360
H        2.61969907       4.17663996      11.67098054
H        0.88670986       5.42362604      10.60279081
O        6.48738936       1.29923443      13.15605446
C        3.73470969      17.42107110      14.86738585
C        4.51666705       0.67365114      14.12038175
C        4.37306959      16.37572226      15.62217850
C        5.90858809       0.45717660      13.98730127
C        2.33143106      17.63506070      14.90412193
C        5.77566984      16.36279085      15.59789446
C        6.57565192      17.20154724      14.73826880
H        4.06150590       1.32268019      13.37194125
H        3.78924763      15.77930222      16.24771640
H        2.04061255       0.74700629      14.25347803
H        1.91334724      16.79833983      14.48329284
H        1.93107713       0.01953705      15.93820814
H        6.27295294      15.73001776      16.25988294
H        7.68298906      16.93987721      14.72142531
H        7.33488775       1.55497403      13.56776104
O       16.41741074      11.63334150      13.31856339
C        1.77984103       9.75070279      13.99232477
C        0.64194095      10.49842314      14.24039153
C        2.01412287       9.21020953      12.70011882
C       17.49420875      10.83010908      13.10150962
C        2.87368497       9.55335776      15.09906302
C        1.11025521       9.47691379      11.61357620
C        0.02911258      10.32322709      11.86428629
H        0.47523542      10.97576819      15.20536552
H        2.93976454       8.68464463      12.52811669
H        2.44580684       9.40829582      16.06964251
H        3.33905478       8.58995262      15.03708085
H        3.68629183      10.17417630      15.15817085
H        1.24658736       9.25993772      10.49672223
H       17.05345539      10.61024261      11.04512253
H       16.44755047      12.07300407      14.23855603
O        9.51634807      13.82816114       9.56872421
C       12.38692128      13.51076322       7.21779465
C       11.24965011      13.17221072       8.00832964
C       12.82112093      14.82901285       7.11360997
C       10.50586505      14.12243995       8.66703793
C       13.16441527      12.50963397       6.43729648
C       12.08626154      15.80704266       7.79474342
C       10.90163847      15.44730288       8.46871401
H       10.99799600      12.11797368       8.18529351
H       13.67684549      15.13250385       6.57848255
H       12.53074994      11.98837095       5.68875857
H       13.87744464      12.99811374       5.90232986
H       13.70651250      11.84468795       7.04174052
H       12.33105790      16.87477507       7.71568952
H       10.37575657      16.31655784       8.85526533
H        9.22940930      14.58950951      10.13080042
O        9.62997134       9.94701376      17.03171723
C        6.32391911      11.42697175      17.58024010
C        7.72610047      11.21836226      17.55904239
C        5.49405852      10.35418829      17.20264065
C        8.26403904      10.01763244      17.14875377
C        5.82144958      12.59484187       0.65784830
C        6.03270936       9.14926170      16.72265494
C        7.44541504       8.99255243      16.63742027
H        8.33112685      12.00244386       0.33960257
H        4.44931829      10.38308846      17.42978438
H        6.63449974      13.27400264       0.98275832
H        5.12986827      13.17981654       0.10178403
H        5.34458721      12.14379402       1.54553957
H        5.40055843       8.34390815      16.35326563
H        7.85266235       8.13132671      16.11424528
H        9.96711497       9.13272116      16.58275265
O        8.85044063       1.99659057      14.23188325
C       11.48895597      17.71091926      12.64602104
C       10.21181613       0.63206174      12.86886380
C       12.50268361      17.68912808      13.65475918
C       10.03034560       1.37388402      14.05503263
C       11.74664998      17.02478666      11.34812752
C       12.27948386       0.72558097      14.85045994
C       11.00956997       1.32938310      15.09421215
H        9.44527636       0.74770759      12.15470246
H       13.48748690      17.19716874      13.67698687
H       11.24422247      17.51229628      10.51350440
H       12.82693590      16.81493055      11.22072896
H       11.35644239      16.04761690      11.48736623
H       13.03632639       0.81700811      15.55170889
H       10.86188408       1.77955356      16.15098203
H        8.88278075       2.40561663      15.08380709
O       17.64634678       9.04237761       3.84706393
C       15.78767550       6.81957609       6.07118693
C       16.78522067       7.34841697       5.17792991
C       14.62992193       7.63560892       6.33449087
C       16.65507144       8.67680290       4.67793048
C       15.90830658       5.41370070       6.54013110
C       14.53082438       8.95409920       5.88242706
C       15.51629803       9.48086173       5.04875210
H       17.62511850       6.78215611       4.82990889
H       13.81314443       7.38160905       7.03631465
H       16.01423934       4.62445798       5.83003233
H       16.79263941       5.31015036       7.11369004
H       15.08834364       5.34104487       7.24560799
H       13.67928511       9.49413739       6.20196347
H       15.40384091      10.47303676       4.56852392
H        0.47594725       8.26101019       3.63387803
O       10.84384406      11.50725139       0.99856925
C       10.77642032      10.14947488       4.45365923
C       10.65156576      11.03968461       3.37296850
C       11.39552344       8.92068184       4.11915025
C       11.05247700      10.68307864       2.05613122
C       10.26366521      10.28207311       5.91263025
C       11.74031213       8.51774520       2.83056824
C       11.66883672       9.44748759       1.79369948
H       10.19097978      12.02618447       3.43268824
H       11.50563499       8.11068853       4.84953731
H       10.01406305       9.30463041       6.25012904
H       11.03375969      10.78431425       6.55743386
H        9.25453908      10.79236494       5.98648056
H       12.21470223       7.53573202       2.64202548
H       11.94979015       9.21658428       0.75022875
H       10.47710230      11.04374282       0.23285642
O        8.97963013       3.98330100      16.13805162
C        5.39922278       3.68315882      16.98738158
C        6.73470530       3.38099375      16.45125633
C        5.12507128       4.97759755      17.56381030
C        7.76769467       4.31713400      16.57759617
C        4.34278694       2.59133584      17.07980858
C        6.20044363       5.92595394      17.64514446
C        7.49753324       5.60426776      17.16165726
H        6.84633980       2.40219793      16.03161746
H        4.29656267       5.21317851       0.47296822
H        3.86155853       2.59509765       0.40505618
H        3.52201633       2.83476940      16.38674034
H        4.68745105       1.58996102      16.87206033
H        6.05535768       6.83977321       0.49681508
H        8.34456326       6.25437284      17.26331910
H        9.70082890       4.56475662      16.19357532
O        5.84982408       0.70261400       1.71434385
C        3.50978063      15.84274954       2.90620156
C        3.98733724      17.09129772       2.46532810
C        4.44766866      14.81816909       3.24067539
C        5.38389830      17.23073009       2.25151604
C        2.05441836      15.62337919       2.87863132
C        5.85706449      14.94763750       3.05139074
C        6.29612641      16.19524208       2.56887076
H        3.24460570       0.22358369       2.31635293
H        4.08197641      13.81389646       3.29667278
H        1.60573976      15.84414818       3.86837079
H        1.45479810      16.10137277       2.08384897
H        1.90932620      14.58337094       2.66505814
H        6.56958098      14.20587209       3.38582138
H        7.32761585      16.24649469       2.33694094
H        6.76998959       0.58012131       1.51446428
O       10.37609248       7.70773145      12.87927325
C        6.71257144       8.55799150      12.85583370
C        8.11605864       8.61736548      12.66705585
C        6.16603254       7.32741877      13.23345880
C        9.00536518       7.61307625      12.99172306
C        5.84667188       9.77339923      12.58379467
C        7.03841674       6.24158340      13.46875833
C        8.44918318       6.39884212      13.41016087
H        8.57555679       9.58538170      12.28011442
H        5.09990256       7.21005149      13.54379087
H        4.88309987       9.47077113      12.11811920
H        5.65081121      10.32358086      13.48579293
H        6.32197343      10.24851237      11.73236928
H        6.65787831       5.28894321      13.83171016
H        9.13107004       5.56891454      13.59502717
H       10.58910285       7.46474633      11.97444376
O       14.67765625       7.32970355       2.31687476
C       15.27569203       8.06923255      16.50492511
C       15.06757104       7.38571676      17.67417605
C       15.66637101       9.45587916      16.60075150
C       15.01379331       8.04514530       1.18830447
C       15.36803714       7.34483760      15.13410318
C       15.62116773      10.10078869       0.10681600
C       15.19215822       9.39967316       1.28143578
H       15.00419357       6.29302757      17.64768226
H       16.11685626      10.07818267      15.87431886
H       16.06517781       7.98206728      14.47700306
H       15.69625357       6.25225608      15.29199262
H       14.38872564       7.41548507      14.62018994
H       15.91369153      11.13745406       0.17946317
H       15.12604440       9.88742668       2.20754634
H       14.84924538       7.82001945       3.08333891
O        8.88344140      10.84848660       9.67933350
C        5.29574029      11.49559051       9.14440529
C        6.64577377      11.71049822       9.58487041
C        5.03404204      10.51235122       8.14168438
C        7.59749331      10.76247739       9.19205393
C        4.14938902      12.30995238       9.69254355
C        6.08882122       9.69390155       7.61051387
C        7.32381387       9.73514904       8.20476068
H        6.81380114      12.35184173      10.39465705
H        4.05131171      10.17614689       7.78113372
H        3.52245088      11.56104398      10.21467724
H        4.37234314      13.28860368      10.14996702
H        3.50191324      12.71316585       8.86090239
H        5.88598371       8.81781127       6.98414693
H        8.10009224       9.04875877       7.93677654
H        9.12515223      11.62437322      10.17706662
O        0.53952662      12.51347984       1.80285472
C        0.54935348      13.75410119      15.98308603
C        0.15546362      13.49638477      17.33373896
C        1.87223851      13.48132014      15.64032197
C        1.00331011      12.86697569       0.53041505
C       17.47843931      14.48024656      14.93795954
C        2.74901481      12.92251853      16.56799527
C        2.32634651      12.71002585       0.18254117
H       16.82911365      13.63475826      17.51106992
H        2.32537739      13.58239186      14.70023131
H       16.46647665      13.91618639      14.91570049
H       17.45893040      15.54690855      15.06956299
H        0.19883558      14.30456356      13.92227200
H        3.72499221      12.59886291      16.26976747
H        2.96948901      12.23359561       0.89676108
H       17.35009387      12.61094291       2.10006709
O       16.99096792      16.90543540      12.71784160
C       16.69904779      14.78408934       9.73427158
C       17.01974768      15.22675455      11.01957119
C       15.88718924      15.57713646       8.92196572
C       16.47128339      16.37995130      11.58341597
C       17.51441686      13.63565417       9.23323597
C       15.18900449      16.70157235       9.51596051
C       15.49744146      17.07113037      10.82600228
H        0.01287734      14.71406913      11.66656584
H       15.68764305      15.15809216       7.88363220
H        0.91696928      13.90361349       9.30724166
H       17.22725194      12.68689443       9.56627462
H       17.31633684      13.65627186       8.14581677
H       14.56053157      17.26984702       8.89658918
H       15.02489645       0.19977555      11.38626580
H       16.48343455      17.65545453      13.02858650
O       13.30606061      12.54910102       1.09647152
C       12.97030432      12.13757535      15.25325732
C       12.99607951      11.88525597      16.61953362
C       13.41062675      13.38278715      14.72780316
C       13.25786596      12.93680093      17.49303294
C       12.65588882      11.02475763      14.31373291
C       13.76456288      14.45230432      15.58122089
C       13.56418689      14.24245977      17.04428304
H       12.81564224      10.86210101      17.05739881
H       13.57335886      13.40584531      13.63785271
H       13.56725315      10.71659469      13.80406289
H       12.14547752      10.25497072      14.86557210
H       11.92699167      11.38717123      13.51705894
H       14.26065046      15.34819618      15.19355603
H       13.88931819      14.93117093       0.08601725
H       12.80007670      11.73002111       1.22664479
O       10.58042360       7.79404762      15.73740407
C       12.68929892       4.74397886      15.41394343
C       11.97305861       5.93651978      15.09621159
C       12.67843363       4.24186225      16.77283128
C       11.24499148       6.62067453      16.04292211
C       13.51937668       4.06399258      14.32524797
C       11.91903925       4.96092573       0.02247934
C       11.19837145       6.17067744      17.37807571
H       11.98098892       6.22960206      14.00672214
H       13.12164308       3.34159061      17.16574863
H       14.29286056       4.71638259      14.02015039
H       13.93341600       3.05532499      14.58539991
H       12.72008701       3.90009212      13.47601651
H       11.94516097       4.63575123       1.04819276
H       10.76738684       6.80617773       0.41485863
H       10.59622802       7.95837845      14.78947065
O        6.32359534      15.73817106       9.09937673
C        2.80930621      16.99861551       9.29601516
C        4.20286871      16.74479426       9.61133726
C        2.26160780      16.29072168       8.22417012
C        5.01560565      15.94596369       8.75550694
C        1.98289204       0.21190059      10.12682441
C        3.01329658      15.30275730       7.53479732
C        4.40654446      15.24814145       7.63433747
H        4.73661542      17.32358592      10.34829886
H        1.15450073      16.27656654       8.11791677
H        1.35636444       0.84705185       9.58332119
H        1.30002105      17.28217089      10.69461507
H        2.66120659       0.77093504      10.73321258
H        2.56439925      14.70556009       6.75995724
H        4.97218212      14.77994694       6.89310482
H        6.66367915      14.87059769       8.79792746
O       12.78764223       0.65213089       1.63173003
C        9.93476424      16.90938268      17.59444412
C       11.28173641      17.16423919       0.17970684
C        8.97837321       0.20307490       0.10811376
C       11.63077723       0.46858618       1.07246242
C        9.69009083      15.59841078      16.91749482
C        9.38639308       1.31744683       0.86093487
C       10.72226815       1.45741955       1.30495817
H       11.99524568      16.38534039      17.63620972
H        7.96167485       0.13472858      17.38970709
H       10.58363184      15.22645261      16.37395730
H        9.36062417      14.89700753      17.70495107
H        8.94128301      15.74854428      16.16256053
H        8.71463714       2.13827463       0.95223794
H       11.10325315       2.45979701       1.79108250
H       12.81106066       1.19854563       2.34128206
O        7.40892309      13.77921681       6.92483150
C        9.84857519      15.10401133       4.55106927
C        9.19202680      14.21599097       5.47108932
C        9.35501695      16.46085043       4.50392543
C        8.05336627      14.68719735       6.17930933
C       11.10259464      14.70892051       3.69980239
C        8.19953465      16.83155494       5.14516495
C        7.50474591      15.94453196       6.00701130
H        9.53054889      13.18332713       5.51231769
H        9.87704881      17.06461829       3.75116570
H       11.87566824      14.33997218       4.33610109
H       10.85939597      13.98006172       2.96183440
H       11.44626262      15.50234548       3.06081246
H        7.70433200       0.07186687       4.91081281
H        6.56259262      16.37010617       6.45860890
H        7.90001651      13.09557151       7.20344396
O        7.98448060      15.77980747      11.20160708
C        8.45217230      13.37516889      13.93717707
C        8.79275706      14.24191121      12.90962627
C        7.10193579      13.02285576      14.20186816
C        7.71851589      14.90678060      12.25106259
C        9.57645564      12.56979307      14.69819030
C        6.05399967      13.78476878      13.62285207
C        6.35716667      14.69809062      12.55301860
H        9.82615809      14.39609907      12.66708998
H        6.82525605      12.26631032      14.95290026
H        9.80859005      11.54035296      14.38554445
H       10.48980947      13.19016992      14.52307337
H        9.35497566      12.65623913      15.76674136
H        4.99714258      13.67181394      14.01247963
H        5.61011307      15.26688303      12.05628785
H        7.22267301      15.95175633      10.69340160
O        5.48077441       3.61741120      11.30502509
C        8.92444666       4.58280497      10.47508220
C        7.77244488       3.89374052      10.98257454
C        8.73164733       5.67196148       9.62734026
C        6.47720524       4.34850771      10.67243303
C       10.36461826       4.16113212      10.88056873
C        7.41870593       6.15857905       9.42506283
C        6.26061773       5.46815382       9.84338932
H        7.95591139       3.02239404      11.71524505
H        9.56522850       6.27278646       9.20459644
H       11.16396257       4.91258908      10.88386201
H       10.26503653       3.76690114      11.91890299
H       10.76504966       3.27720633      10.32775169
H        7.26656393       7.00673613       8.83206776
H        5.31510880       5.96266355       9.64271062
H        5.91260455       2.97366359      11.87149431
O       14.79418614       4.56682740       2.32786848
C        0.82710406       5.02137531       2.49406648
C       17.17632256       5.31621058       2.36285181
C        1.15797661       3.63319559       2.62112470
C       16.13428177       4.31220374       2.38406613
C        1.90307316       6.04030191       2.20069597
C        0.17092742       2.64952254       2.85238746
C       16.52557002       2.95861909       2.62414076
H       16.87304350       6.37471213       2.24595319
H        2.17494632       3.17891999       2.70913083
H        1.93069252       6.83918830       2.90764769
H        2.87563425       5.53493464       1.97812845
H        1.62662458       6.46710420       1.17123882
H        0.41909596       1.58884814       3.06181652
H       15.77033036       2.10624362       2.65864151
H       14.52603617       5.44224709       2.15515210
O       15.89683066       1.56565890      13.22265446
C       16.87512750       0.48465868      16.61139030
C       16.18810004       0.58743608      15.39574219
C       17.64606598       1.56198278      17.01000368
C       16.41308011       1.66050569      14.49388517
C       16.50881694      17.15373416      17.65546549
C        0.03390706       2.66172695      16.14989649
C       17.13539111       2.74819171      14.93606451
H       15.55878730      17.50339046      15.13858028
H        0.41710979       1.76010077       0.18346336
H       17.20415007      16.41991498      17.63425481
H       16.50412696      17.65413087       0.93621564
H       15.57495120      16.69007205      17.40190603
H        0.57035976       3.51501682      16.51605498
H       17.38282488       3.47030023      14.20643606
H       15.79273381       2.39027160      12.79039085
