512
Lattice="17.7128441229 0.0 0.0 0.0 17.7128441229 0.0 0.0 0.0 17.7128441229" Properties=species:S:1:pos:R:3 pbc="T T T"
O       12.23223642       3.12774966       2.98902314
C       10.05614972       2.43789931       5.83338149
C       10.77308310       2.30046393       4.61220180
C       10.06898246       3.69689168       6.46411539
C       11.55157817       3.32714835       4.15849877
C        9.31325709       1.17461590       6.33946072
C       10.95928475       4.67204906       5.97063038
C       11.75845836       4.39201323       4.93676773
H       10.83825583       1.39586614       3.97734653
H        9.39996766       3.96307128       7.28229326
H        9.83140297       0.50921018       7.02045917
H        8.35802080       1.43371894       6.91106398
H        9.09794502       0.61503048       5.48811713
H       11.02191719       5.63911132       6.49398073
H       12.31451319       5.20820383       4.40064339
H       13.04514682       3.65895314       2.72943281
O        4.36318443       7.04418603       1.54625532
C        7.45100084       5.45673990       2.55862996
C        6.49918980       6.11642321       1.79832695
C        7.27781577       5.22304676       4.01089909
C        5.34874841       6.60093960       2.37330280
C        8.73846109       4.93713902       1.86246508
C        6.02963240       5.65092958       4.50232530
C        5.03115566       6.32369233       3.71955081
H        6.67945072       6.31449563       0.72570412
H        8.01057342       4.64077242       4.58527553
H        9.04067507       5.71607912       1.14632872
H        9.53098177       4.80502312       2.53519637
H        8.54970252       4.03720012       1.27065553
H        5.87547840       5.49314319       5.60784293
H        4.21547294       6.75038149       4.22069085
H        3.82871070       7.65441703       2.06436111
O        0.74455587       3.05280446      12.56356933
C       15.87265558       4.65934673      10.27986539
C       16.48900801       4.13608350      11.50567571
C       16.64955865       4.80089668       9.09729677
C        0.10229842       3.63317603      11.47562437
C       14.47658787       5.32385477      10.39502505
C        0.19404061       4.13103405       8.99652176
C        0.73498619       3.57141911      10.16417183
H       15.97409475       4.18094858      12.44895647
H       16.32149555       5.41466021       8.16780830
H       13.96255764       5.13562990      11.32115529
H       14.51807606       6.44297100      10.19960003
H       13.76042114       4.93998412       9.63260542
H        0.60185316       4.07033827       8.00977386
H        1.79410121       3.15095526      10.16245898
H        1.71685039       3.13840398      12.60929209
O        4.63575747       3.48731132       8.89900509
C        3.33199009       1.52877806       6.05300271
C        3.44961677       2.06712519       7.36851593
C        4.35984074       1.77541142       5.14335907
C        4.56554233       2.78083833       7.76223509
C        2.00991879       0.87111098       5.62694871
C        5.55221587       2.43233842       5.56400943
C        5.67486693       2.96120167       6.85925636
H        2.69251140       2.03441082       8.10969648
H        4.27018463       1.46467629       4.09558519
H        1.17640243       1.45069032       6.03677913
H        1.94532805       0.85985425       4.52201576
H        1.96421350      17.61257665       6.16593793
H        6.29571663       2.53171880       4.82346523
H        6.55755126       3.60139940       7.14973556
H        5.53978623       3.39486854       9.20904979
O       11.08916775       9.52885598      11.49066916
C       14.10139232      11.38209659      10.21594355
C       12.72614149      11.05994312      10.63023870
C       15.07013075      10.40625798      10.37203634
C       12.40111508       9.84927715      11.21946642
C       14.41846801      12.81109264       9.72054315
C       14.70801292       9.14005108      10.88692099
C       13.44356622       8.92231556      11.35113327
H       11.83400452      11.74801385      10.46714191
H       16.05150638      10.58981257      10.02260116
H       13.56554283      13.55111820       9.71309779
H       15.25148365      13.18289650      10.36502328
H       14.85204946      12.70738484       8.71914390
H       15.42796829       8.43211537      11.04608112
H       13.29556953       7.99925673      11.92550592
H       10.36799508      10.04658940      11.06092994
O       15.54532969      12.50969299       2.47936166
C       15.34612111      15.95764040       3.73017588
C       15.04074073      14.72749234       3.16635094
C       16.73412116      16.13339620       4.05894280
C       15.95836950      13.62326422       3.12872602
C       14.36679616      17.14476773       3.90748211
C       17.61377742      15.00860710       4.13397991
C       17.29455614      13.74132395       3.60531569
H       14.03639656      14.51069466       2.85489403
H       17.19762290      17.06232414       4.45097347
H       14.78883674       0.12317555       4.59211736
H       14.20393966      17.63217495       2.94808822
H       13.37736675      16.77951549       4.14797982
H        0.96618145      14.99560655       4.54578434
H        0.20004437      12.86196629       3.65681739
H       14.82320337      12.76314705       1.88846391
O        2.85671664       8.95765521       3.00119666
C        5.02994188      10.92227106       5.27753206
C        4.53045454       9.84531286       4.51383147
C        4.49962434      12.17767992       5.06615570
C        3.38644486      10.04314309       3.61975321
C        6.15105302      10.77158245       6.27761347
C        3.42663897      12.40596072       4.13886256
C        2.81130740      11.34192385       3.48855677
H        4.94623635       8.86388472       4.58733610
H        4.80634886      13.02571937       5.58290099
H        6.34285297      11.68442995       6.81828474
H        5.92954622      10.06450217       7.03291509
H        7.11659652      10.45868386       5.86452438
H        3.10169062      13.43967008       3.91446116
H        1.99196960      11.54320482       2.79719948
H        2.00004510       9.03571666       2.61005564
O        4.43759976       6.24241026       8.74690370
C        2.16516100       8.53349135       7.03990715
C        3.26828919       8.10176561       7.77745778
C        1.47338060       7.67132976       6.30727511
C        3.51992206       6.75434887       7.89000284
C        1.92635522      10.02284936       7.04721611
C        1.78685251       6.34394965       6.25026501
C        2.82641075       5.81611077       7.07741081
H        3.85489213       8.73883334       8.32191399
H        0.70625897       8.08969057       5.72432235
H        2.88929715      10.53256005       6.82065299
H        1.35140243      10.30222397       6.22829243
H        1.51820332      10.29017667       7.93093035
H        1.22958666       5.64066968       5.64376172
H        3.04431852       4.80544508       7.01960819
H        4.31350294       5.30841708       8.80747064
O        3.89400372       3.27738188      11.94838415
C        2.06183973       6.41963908      12.18411355
C        2.83615126       5.35547284      11.65694854
C        1.83673645       6.58093622      13.55776039
C        3.37020828       4.39420617      12.51585842
C        1.51664977       7.42585815      11.16060723
C        2.57677171       5.68522973      14.39123228
C        3.28248237       4.56916672      13.89319130
H        2.95418546       5.37903230      10.56695352
H        1.26381591       7.40774123      14.06346694
H        0.78430596       8.05626860      11.60026673
H        2.35940386       8.09858206      11.05037756
H        1.20648031       7.08412838      10.13967590
H        2.48873301       5.59934327      15.50618596
H        3.68321812       3.75515653      14.51295164
H        4.03383577       3.41625651      11.02021782
O        6.83493885       0.85028889      12.66998537
C        3.98779625      17.68229335      14.78275267
C        4.73795049       0.52476635      13.75387967
C        4.51386529      16.65732533      15.61286474
C        6.07036703       0.16468230      13.58086080
C        2.60465711       0.54262283      14.93385977
C        5.82174207      16.22201395      15.43682475
C        6.59708910      16.83962832      14.43813987
H        4.32477490       1.22856905      13.13228688
H        3.82254815      16.27825751      16.28125938
H        2.38564225       1.00295862      15.91486273
H        2.40937941       1.26274636      14.14695707
H        1.84242142      17.47465336      14.81826371
H        6.22510114      15.48098523      16.06452718
H        7.65447856      16.53131879      14.30334745
H        7.78620194       0.89529130      12.95312843
O       16.10471152      14.69063203      13.36287108
C        1.03976067      12.26700293      12.64045788
C       17.42821699      12.79957659      12.83924923
C        2.18518708      13.08440085      12.73683956
C       17.34082478      14.15081213      13.16779376
C        1.17266368      10.82261343      12.14886080
C        2.02690062      14.36980321      13.26040985
C        0.75384448      14.98752645      13.31736087
H       16.54919712      12.24909333      12.62151080
H        3.22403828      12.64655314      12.72984215
H        0.68489429      10.71962496      11.24897520
H        2.22387291      10.47732026      12.10260121
H        0.72901372      10.17500637      12.88354875
H        2.87442128      14.97372541      13.48422737
H        0.57820642      16.00189532      13.57191059
H       16.13718970      15.64484664      13.30498495
O        9.83559856      13.67319309       9.27438933
C       12.43578257      13.58093353       6.72459882
C       11.55041062      13.16865616       7.73361785
C       12.51368088      14.88697318       6.40614620
C       10.67080913      14.09226249       8.36534049
C       13.52920113      12.70326176       6.13409107
C       11.76816583      15.85670897       7.12185087
C       10.73902194      15.45862489       8.01558872
H       11.51389877      12.13078912       8.03822246
H       13.27394392      15.21684588       5.71289046
H       13.82230148      11.72404584       6.59251673
H       13.19956125      12.48490516       5.10343871
H       14.52363171      13.21034994       6.16002953
H       11.92216151      16.86651602       6.82817829
H       10.12466230      16.27974379       8.42177790
H        9.45657444      14.41636290       9.69175224
O       10.43098364       8.81143861       0.18497630
C        7.45424773      10.87612538       0.94195895
C        8.75737951      10.33052799       0.95389680
C        6.45331117      10.16550661       0.18500318
C        9.08516122       9.20927735       0.15303329
C        7.03077991      11.95212041       1.87863348
C        6.74754328       9.00834352      17.11102291
C        8.09322932       8.58565239      17.10407050
H        9.48312947      10.72262886       1.55783819
H        5.40579068      10.45909594       0.19585504
H        7.64373515      12.84645194       1.63766150
H        6.05378856      12.39207137       1.71848633
H        7.09987323      11.66009342       2.93772038
H        6.00099534       8.43402899      16.54089114
H        8.37540549       7.78539072      16.50077297
H       10.56951227       8.04136447      17.29907162
O        9.30291409       1.31603997      13.60171932
C       11.97853568      16.66874261      12.65885717
C       11.01264487       0.05558237      12.55503743
C       12.19067530      16.05041967      13.91988478
C       10.36612971       0.44461415      13.76392320
C       12.64343292      16.10910960      11.44169164
C       11.66390692      16.62491198      15.06820908
C       10.82562259      17.68998977      14.96933114
H       10.68089501       0.38797590      11.59317547
H       12.66598108      15.10760584      14.01194449
H       12.05215835      15.32386880      10.91559331
H       12.91720546      16.99978969      10.79298173
H       13.60419747      15.68319321      11.74708530
H       11.90291777      16.27415390      15.99321110
H       10.47642950       0.41163374      15.84531366
H        9.18262042       1.64615007      14.46456902
O       15.85427206       9.79683746       3.06437670
C       15.38447039       7.43263577       5.90906012
C       15.41774748       8.00654056       4.64176484
C       15.64391623       8.25207934       7.00598073
C       15.83662047       9.35137138       4.37739214
C       15.08214022       5.93912494       6.00631744
C       15.98401763       9.63975869       6.76415652
C       16.14954972      10.14642880       5.45960219
H       15.21527606       7.43181736       3.78758031
H       15.58989304       7.85329471       7.94986984
H       14.61452951       5.76197407       7.05577782
H       14.38441668       5.68057311       5.21320976
H       15.96489310       5.33480580       5.87596297
H       16.22892912      10.32864813       7.57570355
H       16.48554691      11.20574120       5.31679200
H       15.78392364      10.71472939       3.08936168
O       11.72018143       8.93647034       2.56528344
C       11.02153267       8.54561623       6.22026138
C       11.67050888       8.80236332       4.96612499
C        9.60709853       8.31434296       6.20884467
C       11.01292824       8.74140835       3.73313110
C       11.71925259       8.55640991       7.58569499
C        8.94171872       8.39941420       4.95264415
C        9.60252340       8.52237062       3.68548975
H       12.76889577       9.03830086       4.90622985
H        9.01634353       8.13838244       7.09222048
H       11.02039540       8.86726935       8.34166873
H       11.93901428       7.52389565       7.89372901
H       12.53886773       9.22261852       7.64340103
H        7.90462658       8.12276591       4.85151391
H        8.98657920       8.24493865       2.89008920
H       11.23282368       8.77560695       1.78028313
O        8.11962181       1.89138853      16.01868286
C        5.00935301       3.27312525      17.20349285
C        5.95258124       2.35708482      16.78189867
C        5.17045998       4.65461548      16.84950563
C        7.17379171       2.78768157      16.17492860
C        3.80682199       2.81820922       0.31675058
C        6.31805601       5.07689312      16.12765683
C        7.35433555       4.15276940      15.75395378
H        5.77947705       1.33175798      17.03193903
H        4.46044003       5.25761005      17.18337116
H        2.97902048       3.49224112       0.18612936
H        3.48566461       1.84859523      17.65707171
H        3.95682398       2.70465229       1.37078624
H        6.51876534       6.06866429      15.78608053
H        8.33968901       4.51269661      15.36659373
H        7.98916231       1.13020929      16.60502135
O        5.04521260      17.68083104       2.27218616
C        2.21214211      15.90031153       0.76980070
C        2.92173913      16.91018728       1.43144399
C        2.78964781      14.62560310       0.50901939
C        4.28661664      16.65837674       1.71014546
C        0.72730248      16.11178065       0.40791224
C        4.11004750      14.43582646       0.84988736
C        4.88231849      15.42789982       1.45818404
H        2.43686312       0.15758195       1.53400751
H        2.27991412      13.83801405      17.68876677
H        0.50500313      16.09600726      17.07406890
H        0.07118646      15.49295555       1.03269309
H        0.58403839      17.12556597       0.64272298
H        4.58987592      13.53521977       0.57542307
H        5.82606006      15.12208602       1.94076475
H        5.75266139      17.34903269       2.78226471
O        9.79597662       8.13609172      13.45484202
C        6.20170566       8.89601443      13.61147730
C        7.59194212       9.08212324      13.72783067
C        5.63165817       7.63191194      13.34254178
C        8.47672694       8.01090927      13.43691171
C        5.32944165      10.13357274      13.84097037
C        6.49395329       6.59411516      13.01871344
C        7.91925282       6.78814063      13.01341489
H        7.98922512      10.00100876      14.08286848
H        4.61066582       7.53182160      13.20781205
H        4.31377651       9.73218234      13.90089242
H        5.44217440      10.59387114      14.77319871
H        5.33768487      10.93467611      13.06669993
H        6.07580902       5.63748645      12.87861012
H        8.55968866       5.93875537      12.85408628
H       10.05424386       8.76644289      12.84982869
O       13.56878016       7.05758650       1.36763523
C       15.56075949       6.43443867      16.17796511
C       14.64773967       6.30038341      17.15667097
C       16.00290939       7.71246467      15.88216347
C       14.35138475       7.36187616       0.30413289
C       16.14977078       5.37473833      15.32835175
C       15.52538625       8.82641179      16.58923376
C       14.79729262       8.70330012       0.02614701
H       14.34483639       5.25831833      17.44681491
H       16.63806509       7.89800720      15.03941150
H       16.36298696       5.70907151      14.26377436
H       17.12049876       5.10799949      15.75131656
H       15.56659428       4.47267043      15.38915351
H       15.90082231       9.80592501      16.25413046
H       14.48476390       9.49459129       0.65522007
H       13.12573904       7.79446852       1.85717181
O        9.11602602      10.98332146      10.16765166
C        5.42972224      11.65665901       9.84646829
C        6.88097766      11.92207091       9.84452170
C        4.90895763      10.39361554      10.09157669
C        7.76994355      10.81251580      10.09006414
C        4.45910294      12.83859642       9.75973063
C        5.83569087       9.28471582      10.11029233
C        7.18675255       9.48334578      10.19427066
H        7.43920615      12.82771530       9.86357946
H        3.78396478      10.17897706      10.21144514
H        3.51660907      12.58519757       9.19019737
H        4.06820412      12.91891297      10.76993083
H        5.02481604      13.77227642       9.49145516
H        5.49736989       8.31295860      10.13156326
H        7.88798239       8.64663972      10.41655705
H        9.38401100      11.57292131       9.49623585
O        0.36753678       9.07807791       1.98299994
C        0.72407346      11.37594861      16.89391541
C        0.26689582      10.81422729       0.37494209
C        1.54871070      10.58951906      16.07188714
C        0.82690222       9.58457730       0.86414123
C        0.24125374      12.72117672      16.40471666
C        2.06670026       9.36342446      16.47685636
C        1.72709634       8.86137524       0.01827046
H       17.30995034      11.33058714       0.97360174
H        1.76415135      10.96281590      15.02421837
H       17.11701215      12.53414086      15.69962686
H       17.62297268      13.28510572      17.28994800
H        1.16962087      13.23892959      15.86388254
H        2.71877691       8.85265730      15.79018165
H        2.12808779       7.88399914       0.34807672
H       17.21336489       9.43681834       2.32696554
O       16.12981753      17.25700652      12.26529265
C       16.19589554      16.60049566       8.71657030
C       16.39176321      16.50844078      10.09530163
C       15.62815405       0.03133629       8.25095709
C       15.85550407      17.43757851      10.94158482
C       16.62154822      15.42952976       7.80274736
C       15.15315568       1.02572793       9.12275665
C       15.22637479       0.83888964      10.51592080
H       16.76905919      15.62141214      10.65149287
H       15.60209068       0.26135663       7.23235363
H       15.77154227      15.23470655       7.13131034
H       17.54242053      15.64004705       7.21696567
H       16.67836849      14.51730231       8.36758022
H       14.64139021       1.95320929       8.76419736
H       14.88224276       1.52216991      11.21976613
H       16.12660444       0.36474197      12.82044767
O       12.49137637      12.82410748       1.64649222
C       12.91864034      11.37035575      15.98107842
C       12.41770427      11.59422166      17.28521299
C       13.81467494      12.29439686      15.39128048
C       12.82582410      12.73415871       0.32519288
C       12.62134387      10.13380506      15.21446114
C       14.19987723      13.45463724      16.13716346
C       13.66882062      13.68018347      17.45083113
H       11.75282261      10.96353994       0.03477508
H       14.30369778      11.91602427      14.53569033
H       11.65012759       9.62042886      15.57008124
H       12.51652980      10.24436388      14.13473230
H       13.36237015       9.39734401      15.44868108
H       14.95056348      14.15199986      15.72993479
H       13.99546129      14.44925927       0.46353201
H       11.79955329      12.18175846       1.80004286
O       10.75438033       6.96577025      15.75088727
C       12.34577857       3.67658554      14.99889262
C       11.74550681       4.92002149      14.78472377
C       12.52428281       3.13954162      16.29420429
C       11.37446432       5.72817281      15.91650983
C       12.78114041       2.82342414      13.77732198
C       12.00511445       3.94731389      17.31388865
C       11.47542151       5.21815150      17.18992335
H       11.76817240       5.36752459      13.80878021
H       13.03984312       2.20481939      16.55086231
H       13.61233401       2.16748774      14.04016055
H       11.89487331       2.33099484      13.41505896
H       13.09778859       3.34374810      12.97780859
H       12.02502300       3.59919675       0.63521756
H       11.15874447       5.76515789       0.32902586
H       10.64015582       7.23824102      14.82079854
O        6.48569158      16.97400855       9.18919385
C        2.97691236      17.33949952      10.21931456
C        4.37497760      17.63687618      10.05527225
C        2.41381917      16.44702563       9.33018185
C        5.15679317      16.80406740       9.21315366
C        2.06876106       0.32442446      11.16362422
C        3.19317514      15.65165377       8.43025554
C        4.52570745      15.84784603       8.32116265
H        4.89689540       0.61357757      10.64252347
H        1.36867949      16.35410381       9.33626638
H        1.53368472      17.27354495      11.75136826
H        2.64080143       0.99187782      11.76007921
H        1.24522984       0.90004198      10.65861521
H        2.86321729      14.94970454       7.64752176
H        5.06428247      15.17559756       7.51013520
H        6.93486618      16.19929486       8.81744718
O       11.81025266       0.87802352       1.64916780
C        9.42764283      16.14803209       0.15631264
C       10.60365355      16.69964462       0.65327200
C        8.16751990      16.86589319       0.32336983
C       10.63004699       0.30836537       1.27880058
C        9.30500011      14.92291487      17.07804754
C        8.21315142       0.45198190       0.98660082
C        9.42278072       1.00972971       1.37517601
H       11.54937430      16.28953315       0.49278964
H        7.26589114      16.46037675      17.56412391
H        8.53397118      14.26306578      17.45466100
H        9.10250643      15.12095389      16.00468265
H       10.12609507      14.20493484      17.30217924
H        7.39429745       1.13572957       1.05505235
H        9.45345043       2.02488699       1.84760584
H       11.77053610       1.67809496       2.16160415
O        7.61331882      14.86937079       7.73392348
C        8.86049176      14.44063935       4.24265306
C        8.74274619      14.27704403       5.65167726
C        8.21552773      15.51285377       3.59766954
C        7.88406499      15.12955923       6.42330336
C        9.86494365      13.72856307       3.47860166
C        7.45256279      16.43607422       4.35348421
C        7.24538838      16.26312986       5.73795465
H        9.26285843      13.48847631       6.09496969
H        8.29313104      15.61794582       2.50870579
H       10.74024883      13.43018653       4.03795004
H        9.46117896      12.80655725       3.04136382
H       10.16314601      14.23931936       2.58418339
H        6.95957274      17.27586253       3.93857062
H        6.61992294      16.89746227       6.22458294
H        8.10021935      14.18222885       8.12493409
O        8.51166187      15.63380560      10.80549832
C        9.08421028      13.44325865      13.60493398
C        9.38309108      14.28397235      12.54203396
C        7.75067305      13.30072920      14.08711464
C        8.29712060      14.87708837      11.86074236
C       10.25607818      12.76920111      14.39022158
C        6.74176638      13.77760916      13.31492779
C        6.98600901      14.70219505      12.24580874
H       10.44505704      14.32596864      12.17345114
H        7.49286231      12.58056803      14.89285702
H       11.16527195      12.84424655      13.78783548
H       10.54767888      13.13701764      15.36983838
H       10.05926965      11.77364709      14.63240297
H        5.65288980      13.65253726      13.65422428
H        6.18368015      15.34040713      11.88761322
H        7.69024976      16.21379133      10.82390421
O        6.73904606       2.92004137      10.72124063
C       10.35489418       3.46361823      10.23519431
C        9.13071579       2.82283939      10.64890999
C       10.40037886       4.79389882       9.86498384
C        7.98234096       3.58919709      10.55372696
C       11.61871044       2.58607333      10.02965462
C        9.20915718       5.56089513       9.88447756
C        7.95799321       4.95507113      10.19186491
H        9.04759128       1.75300263      10.86787805
H       11.34182218       5.25711657       9.48283288
H       11.88928283       2.09173252      10.94597261
H       11.12639686       1.86297345       9.42174175
H       12.43249913       3.24059919       9.57667629
H        9.15106484       6.51667897       9.46217012
H        7.05202056       5.50484353       9.99614195
H        6.70778827       2.10048732      11.28303368
O       14.33951490       4.73870721       2.36188939
C        0.30650253       4.57328987       2.86664994
C       16.76974392       4.94757382       2.32069821
C        0.33181111       3.56711633       3.84585565
C       15.57629482       4.32924644       2.75768343
C        1.60352069       5.24675947       2.48053726
C       16.87277432       2.83671681       4.20881155
C       15.56890989       3.29768882       3.77358779
H       16.74897788       5.74588437       1.62929863
H        1.21333347       3.35406831       4.36466655
H        1.77774906       5.04889869       1.41117410
H        1.51346242       6.30502440       2.71449748
H        2.49050643       4.83354223       3.03430200
H       17.04415678       2.01341850       4.92911967
H       14.60196593       2.78761260       4.06705480
H       14.38033452       5.57198223       1.91915475
O       16.18134210       1.61051728      13.79056970
C       15.52303746       0.57011668      17.25592162
C       15.49106422       0.55243828      15.81778161
C       16.30241677       1.55442426       0.24754882
C       16.20885031       1.53559814      15.16577277
C       14.78239900      17.21891066       0.30260777
C       17.11592135       2.39963511      17.21042818
C       17.05967687       2.36110143      15.81674397
H       14.76282486      17.51827932      15.48385107
H       16.41033417       1.64571356       1.31675576
H       14.80869480      16.20849828      17.55994113
H       15.34666318      17.00867485       1.22614199
H       13.78881844      17.51723911       0.61075183
H        0.04274330       3.16039272      17.62549717
H       17.69317542       2.99678547      15.25809122
H       16.88664567       2.22714945      13.47397215
