512
Lattice="17.7128441229 0.0 0.0 0.0 17.7128441229 0.0 0.0 0.0 17.7128441229" Properties=species:S:1:pos:R:3 pbc="T T T"
O       13.29751848       2.60501352       3.16315136
C       10.83833483       2.75975048       5.84800080
C       11.60929748       2.34307387       4.67654040
C       11.27640246       3.79314489       6.66523272
C       12.66991528       3.07697115       4.26209286
C        9.63244321       2.03370110       6.28248981
C       12.39418627       4.53522399       6.23839268
C       13.10888163       4.13096726       5.13267100
H       11.24191346       1.46839965       4.13440942
H       10.64146892       3.94423565       7.54164770
H        8.98562489       2.53836028       7.05320514
H        9.05768605       1.72075088       5.41718703
H       10.02848513       1.17475638       6.68923282
H       12.88391138       5.31091030       6.82583955
H       14.03778347       4.57963185       4.88096551
H       14.20218291       3.01368548       2.98987793
O        5.25691882       2.85497314       3.11713262
C        8.44659003       4.64628636       3.61983218
C        7.38100122       3.88731487       3.05376339
C        8.44244797       5.06176539       4.98870547
C        6.19895165       3.59195948       3.71808749
C        9.63300019       4.99934682       2.77617825
C        7.24453104       4.83034623       5.65878958
C        6.22693363       4.05475503       5.07774545
H        7.29124957       3.56148299       2.02575081
H        9.25713728       5.54183436       5.53048931
H        9.33861793       4.91146069       1.78456318
H        9.82331066       5.99539896       3.03680244
H       10.56560856       4.43323475       3.00169540
H        6.95292782       5.05083630       6.71024395
H        5.38724798       3.70560315       5.64816664
H        5.47081198       2.54583665       2.20837968
O       16.74029530       2.77171852      11.70027240
C       16.22569814       1.61947521       8.21195933
C       16.89857328       1.87603209       9.43211077
C       14.87336777       1.78068305       8.06565727
C       16.11604176       2.26511678      10.57696728
C       16.95108144       1.18027996       6.95650015
C       14.18399137       2.28779719       9.23864368
C       14.79443165       2.45442762      10.50563356
H        0.22518233       1.73942909       9.64610195
H       14.34222624       1.61728202       7.07116473
H       16.30240512       1.20110192       6.01594077
H       17.66730257       1.94601498       6.79953633
H       17.39556807       0.19286737       7.10179414
H       13.10390315       2.44773487       9.25395641
H       14.15872516       2.79198104      11.31456401
H       17.14525451       3.63973144      11.69644335
O        3.89613230       3.10480485       9.21693611
C        3.91536428       0.88499613       6.30831439
C        3.43019237       1.63617784       7.41886525
C        5.33059697       0.67770104       6.25586287
C        4.34384664       2.13214019       8.38971344
C        3.03021388       0.35991007       5.26869047
C        6.24423148       1.08733963       7.25167017
C        5.73013422       1.71557485       8.38177605
H        2.39292053       1.95573303       7.48909297
H        5.76749092       0.02609231       5.49643875
H        2.69447481       1.23375329       4.73006868
H        3.56068441      17.61755405       4.47697952
H        2.31456516      17.36985694       5.62200787
H        7.20891390       0.70565962       7.17805485
H        6.32711875       2.04400164       9.20348346
H        4.62013558       3.45700664       9.78209382
O        9.72093453       9.38295091      10.14936598
C       12.79243898      11.43056083      10.28131917
C       11.43364086      10.98143462      10.29023039
C       13.73262319      10.37581377      10.07574795
C       11.04144543       9.65266734      10.13615033
C       13.10599836      12.95209771      10.25961004
C       13.39138521       9.00802852       9.89138286
C       12.02863588       8.67766793       9.93447518
H       10.70210157      11.81365316      10.30058082
H       14.77702066      10.65670701      10.05177923
H       13.59476492      13.16854574       9.29289524
H       12.22356281      13.52069947      10.36155595
H       13.72570840      13.34750122      10.98353702
H       14.08530884       8.13584340       9.83534120
H       11.81537467       7.70650908       9.83591654
H        9.28863568      10.09744098       9.68111357
O       15.84898123      12.79094674       2.25885441
C       14.69464680      15.95353569       3.79792061
C       14.85566082      14.92719553       2.82280816
C       15.46433086      15.91660750       4.97189269
C       15.66213898      13.79486915       3.15749933
C       13.71242225      17.09214090       3.51734911
C       16.19082575      14.75704666       5.31905426
C       16.25711275      13.73224372       4.39878034
H       14.31185699      15.01890221       1.85931964
H       15.40961765      16.83058426       5.55376550
H       12.88895397      16.63191058       3.03858047
H       13.42404850      17.64246178       4.39441832
H       14.06812807       0.24502905       2.94763142
H       16.99592055      14.72968058       6.07856479
H       16.77621245      12.77986894       4.73524065
H       15.12303977      12.92629190       1.64699825
O        2.45194357       9.70980595       2.17269457
C        5.71190300       9.23777168       3.90709322
C        4.58252769       9.04477795       3.07599094
C        5.75291397      10.41859556       4.73547514
C        3.53324700       9.99241889       3.03428480
C        6.82670279       8.17130214       3.99866219
C        4.67404387      11.33547485       4.74347746
C        3.55219191      11.13656657       3.87966094
H        4.55826285       8.25105271       2.43501376
H        6.58827676      10.54328024       5.42241086
H        7.78794457       8.41441222       3.52417937
H        6.83878759       7.83027488       5.04245573
H        6.59407739       7.28656062       3.46145926
H        4.71053236      12.10796069       5.46513234
H        2.81409319      11.91351591       3.87469863
H        1.94567918      10.52287733       2.03998722
O        2.08189550       5.14304694       9.07906496
C        2.47045273       8.44822981       7.61260290
C        1.93734520       7.38545899       8.39466933
C        3.39031829       8.15112824       6.59407899
C        2.52326592       6.11831676       8.29363040
C        1.70761879       9.77215333       7.81244308
C        3.99794279       6.92983910       6.47026813
C        3.52388783       5.89054476       7.30744906
H        1.22529109       7.67776160       9.17189776
H        3.64529364       9.01025377       5.98389748
H        2.14208630      10.65822834       7.42108615
H        0.70299080       9.58526737       7.40070790
H        1.65404022       9.95399669       8.84375439
H        4.76753775       6.61393896       5.74809538
H        3.92157872       4.92287188       7.32505310
H        2.52161437       4.31675923       8.80921649
O        0.50777701       5.21960125      11.38038995
C        1.55639215       5.78286481      14.82468600
C        0.67125383       5.67602237      13.72139614
C        2.92628374       5.67435147      14.61309123
C        1.28183110       5.32788845      12.49230636
C        1.03528128       6.41022472      16.11923990
C        3.45088008       5.16588634      13.42065521
C        2.64187295       5.03748429      12.31108986
H       17.34599087       5.68840200      13.79924357
H        3.67449824       5.81073072      15.37752093
H        1.86794492       6.48817515      16.80824224
H        0.58402268       7.39724973      15.89387432
H        0.28561483       5.84036100      16.61088639
H        4.47685885       4.98591787      13.26738164
H        3.24149856       4.85511080      11.39917511
H        0.96032761       5.01420576      10.55953433
O        5.77739149       2.56937974      13.89692490
C        2.81243541       0.49540320      14.40359353
C        3.62878624       1.43087105      13.80527744
C        3.18307014      17.46453246      15.52697659
C        4.85107294       1.70367103      14.39557188
C        1.48433632       0.11856379      13.69688863
C        4.38071735       0.00019931      16.11683897
C        5.22930844       0.94198721      15.57787941
H        3.16005477       2.02527535      13.00257138
H        2.45301097      16.88363313      16.03228692
H        0.95474206      17.18773476      14.37380190
H        0.81574017       1.02390151      13.54276453
H        1.65199999      17.30251812      12.77085020
H        4.66623526      17.20986452      17.06427732
H        6.16075589       0.95451017      16.09314014
H        6.68032718       2.46182054      14.19871067
O       16.57416856      11.73908496      12.76016265
C        1.63463374       9.75001837      14.26265575
C        0.67347171      10.71904192      14.03293091
C        1.84805444       8.84936872      13.20377774
C       17.58260128      10.76566134      12.84738540
C        2.40004482       9.61780168      15.51618512
C        1.31925661       9.03107369      11.91968755
C        0.19026635       9.89767785      11.74347575
H        0.40698214      11.38980642      14.86994223
H        2.59902616       8.05210060      13.29169240
H        3.24494655      10.26109650      15.46521853
H        1.77633061       9.84327021      16.34096590
H        2.84268882       8.64339006      15.60798835
H        1.67861447       8.47688357      10.98078702
H       17.41118543       9.89054200      10.81064883
H       16.62264865      12.32042267      13.40839309
O        9.46454554      13.93127256       9.27118574
C       11.93112035      13.91219180       6.52402011
C       11.03879109      13.47710722       7.59037849
C       12.13192130      15.31678439       6.29686970
C       10.21683637      14.43993561       8.22680224
C       12.64776349      12.92776221       5.64634698
C       11.40542358      16.27129903       7.01843241
C       10.52861203      15.85430400       8.07059962
H       10.97570596      12.43917826       7.80177116
H       12.73290798      15.58545917       5.40250364
H       12.12745694      12.69422690       4.72969116
H       13.60538283      13.28871307       5.37786824
H       12.79799725      12.00287009       6.27223084
H       11.55609998      17.29270648       6.80394665
H       10.12667710      16.65391459       8.66776760
H        8.89517327      14.58511595       9.75745305
O       10.28677498      10.01733518      17.04787908
C        7.32382931      11.80294167       0.82888801
C        8.67338386      11.48578206       0.53023096
C        6.36316375      10.90388660       0.36938616
C        8.99612925      10.27881077      17.49092971
C        6.90617523      13.10079571       1.56141074
C        6.62966211       9.65902419      17.39254783
C        7.97414099       9.35370486      17.09412719
H        9.42048192      12.25720782       0.67358240
H        5.27989796      11.20380575       0.33255977
H        7.66529743      13.81864438       1.85647897
H        6.15928947      13.70561779       1.04497801
H        6.43004410      12.76441797       2.45711056
H        5.78604054       9.03549110      16.99617418
H        8.26654684       8.47728143      16.52938306
H       10.41681685       9.36465868      16.36002907
O        8.25757246       2.54465174      14.81885198
C       10.55539661       0.16055067      12.99945357
C        9.39958693       0.89735063      13.37161645
C       11.71891071       0.26142159      13.82549328
C        9.37804589       1.77640412      14.44078377
C       10.57680707      17.22156050      11.63013309
C       11.63193881       1.07746523      15.00268575
C       10.51379631       1.88633626      15.19510502
H        8.58387416       0.90876022      12.67261828
H       12.63897449      17.43115357      13.67354080
H       11.54998410      17.20535267      11.14785233
H       10.22197565      16.17620035      11.60917495
H        9.87748103      17.66748423      10.91510411
H       12.42555289       1.10345869      15.66276379
H       10.42688771       2.55635975      16.01916351
H        8.41776585       3.02694002      15.62078468
O        0.19910669       9.67843440       4.45132781
C       16.09259440       6.81077429       6.07359823
C       17.15757018       7.53228898       5.48832107
C       14.88236713       7.48571625       6.29053608
C       17.01128428       8.88150138       5.08751926
C       16.29363552       5.36173501       6.47588371
C       14.74615065       8.81602880       5.87397150
C       15.81925703       9.51426339       5.31131502
H        0.36545468       6.93317602       5.35597873
H       14.09012128       7.01799230       6.76884854
H       16.78154638       4.82077480       5.71044098
H       17.01367161       5.32870915       7.31479144
H       15.45383188       4.80949718       6.82609687
H       13.83152404       9.22580280       6.01948936
H       15.71974917      10.49373809       4.91657071
H        0.89581473       9.06867164       4.10461407
O       11.51400661      10.90524162       1.48337153
C       10.62989808       9.21665160       4.71334415
C       10.67396547      10.14142935       3.60966641
C       11.37733815       8.02589662       4.60130493
C       11.51347239       9.98405505       2.50299136
C        9.87410792       9.54372562       5.98323835
C       12.09932557       7.74433325       3.37310825
C       12.18775373       8.71319708       2.34910528
H        9.94870545      10.97768387       3.62757194
H       11.43180900       7.32380030       5.47088390
H       10.42844677      10.37590992       6.37892130
H        8.83820103       9.77520526       5.73066503
H        9.78003386       8.79222049       6.83574191
H       12.56286439       6.78849861       3.31009729
H       12.72697272       8.56251112       1.47104885
H       10.94260639      10.80161233       0.72208497
O        8.79440496       4.36115169      16.66274097
C        5.24221739       4.29727054       0.12264052
C        6.43226841       3.92359655      17.15500963
C        5.21660698       5.51338750       0.71132865
C        7.57257463       4.76955575      17.17764415
C        3.93972731       3.48383834       0.04581228
C        6.33317462       6.38280852       0.76469932
C        7.48483675       5.95886401       0.17397566
H        6.46641229       2.99362285      16.68477869
H        4.30554978       5.84320828       1.14950187
H        3.50853305       3.77277839      16.77901500
H        4.03854639       2.40110703       0.04993288
H        3.19731455       3.80317084       0.85071434
H        6.26352302       7.38847052       1.12790832
H        8.32337955       6.57559576       0.33121925
H        9.38809735       5.06798574      16.76561711
O        5.84594607       0.20325283       1.50655344
C        2.57775980      16.18919519       2.03905770
C        3.54584820      17.14685267       1.63775485
C        3.01837080      14.97443360       2.59441157
C        4.95786390      16.95998152       1.88739049
C        1.10124934      16.46359992       1.81523976
C        4.39896003      14.80105727       2.87192414
C        5.39252378      15.80028243       2.55825965
H        3.06593961       0.34792212       1.27620101
H        2.37443005      14.15345621       2.88882635
H        0.99263394      17.28603736       1.12113476
H        0.72123909      15.56248088       1.32418813
H        0.45233894      16.64205846       2.68410480
H        4.72461080      13.91500400       3.35129624
H        6.45947000      15.59312896       2.81008111
H        6.69896454      17.53735586       1.49170035
O        9.41692795       7.89951391      12.35528273
C        6.20422578       9.32213616      13.70682941
C        7.39703623       9.12320969      12.90337936
C        5.73265867       8.23845684      14.49697765
C        8.21111635       7.97279867      13.02225982
C        5.39811686      10.60350588      13.62511049
C        6.58835535       7.10955274      14.65336289
C        7.82577547       6.98469961      13.91842600
H        7.79699139       9.97321975      12.29785112
H        4.86015850       8.31547469      15.08037952
H        4.56321039      10.42590226      12.96270525
H        4.95412051      10.88787404      14.53808469
H        6.02689919      11.40479453      13.35489252
H        6.31022998       6.29794179      15.43233865
H        8.43497572       6.06225838      13.89470724
H        9.39045663       8.32296228      11.54066642
O       15.45392381       7.35100229       2.31393792
C       15.58320286       8.04889719      16.44548958
C       15.40319140       7.29929724      17.65576020
C       15.95490388       9.40965667      16.45147492
C       15.63052698       7.98930195       1.15995127
C       15.25495383       7.31465459      15.07078807
C       16.15094316      10.02736264      17.70469890
C       16.03044459       9.34236722       1.25139822
H       14.95703808       6.35489137      17.59507891
H       16.05710503       9.93515041      15.52763616
H       16.02260573       7.34753148      14.21956401
H       15.00770821       6.30928733      15.25194195
H       14.36210664       7.84507547      14.67756497
H       16.47420636      11.05732309      17.54749981
H       16.07129067       9.95164404       2.17516757
H       15.04326486       7.90656152       2.94988996
O        8.24214573      11.40664484       8.81907992
C        4.99844964      11.83079492      10.46254923
C        6.32361253      12.10206423      10.00815165
C        4.54334465      10.50135511      10.31077508
C        7.07019871      11.16267666       9.27966507
C        4.14791549      12.93557966      11.02610542
C        5.25939845       9.52019466       9.56285180
C        6.46625866       9.91401741       8.96982082
H        6.64559368      13.09427336      10.11243235
H        3.67862847      10.17222156      10.82472513
H        4.74137181      13.70230173      11.47988896
H        3.60683585      13.51904975      10.29058869
H        3.62117766      12.47857930      11.84689448
H        4.83429816       8.52433041       9.48167786
H        7.02666062       9.19366994       8.28922009
H        8.46141198      12.30279114       9.08384755
O        0.81476030      11.87082458       1.53489489
C        1.11769084      13.57918987      16.03133789
C        0.48290757      13.16116493      17.21034935
C        2.47404063      13.55014861      15.87542239
C        1.29641889      12.42788053       0.40011281
C        0.33252615      14.19052029      14.93358809
C        3.32561694      12.86155873      16.77112317
C        2.74475217      12.38858477       0.23338776
H       17.13467240      13.18686612      17.27165692
H        2.90219829      14.17314667      15.11482129
H       17.45018172      15.08305777      15.04219687
H        0.95033356      14.35040918      13.99679049
H       17.34910942      13.39290425      14.73012044
H        4.41737581      13.00897479      16.75806284
H        3.39840905      11.87514204       0.92902412
H       17.60144398      11.91494934       1.80764531
O       16.39816384      16.32983348      12.90450488
C       16.48490604      14.20194862       9.85420272
C       16.74018333      14.63107388      11.16739624
C       15.53651831      14.90099697       9.04677939
C       16.05329775      15.77504665      11.69003536
C       17.11871390      12.87777986       9.43402348
C       14.81940540      15.99605732       9.57577840
C       15.02418471      16.34745191      10.89586058
H       17.42994000      14.05603522      11.68481220
H       15.48596231      14.56340280       7.96592922
H       17.28901600      12.27964754      10.35897084
H       16.53308096      12.33693302       8.66557897
H        0.36705895      13.10273565       9.00009204
H       14.13231024      16.42534760       8.97426572
H       14.49145019      17.18307985      11.32648601
H       15.84562536      17.00605413      13.24312891
O       13.63431130      12.69257794       0.48706864
C       13.22607553      11.38167552      14.81494719
C       13.29667020      11.41724060      16.22684264
C       13.73189546      12.53772021      14.05355888
C       13.68315993      12.64454385      16.87964470
C       12.72764855      10.16600044      14.08972585
C       14.20383505      13.66874746      14.73474575
C       14.18346445      13.75008572      16.10830673
H       13.15321283      10.46888003      16.84782212
H       13.64210938      12.52749304      12.93317719
H       13.61540740       9.76931999      13.48901723
H       12.46657625       9.42937884      14.76551367
H       11.86832270      10.38585491      13.40518015
H       14.55054331      14.64372048      14.26563706
H       14.60226876      14.62373068      16.54480792
H       13.17645381      11.91191649       0.77684302
O       10.41495467       7.87632770      15.17651706
C       12.61883836       5.03558349      15.05268390
C       11.74057021       6.08380039      14.70568135
C       12.83024549       4.69661902      16.40723933
C       11.11732019       6.82074468      15.65812283
C       13.55995411       4.40359501      13.97083733
C       12.15948942       5.41765235      17.38075136
C       11.31603878       6.52219016      17.03735404
H       11.53852937       6.24271415      13.66609782
H       13.40804885       3.84486099      16.74039658
H       13.00413661       4.19049498      12.99751461
H       14.38540699       5.02568901      13.67972817
H       14.00350032       3.46689916      14.30612562
H       12.36468804       5.08210707       0.69950156
H       10.77941574       7.01766468       0.07857581
H       10.25387897       7.85559894      14.21512427
O        6.66931840      15.03698180       8.31082008
C        3.00988095      15.91929178       8.86127318
C        4.41293578      15.82897415       8.96848766
C        2.35434691      15.37384349       7.70669938
C        5.26243043      15.10487558       8.08254023
C        2.27774304      16.66582936       9.91497460
C        3.23630248      14.73503265       6.80147310
C        4.63654456      14.62069072       6.94121868
H        4.86405754      16.52561377       9.63615167
H        1.30281435      15.24178704       7.67113266
H        1.49818666      15.95849735      10.24914876
H        2.86880792      16.98574722      10.79885062
H        1.77469499      17.55965409       9.56930093
H        2.86783113      14.37009069       5.93159316
H        5.22556437      14.11949823       6.19160861
H        7.00766599      14.56321558       7.55893542
O       12.44050026       1.07158547       1.21994976
C        9.69495075      16.99796551      17.28113241
C       11.01222156      17.24993070       0.04449477
C        8.66369978       0.24300421      17.44462454
C       11.17926136       0.67818229       0.90168268
C        9.53025434      15.77597373      16.39862763
C        8.87077251       1.40752253       0.55674017
C       10.11879131       1.56719382       1.17604901
H       11.96604932      16.67358756      17.43335838
H        7.70635391       0.06426149      17.10605466
H        8.58708311      15.73690456      15.78308804
H       10.39790821      15.77006717      15.71791901
H        9.58702061      14.85778179      16.99121622
H        8.14276033       2.22032201       0.64550329
H       10.28032152       2.46255796       1.80295424
H       12.58158125       1.72429696       1.92516716
O        7.41195749      13.53340881       6.03988480
C        9.64635671      14.66471990       3.30474939
C        9.04322184      13.82138955       4.25807496
C        9.40092266      16.06620714       3.44753395
C        8.08885767      14.35972331       5.24298079
C       10.61131388      14.22144873       2.30511669
C        8.49687837      16.59611449       4.34194711
C        7.87345876      15.76648686       5.26703559
H        9.19549437      12.80944364       4.36259756
H        9.78005384      16.68654739       2.64744680
H       10.36171460      14.34303700       1.19507228
H       11.59253955      14.76176140       2.44661763
H       10.87448362      13.20928469       2.40372655
H        8.24909621      17.63859547       4.35749173
H        7.17311440      16.25357120       5.85829540
H        7.80324664      12.61446221       6.22395626
O        8.01694536      15.36928701      10.93957412
C        8.41146572      13.51967817      14.00431511
C        8.66402676      14.19358778      12.78271163
C        7.11453211      13.64363328      14.57853339
C        7.70872449      14.97602022      12.17208848
C        9.58741681      12.77044226      14.69510320
C        6.17420501      14.47204222      13.99554840
C        6.51878224      15.17193760      12.84084801
H        9.63842408      14.10523110      12.27353048
H        6.81204805      13.27051026      15.59254996
H        9.45257224      11.72478974      14.61657317
H       10.51250113      13.14345158      14.35909698
H        9.36505426      12.99835972      15.75370361
H        5.18416308      14.55066850      14.41567514
H        5.85187473      15.90144246      12.45260740
H        7.18246424      15.48289732      10.49856778
O        5.55590798       3.44194582      11.43877563
C        9.19953912       4.49193392      11.09392803
C        8.02163944       3.77153372      11.47122660
C        9.02314474       5.52797257      10.13713337
C        6.73196216       4.10792652      11.05105012
C       10.53129592       4.15523678      11.74314423
C        7.78234932       5.90228973       9.69893856
C        6.63119993       5.15450528      10.06640786
H        8.20749457       3.09640370      12.36768349
H        9.83925809       6.15859672       9.91378176
H       11.24317874       4.97240101      11.59117631
H       10.43375632       3.84071146      12.84780568
H       10.95104177       3.36811963      11.08106610
H        7.68592706       6.79988686       9.01023886
H        5.64546727       5.34319263       9.75365375
H        5.58835417       3.01109104      12.28584066
O       15.39157606       4.49986310       2.27535023
C        1.29077504       4.85552894       3.23795881
C       17.63462088       5.20824446       2.90170048
C        1.57839207       3.51930005       3.42643442
C       16.65572808       4.20878693       2.75269935
C        2.31979987       5.90095553       3.40720166
C        0.60628636       2.53746218       3.22013963
C       16.97149268       2.88194753       3.03051400
H       17.37126893       6.30633652       2.85160069
H        2.65915617       3.29129481       3.65197106
H        3.34362114       5.62482997       3.20137120
H        2.07685811       6.83984342       2.83777897
H        2.31033930       6.20104119       4.37240260
H        0.99203223       1.53866439       3.21725506
H       16.26686700       2.10081460       2.92086702
H       15.31673237       5.44207445       2.35383840
O       15.72502042       1.27637153      13.50149525
C       16.14570444       0.34920355      17.08199767
C       15.72325058       0.37516710      15.72430959
C       16.99725334       1.37786879      17.51585390
C       16.15835146       1.36082563      14.81626700
C       15.74563389      16.98325609       0.29760434
C       17.53746648       2.24499135      16.61262269
C       17.04085556       2.37144394      15.26304038
H       14.99200208      17.39616519      15.36219753
H       17.28092236       1.39708809       0.88614286
H       16.07294426      17.20064571       1.31007984
H       14.67930227      16.88597675       0.32289521
H       16.04278958      16.02903374       0.07537059
H        0.58946032       2.92780947      16.89947643
H       17.42697195       3.07341799      14.54684010
H       16.21358757       1.78837732      12.85675169
