512
Lattice="17.7128441229 0.0 0.0 0.0 17.7128441229 0.0 0.0 0.0 17.7128441229" Properties=species:S:1:pos:R:3 pbc="T T T"
O       12.58517016       3.51584735       2.96657957
C       10.42286909       2.70957387       5.96003123
C       10.87080255       2.71832494       4.59738800
C       11.10325465       3.43366840       6.90531118
C       12.06819486       3.42788209       4.25716412
C        9.21507787       1.94976472       6.42227917
C       12.18550085       4.21790211       6.54249916
C       12.66776866       4.20941342       5.21942726
H       10.40868705       2.14618735       3.81683260
H       10.78429131       3.64448548       7.92769600
H        8.69492960       2.58230574       7.16028939
H        8.49310333       1.96791456       5.59190405
H        9.43351525       0.91942232       6.81920215
H       12.55921485       4.85823629       7.29283455
H       13.64502185       4.68058441       4.93265523
H       13.10992120       4.32374308       2.79379489
O        5.05303154       4.29487643       2.91126955
C        8.50102924       5.52257375       3.62390885
C        7.32587707       5.06226809       2.88479118
C        8.41726985       5.63134928       4.98650386
C        6.18405466       4.70373344       3.55872325
C        9.76273902       6.07552767       2.90192425
C        7.26719450       5.18992790       5.70433869
C        6.14514237       4.74169828       4.94949964
H        7.42679585       5.15571159       1.86032150
H        9.27839785       5.98994955       5.61340717
H       10.18686260       5.42273582       2.05641468
H        9.56250723       7.07055294       2.54361382
H       10.63364692       6.22636790       3.60270084
H        7.22105915       5.20086689       6.77452227
H        5.30085731       4.51579074       5.53247485
H        5.30312464       3.97710293       2.05956883
O       15.74529726       2.73639628      11.20390780
C       15.22847263       1.45034496       7.88225445
C       15.76730072       2.10877097       8.97263563
C       13.97926153       0.79065339       8.05702140
C       15.08923948       2.12662527      10.17993724
C       16.05279365       1.40348183       6.64447591
C       13.25551375       0.92980244       9.27530349
C       13.79369850       1.59994135      10.36145174
H       16.73026184       2.58394795       8.92711587
H       13.62302890       0.14286700       7.20314017
H       16.78126005       0.52633679       6.69459906
H       15.40381993       1.32059920       5.77797990
H       16.49805580       2.38571074       6.48489481
H       12.31276186       0.49755194       9.36537346
H       13.43947157       1.71073931      11.38770698
H       16.46670071       3.35135850      10.93487205
O        3.81146574       3.04026506       9.61844343
C        3.80504370       2.13746489       5.99021444
C        3.42418331       2.73153704       7.23782996
C        4.97953609       1.42261536       5.93005476
C        4.28449141       2.66678839       8.38347453
C        2.93705286       2.19358054       4.85235000
C        5.79525593       1.27250753       7.05911565
C        5.44189592       1.85567436       8.28648035
H        2.48830850       3.22223370       7.26777906
H        5.36160952       0.96826229       5.04123947
H        2.90200794       3.13188965       4.32603797
H        3.13380474       1.45863645       4.10838615
H        1.93021688       2.02779213       5.13963440
H        6.60870994       0.58377498       7.04736122
H        5.84088027       1.47316967       9.19334106
H        4.54581532       3.33095063      10.11306977
O       10.91195764       8.41931646      10.56957375
C       14.08187125       9.94200950      11.43231775
C       12.74719926       9.81477698      11.00285782
C       14.92642908       8.81937833      11.56511387
C       12.23574544       8.53311756      10.71668492
C       14.60673925      11.34233781      11.80538149
C       14.38747652       7.59640540      11.17612695
C       13.07553414       7.35360976      10.79308318
H       12.12393677      10.67314072      11.04081657
H       15.93741400       8.96740925      11.97376361
H       15.36651954      11.22670511      12.56953221
H       15.22167012      11.57091856      10.89702415
H       13.75765845      12.01918612      11.95720597
H       15.02708820       6.78454986      11.19456625
H       12.61385889       6.42509587      10.67343267
H       10.70480852       9.24775490      10.11824027
O       15.96392397      12.85625781       1.36761299
C       15.14546111      15.41004502       3.97951020
C       15.05153159      14.62404037       2.82452370
C       16.27566012      15.29393509       4.77993258
C       15.99788447      13.60210042       2.46655190
C       14.07907552      16.45160584       4.37595591
C       17.19417805      14.22250253       4.52428762
C       17.07119711      13.38625255       3.38737834
H       14.24689921      14.68994385       2.15610031
H       16.44117126      15.99632988       5.61894017
H       13.04226270      16.24361219       4.00524940
H       14.17924223      16.59623012       5.46007498
H       14.50946665      17.29970484       3.85721925
H        0.38677297      14.13681352       5.09693166
H        0.20155622      12.72874143       3.21090936
H       15.13881412      12.72289581       0.96621574
O        1.78418815       9.96515236       2.24867906
C        5.30252207       9.60415532       3.29589561
C        4.07740005       9.32258625       2.77909988
C        5.47044442      10.86817101       3.92613645
C        3.01517647      10.27727237       2.73975190
C        6.49864067       8.56002360       3.15272293
C        4.46498660      11.83973069       3.93852486
C        3.28045681      11.53347527       3.28138309
H        3.87651201       8.25124131       2.47317170
H        6.47719275      11.04986488       4.32732393
H        6.37318613       7.89169948       3.99832214
H        6.58756619       8.15614887       2.10503894
H        7.46349374       9.13536899       3.23706326
H        4.78711178      12.78774127       4.29648159
H        2.48873770      12.27050548       3.27564431
H        1.53063124      10.64888356       1.61520020
O        1.71004710       4.84920146       9.77035949
C        1.13250805       8.09820336       8.07167961
C        0.97809246       6.94644689       8.91378988
C        2.37158219       8.21676638       7.44444326
C        1.94987161       6.02669761       9.13379057
C       17.70312638       9.14703152       8.08548078
C        3.37513180       7.26905096       7.57930404
C        3.18428088       6.22087633       8.48717734
H       17.70012084       6.69676191       9.23477038
H        2.50187396       9.16345619       6.87566659
H       16.83826843       8.70625899       7.60524134
H       17.47759696       9.70299549       8.99973287
H        0.40388548       9.95037819       7.53884337
H        4.43019972       7.38595274       7.09875854
H        3.98011085       5.51367038       8.48052127
H        2.33209039       4.14616439       9.72965623
O       17.37638144       4.93195260      11.39300040
C       17.16003880       5.65718654      14.98090535
C       16.91132391       5.68660916      13.60670294
C        0.62154348       5.06466429      15.49407950
C        0.08345980       5.02836975      12.67791583
C       16.26049501       6.32115187      15.93227118
C        1.43712019       4.27415967      14.59789816
C        1.17257307       4.29191203      13.19486714
H       15.98106769       6.12304897      13.32290025
H        0.86724150       5.11534833      16.55252680
H       16.45960176       7.41025348      15.95110420
H       15.30757524       6.08356568      15.67235715
H       16.33735248       5.94394487      16.93147632
H        2.33052646       3.74366707      14.87582505
H        1.95854038       3.91247790      12.52623635
H        0.43352546       4.86455163      10.80772931
O        6.51413699       2.01648763      13.51549703
C        3.43369961       0.63524979      14.90356688
C        4.29683309       1.39460110      14.08222176
C        3.97486518      17.57584992      15.93568919
C        5.68844245       1.32472083      14.36255857
C        1.98405401       0.46122898      14.54357154
C        5.38799981      17.50860538      16.11263568
C        6.28978775       0.52904382      15.36736034
H        4.06324822       1.98301408      13.19117967
H        3.40529643      16.91713649      16.60402385
H        1.73126142       0.98274533      13.61208140
H        1.85995742      17.05864838      14.53092659
H        1.40908223       0.87960214      15.37583349
H        5.87074540      16.77477350      16.81985989
H        7.36280533       0.35937264      15.46208398
H        7.42063925       2.05796018      13.81384164
O        2.20344950      12.21469050      12.82003519
C        2.43472459       9.45034088      15.31851662
C        2.64201841      10.72005421      14.70169565
C        1.93171164       8.38558309      14.62672034
C        2.21065426      10.96148549      13.38510087
C        2.90483223       9.23718438      16.68285504
C        1.46430469       8.61601299      13.32187593
C        1.55161957       9.89841169      12.78704375
H        2.97265876      11.54788532      15.31743377
H        1.83439384       7.46479087      15.24990520
H        3.95058005       8.94835094      16.54548551
H        2.98801299      10.20648731      17.22995347
H        2.45345376       8.50685633      17.32251388
H        1.15002982       7.73736172      12.72112294
H        1.19107430      10.11822575      11.78227933
H        2.00126063      12.95498140      13.35962973
O        9.18315237      12.99555674      10.93585004
C       11.32686064      14.95847298       8.66730243
C       10.82714702      13.93979842       9.57966908
C       10.42716509      15.94284363       8.16517432
C        9.50137381      13.85186717       9.94400750
C       12.72704993      14.85765855       8.10673908
C        9.06772339      15.81753911       8.49628598
C        8.58276412      14.83095309       9.39847905
H       11.54456589      13.21020834       9.88659215
H       10.73833517      16.67696022       7.45031647
H       13.50101720      15.47813789       8.58583387
H       13.01604602      13.82039027       8.23106192
H       12.79433108      15.12091662       7.03885317
H        8.36742353      16.43542150       8.00194283
H        7.50968751      14.80885596       9.51264319
H        8.58398599      13.43121187      11.52980582
O       10.39053940       8.91262802      17.46204002
C        7.51870187      11.28941724       0.35909711
C        8.77910319      10.63741535       0.41155822
C        6.65748402      10.92957638      17.02850820
C        9.22333508       9.58833231      17.31123948
C        7.27682276      12.45669124       1.18956309
C        6.97643193       9.88603717      16.16647132
C        8.22620984       9.23144882      16.31775549
H        9.42481094      11.05651223       1.09306781
H        5.70838225      11.51003823      16.88606786
H        7.94802495      12.40283806       2.13405791
H        7.38663228      13.40528963       0.59970743
H        6.28587884      12.33597567       1.56921494
H        6.30972086       9.65098209      15.34600774
H        8.41446617       8.45424232      15.59868559
H       10.42818767       8.17670014      16.77678985
O        9.09930480       2.50672465      14.86290118
C       11.20645615      17.64442700      13.34258152
C       10.06804688       0.80349110      13.55215075
C       12.28360413      17.55388835      14.21765189
C       10.14945571       1.62909974      14.67130395
C       11.15897863      16.69042850      12.19697546
C       12.23439296       0.61419041      15.37169652
C       11.21734039       1.56417831      15.57007074
H        9.29781824       0.78106177      12.78710988
H       13.07795448      16.91385329      14.09500559
H       11.46110182      17.05963303      11.19773340
H       11.73429648      15.86695330      12.46148948
H       10.20502479      16.22905324      12.12820877
H       12.95070089       0.59175771      16.20650759
H       11.14884791       2.14872055      16.49809268
H        9.11041106       3.01612646      15.68229383
O       17.07535924       9.18470826       3.33773369
C       17.48864551       6.20437843       5.44054737
C        0.14914838       7.27409052       4.56239253
C       16.18182366       6.10690570       6.03267871
C       16.82940099       8.18807342       4.11971905
C        0.83061067       5.21166955       5.86118647
C       15.26262685       7.05561123       5.66061583
C       15.56415866       8.06031649       4.70562261
H        1.10391117       7.43581465       4.15118430
H       15.97033361       5.43952995       6.84058959
H        0.38721609       4.14833972       5.50717434
H        1.83976879       5.50238193       5.63545659
H        0.84887806       5.26404381       6.94700106
H       14.17459345       7.07365308       5.88776300
H       14.87294326       8.74483980       4.34858984
H        0.26212693       9.41436765       3.33419176
O       12.32686133      10.44692381       1.43391337
C       13.24973651      11.12677697       4.91470663
C       13.14538037      11.27618883       3.55380787
C       12.67304518      10.06064500       5.55458356
C       12.35934709      10.37416480       2.82545473
C       13.95655324      12.21188289       5.70233581
C       11.92140943       9.13069284       4.76149587
C       11.71897851       9.26133214       3.43299707
H       13.61446126      12.03874998       2.96467811
H       12.79830544      10.00571861       6.69983915
H       13.53133491      13.11216895       5.32873488
H       13.82021220      12.24050280       6.77968066
H       15.00935187      12.15076260       5.54251888
H       11.53823573       8.28189465       5.26529486
H       11.19401635       8.55066622       2.72500476
H       11.90221260       9.70716288       1.02332736
O        9.04139179       4.14928929      17.15458340
C        5.32587965       4.09553373      17.09394586
C        6.69477945       3.74646167      17.09468901
C        5.04679435       5.49571864      16.98952135
C        7.82706991       4.60635756      17.03756595
C        4.25845944       3.07072887      17.03433927
C        6.15755562       6.41029973      17.11043395
C        7.53962952       5.97844874      17.09816004
H        6.80353505       2.69402698      17.13287295
H        4.07164602       5.91008267      17.00005016
H        3.94653835       2.99449396      16.05505795
H        4.70420860       2.11695166      17.31724658
H        3.43679509       3.41816566      17.57473635
H        5.91392321       7.43893196      17.22236438
H        8.38256800       6.62553400      17.08762630
H        9.64041185       4.86225005      17.11114999
O        6.06528116       1.29915237       2.04355701
C        2.94640907      17.12585383       1.69510662
C        3.81114605       0.48973012       1.66263544
C        3.43711506      15.84981389       2.02925681
C        5.18681574       0.30180715       1.92614163
C        1.47660746      17.32807646       1.52048407
C        4.82009417      15.68531161       2.30117893
C        5.68658849      16.75421304       2.21891220
H        3.38809424       1.47528811       1.45334465
H        2.79781534      15.03301174       1.97605931
H        0.93556933      16.61947258       2.11434333
H        1.27599134       0.67858912       1.70897812
H        1.13165279      16.90640314       0.58914133
H        5.12896191      14.66885623       2.53988605
H        6.70566776      16.52056708       2.40686008
H        6.77397698       1.15476791       2.69855369
O        9.94888597       7.32758193      12.97520075
C        6.51006113       8.62380004      12.64242343
C        7.88599003       8.55972100      12.66893877
C        5.78897203       7.42758830      12.96168798
C        8.54615616       7.39935342      13.08413490
C        5.75183222       9.87799256      12.20318439
C        6.48596525       6.26710632      13.40810970
C        7.86683125       6.23295663      13.48062691
H        8.42804696       9.43294848      12.29894272
H        4.70085960       7.42108451      12.98628854
H        6.49578038      10.64375821      11.89902605
H        5.10905756       9.73301072      11.35012390
H        5.14808796      10.27167027      13.03148574
H        6.03473771       5.26428832      13.51664681
H        8.45686068       5.35776048      13.80011623
H       10.20667062       7.69958288      12.15535288
O       14.81836797       8.40670426       1.63665868
C       14.31365765       9.43177278      15.85998802
C       14.05978262       8.80066394      17.08530356
C       15.55456413       9.97366593      15.52192536
C       15.01561678       8.81310908       0.35574054
C       13.19995010       9.40000317      14.72225480
C       16.56299283       9.92024555      16.51585224
C       16.27339887       9.44912044       0.07725905
H       13.04842344       8.38855647      17.25094735
H       15.70648868      10.33006477      14.46490460
H       13.54798387      10.04909147      13.96735744
H       13.05998792       8.41116727      14.26851949
H       12.27269897       9.77765739      14.94112461
H       17.55249951      10.27584729      16.42692458
H       17.05260141       9.54129465       0.82468008
H       15.40188963       8.66050162       2.24435062
O       10.05142767      10.75818732       9.30486008
C        6.76842459      10.39249852       7.94800145
C        7.83177332      10.76492339       8.79084719
C        6.95322785       9.53792241       6.84582879
C        9.08305315      10.41644212       8.40519538
C        5.37352548      10.74149345       8.42941645
C        8.26801741       9.21490424       6.42281905
C        9.35340728       9.69582325       7.22543209
H        7.76182428      11.16598999       9.72112183
H        6.18782078       9.19355644       6.11257619
H        4.89691700      11.14713203       7.56155302
H        4.78371114       9.91431239       8.88701116
H        5.42949056      11.55956642       9.11650655
H        8.40859967       8.71197781       5.47715190
H       10.33987960       9.40314459       7.07160142
H        9.78351936      11.43756859       9.88733216
O        0.80688889      11.78084041       0.63717915
C        1.28187851      14.01743725      15.37053965
C        0.61418451      13.11963163      16.34258167
C        2.57098583      14.44888147      15.72496706
C        1.31776841      12.71032011      17.50649655
C        0.37306157      14.43715190      14.23186115
C        3.24632270      14.01949492      16.88030271
C        2.60570239      13.17747252       0.07611294
H       17.28019817      12.80089282      16.19721063
H        3.20017092      15.00288990      15.07767863
H        0.93285984      14.62712741      13.30764399
H       17.42529335      13.67576491      13.92263448
H       17.46670851      15.38092618      14.43169543
H        4.19934169      14.38226825      17.25976884
H        3.21534079      12.88039646       0.92607054
H       17.57816143      11.69335107       0.65588216
O       16.16444913      15.28897199      12.27874820
C        0.07425732      13.51830056       9.54243687
C       17.39244361      13.89236785      10.80855874
C       17.35216874      14.32131281       8.47305554
C       16.59641421      15.05395401      11.04849691
C        0.87620923      12.29677477       9.37182482
C       16.62909829      15.56831158       8.67901343
C       16.09698461      15.84603041       9.99827604
H        0.14494444      13.28782321      11.58930464
H       17.67315971      14.12931932       7.47191112
H        0.38355828      11.43260221       9.91525880
H        1.04725839      11.92328514       8.36534705
H        1.92102861      12.50978660       9.81754661
H       16.37829447      16.22712986       7.90782692
H       15.47825395      16.65185058      10.26594254
H       15.84924493      16.22380940      12.33132316
O       13.39224126      12.56628560       0.29391833
C       11.56943115      12.27296765      14.90370549
C       11.96736620      11.97373082      16.24569816
C       12.30388680      13.12991980      14.02842893
C       13.08340542      12.68246349      16.71050853
C       10.24320312      11.55169210      14.37666246
C       13.54299304      13.62775958      14.47302760
C       13.87303252      13.42921060      15.82895779
H       11.31223077      11.38342375      16.84443345
H       12.01515912      13.39834392      13.05078116
H       10.45045142      10.45711950      14.24282804
H        9.37748189      11.81400202      15.02038924
H       10.10882753      11.72832638      13.38684483
H       14.19632786      14.13989234      13.76211354
H       14.78866071      13.85134016      16.07466829
H       13.11341026      11.76582423       0.80637925
O       10.28045213       6.91802138      15.58722462
C       12.91788165       4.58302575      14.79538100
C       11.92842498       5.58204780      14.68273774
C       13.48712907       4.22829026      16.04246070
C       11.40193831       6.17093344      15.79701072
C       13.39412180       3.82856812      13.56293074
C       12.97543937       4.87338255      17.18497480
C       11.94728455       5.85837930      17.06230463
H       11.60299873       5.85060605      13.72201388
H       14.24615662       3.47139473      16.07144772
H       12.55017664       3.49440818      13.01158567
H       13.85143469       4.42127078      12.81355680
H       14.06067334       3.11191351      13.81494345
H       13.57782046       4.64495470       0.30270749
H       11.55674426       6.28093044       0.22474211
H       10.01218105       6.87763978      14.69652704
O        4.97985721      15.60350107       9.27521447
C        1.91464795      17.57029879       9.63359939
C        3.10459020      16.92792616       9.95178714
C        1.49333095      17.63911134       8.24448757
C        3.81457259      16.24020623       8.95084951
C        1.21038353       0.70334353      10.68643163
C        2.12406566      16.82174486       7.30299097
C        3.27821126      16.12172273       7.67746914
H        3.54749270      17.00881584      10.94261459
H        0.59842138       0.32301737       7.92142927
H        1.93567574       0.96734533      11.53006434
H        1.04858489       1.56976269      10.07689164
H        0.21099334       0.31148713      11.10735767
H        1.69748664      16.84101982       6.27652313
H        3.86201712      15.54436017       6.95033509
H        5.35970811      15.15252303       8.52613520
O       12.93605849       0.78666597       2.06956204
C       10.26397722      16.18599663       1.26143004
C       11.58092189      16.74272651       1.45943336
C        9.26557547      17.18876298       1.03228641
C       11.79909926       0.43327120       1.60574660
C       10.05527340      14.68084564       1.34695663
C        9.53356769       0.84173106       1.09191577
C       10.78610924       1.37442474       1.40866098
H       12.38572044      16.05270220       1.56311771
H        8.23252938      16.89331194       0.80507603
H       10.42967173      14.20209768       2.19666846
H        9.01928883      14.59186191       1.27935093
H       10.62245426      14.18027629       0.58741302
H        8.73515207       1.58046352       0.99998468
H       10.89980225       2.46253810       1.46437713
H       12.83964810       1.67319785       2.35684666
O        6.24772964      14.13301003       6.95282388
C        9.47675952      14.36057415       5.18563378
C        8.36581777      13.84341234       5.92645732
C        9.39216893      15.61182763       4.53771690
C        7.19377084      14.65829106       6.13797402
C       10.65097384      13.40159661       5.00797168
C        8.25618734      16.35183489       4.74737068
C        7.19274410      15.94363508       5.57039166
H        8.42264059      12.88558980       6.35285491
H       10.25593576      15.89983211       3.89731110
H       10.98408394      13.01359725       5.94532172
H       10.44677387      12.53263713       4.26224385
H       11.47512067      13.95866067       4.51642919
H        8.13135678      17.27320687       4.17713931
H        6.34225579      16.60585907       5.66339892
H        6.42989005      13.26168387       7.13377680
O        6.27286388      16.40038421      11.43757780
C        7.86582544      14.78621253      14.33399009
C        7.56403817      15.75989178      13.35824557
C        7.04749738      13.62624180      14.43095016
C        6.50495800      15.51851133      12.46405992
C        9.06605946      15.01147278      15.21468051
C        5.91928559      13.49254658      13.56599394
C        5.69913138      14.35614061      12.47233354
H        8.20992497      16.66579585      13.29614443
H        7.25204581      12.97571604      15.25444401
H        8.85054407      14.90219447      16.29984934
H        9.87375043      14.36757309      15.02173855
H        9.44639164      16.02675127      15.05897772
H        5.31040969      12.66236262      13.75827151
H        4.89435114      14.24264501      11.71832611
H        5.69510649      15.89133430      10.78634172
O        5.49521727       3.67894261      11.56895383
C        8.92442975       4.57638868      10.62109885
C        7.83751923       3.90700754      11.23091306
C        8.64098479       5.64225077       9.76617418
C        6.52955194       4.33437814      11.06075121
C       10.28087537       4.03086367      10.99783986
C        7.33798642       6.08020759       9.56724640
C        6.28418631       5.39576625      10.16953593
H        8.10870583       3.06358724      11.85790538
H        9.41414166       6.23269904       9.28616652
H       10.50144748       2.98013091      10.75611597
H       11.11022170       4.68869859      10.65014402
H       10.24170552       4.03574281      12.13060758
H        7.26386853       6.89233507       8.97063301
H        5.29449926       5.71998266      10.07799706
H        5.72024438       2.99881022      12.22415046
O       14.41602915       5.61561162       2.51813837
C        0.22915003       4.75035446       1.77252815
C       16.75668866       5.46558369       1.89390935
C        0.28695851       3.46214265       2.21501953
C       15.58229804       4.90406909       2.48471492
C        1.60139987       5.38429840       1.38851484
C       16.92741700       2.91269600       2.95506418
C       15.71344482       3.61087418       3.11601108
H       16.62396133       6.44254527       1.43701012
H        1.24363037       2.97970426       2.08458792
H        2.14776507       4.86124532       0.61990166
H        1.53803863       6.40975690       1.03801148
H        2.19510937       5.43387481       2.31859436
H       17.14090257       1.88233871       3.30321888
H       14.88001554       3.27564664       3.65901240
H       14.47854078       6.46449707       2.14905419
O       15.81072256       0.58269657      12.79297760
C       15.93634464      17.43811614      16.35973098
C       15.67766895      17.32097339      14.98269294
C       16.43258200       0.93882819      16.84273703
C       15.96943020       0.71730756      14.15454363
C       15.78497737      16.28287837      17.33157089
C       16.72782246       1.97099408      16.03154724
C       16.37975803       1.97375918      14.63989707
H       15.38003640      16.35892890      14.60600087
H       16.55252836       1.12072437       0.19232543
H       14.73777912      16.06315191      17.59268119
H       16.25181090      15.38228461      16.84343707
H       16.31257064      16.37201949       0.57463329
H       16.98636499       2.90876435      16.52096759
H       16.31012250       2.90927227      14.06529974
H       15.74010714       1.50236635      12.36363949
