512
Lattice="17.7128441229 0.0 0.0 0.0 17.7128441229 0.0 0.0 0.0 17.7128441229" Properties=species:S:1:pos:R:3 pbc="T T T"
O       13.90912048       2.87241968       3.03908579
C       11.26431012       4.83971707       4.54284634
C       12.03750433       3.75097109       4.13633038
C       11.95470263       6.10239803       4.56147919
C       13.38418702       3.96695045       3.67502347
C        9.79388869       4.67628711       4.98369557
C       13.26140983       6.26786502       4.13722326
C       13.97099993       5.19157314       3.74668263
H       11.74247002       2.67150665       4.06391721
H       11.42010002       7.05045292       4.78527877
H        9.66014086       5.16372451       5.94419093
H        9.08223897       5.01892122       4.25176834
H        9.52948490       3.55423392       5.09729807
H       13.68002823       7.26223475       4.15880252
H       14.92086086       5.38136113       3.35985564
H       14.61281937       3.01611502       2.44097231
O        6.16144131       7.78355139       2.69273020
C        6.17323921       4.45625794       4.20658021
C        6.30599963       5.46537638       3.29140433
C        5.66807198       4.73561793       5.52592197
C        6.06678330       6.79617292       3.69048710
C        6.61740079       3.04856609       3.83567247
C        5.33067242       6.07682950       5.92502995
C        5.57238982       7.08372623       4.97938583
H        6.69849085       5.28506612       2.37963226
H        5.60576090       3.82570466       6.16324142
H        7.66960862       2.99259841       3.61405634
H        6.35156701       2.38153015       4.63516175
H        5.93370551       2.63257226       3.05787753
H        5.01537496       6.34242946       6.91801398
H        5.57514256       8.08699152       5.23286907
H        5.35014314       8.32278454       2.68528863
O       17.39810866       3.44023940      10.66612370
C       14.52945163       4.26165004       8.51757784
C       15.60050871       3.56553266       9.07189481
C       14.04595663       5.42229635       9.19774828
C       16.26642854       4.07957590      10.19064096
C       13.81154194       3.80457109       7.17867074
C       14.61816371       5.82954556      10.41027367
C       15.75082248       5.21013460      10.85204292
H       15.92361193       2.71328163       8.56337669
H       13.17029783       5.80319594       8.78620423
H       13.50614148       4.64661260       6.55375946
H       14.52465956       3.15566508       6.63856318
H       12.84260032       3.30690329       7.41812915
H       14.22900836       6.74618170      10.95559549
H       16.18035067       5.75721576      11.68301291
H        0.24578965       4.10133228      11.00087035
O        3.14404014       3.24037679       9.19848460
C        0.81529127       2.62944424       6.32230869
C        1.32128876       3.20393528       7.50792202
C        1.57242408       1.57836511       5.77398142
C        2.57966988       2.72392383       8.07182309
C       17.24145605       2.97742987       5.77439303
C        2.77792640       1.11869986       6.25301871
C        3.28780447       1.69350205       7.43039091
H        0.75416034       3.94431185       8.01450559
H        1.19394474       1.00352094       5.00498446
H       16.60322632       2.13319297       5.64585509
H       16.65675162       3.66099092       6.38920701
H       17.42774102       3.44695222       4.83685269
H        3.32354759       0.31131315       5.66466670
H        4.36614583       1.54919200       7.69727801
H        3.77099516       2.59388805       9.47628377
O       11.15548446       9.53919336      11.56974960
C       13.80322600      11.84454212      10.34554067
C       12.50399191      11.28080556      10.52530208
C       14.81582376      11.37759755      11.23625296
C       12.33768502      10.22209554      11.40858520
C       14.20768742      12.91359635       9.37980231
C       14.63676969      10.29248326      12.12427213
C       13.38987852       9.67288603      12.13763808
H       11.61414768      11.58153505      10.01392872
H       15.74465589      11.82810459      11.22832282
H       15.15878292      12.81005065       8.91405076
H       13.44489216      12.89023921       8.56955936
H       14.24431062      13.85348789       9.84588145
H       15.32743071       9.92903937      12.87842275
H       13.17528883       8.83695330      12.74770091
H       10.45366395       9.86359168      11.03293020
O       14.80984891      12.82964081       3.39506972
C       15.64001650      16.29220746       3.07493943
C       14.83784316      15.16048298       3.07224031
C       16.98322181      16.21355479       3.21584194
C       15.55294665      13.94720273       3.27623448
C       15.03917697      17.65669737       3.05081370
C       17.68585892      15.00057429       3.27141554
C       16.93131745      13.87597549       3.31854980
H       13.78590192      15.21168926       2.96763295
H       17.48979445      17.17537666       3.21565611
H       14.05821241      17.68380039       2.56845304
H       14.95811270       0.37232077       4.06941978
H       15.76707733       0.57352627       2.51998764
H        1.03966269      14.95769134       3.25343982
H       17.39921765      12.90811458       3.33592440
H       13.99009604      13.07822091       2.91143002
O        4.12375390       9.43635285       2.65818781
C        4.56496300      11.49828297       5.64239944
C        4.83912077      10.69980659       4.52371075
C        3.18143496      11.80731621       5.87801546
C        3.86326108      10.18900004       3.69093654
C        5.64955124      12.11580690       6.57775896
C        2.17352248      11.32296775       4.99946938
C        2.46495005      10.48954611       3.96320134
H        5.91728168      10.47317907       4.42128556
H        2.92945844      12.40868831       6.78830063
H        5.49679322      12.16485391       7.63786220
H        6.58807492      11.63737129       6.27586313
H        5.88951535      13.13799489       6.25472424
H        1.23432097      11.71066038       5.32861082
H        1.72887213       9.94213687       3.39271530
H        3.32322412       9.61788076       2.09645925
O        2.38844248       5.54053427      10.38299263
C        0.95617852       8.63522255       9.19070049
C        1.30953714       7.61103449      10.04328893
C        1.44341218       8.64305564       7.80004597
C        2.15215890       6.62119358       9.54580956
C       17.71057467       9.80455279       9.55406094
C        2.36171553       7.62686823       7.39428874
C        2.55221686       6.56074302       8.22860050
H        1.05431024       7.61929530      11.12384482
H        1.19378766       9.36628095       7.03890529
H       17.58129657      10.58431577       8.86039701
H       16.70844786       9.47284368       9.72355313
H        0.22050354      10.34276933      10.52117527
H        2.83444141       7.63508172       6.38662286
H        3.20958721       5.82754730       7.85968642
H        2.69383263       4.73090020       9.86216969
O        1.45275468       4.99317459      12.80066614
C        4.14288440       6.77075747      14.54539945
C        3.44508619       6.09677372      13.50770315
C        3.49004769       7.02680948      15.72876304
C        2.12729117       5.63760529      13.74752133
C        5.53883049       7.25733718      14.27156528
C        2.15666442       6.60016870      15.90953291
C        1.47851174       5.92635673      14.89577454
H        3.97305870       6.01604965      12.60368316
H        3.98754040       7.52973444      16.57868628
H        5.78661954       8.17446519      13.74264464
H        6.04126830       7.23804756      15.21268919
H        6.07742530       6.49231394      13.79621834
H        1.65922228       6.86733911      16.89514553
H        0.52086693       5.52059550      15.17822432
H        1.97120064       5.17684914      12.02598123
O        6.33744709       0.47146376      12.47430432
C        3.52709980      16.45563880      14.15786742
C        4.26280118      17.28601200      13.25563525
C        4.31011408      15.78207541      15.12289997
C        5.68413305      17.35565584      13.30927056
C        2.02300998      16.36499673      14.00614591
C        5.69803281      15.90396671      15.22188680
C        6.36262280      16.65804935      14.28879032
H        3.77164175       0.14570536      12.43516521
H        3.88789861      15.20434590      15.87620144
H        1.54370120      15.63878826      14.68381621
H        1.40550133      17.27013900      14.31051317
H        1.71831483      16.01497865      13.04195331
H        6.30565766      15.34015917      15.97262836
H        7.47976634      16.69313345      14.24318696
H        7.25509078       0.48448617      12.80149634
O       16.35017172      13.87923545      12.56719632
C        1.03368930      11.39748730      13.77332975
C       17.53699311      12.02567184      13.56208799
C        2.21778390      11.75914922      13.07823601
C       17.48783941      13.17391759      12.70458524
C        1.13765180      10.21738183      14.77603056
C        2.17482866      12.78632042      12.13512893
C        0.94766572      13.50276144      11.97042648
H       16.62355538      11.65576557      14.02256662
H        3.10469765      11.23859094      13.27261580
H        1.05948957       9.30935873      14.23691607
H        2.19770647      10.18372516      15.05283987
H        0.43224642      10.28138735      15.56915253
H        3.07896246      13.13942605      11.60821141
H        0.93871116      14.36223178      11.24576797
H       16.50045189      14.75686393      12.21372242
O        9.18619148      12.77330428       9.28555757
C       11.68742187      13.77570617       6.70634020
C       10.62493767      13.13465647       7.37809883
C       12.23047828      14.88378141       7.39013616
C       10.16288165      13.47584829       8.62246049
C       12.14705918      13.39335392       5.33484569
C       11.84824604      15.36800898       8.66242885
C       10.84707659      14.59303297       9.23352301
H       10.16436501      12.31210986       6.86549070
H       12.96824321      15.55957486       6.83773567
H       12.79267678      12.56285501       5.55021568
H       11.40492022      13.22378348       4.61318859
H       12.94066076      14.10438762       4.96632336
H       12.30102749      16.20724882       9.14095134
H       10.62608645      14.84413636      10.25485706
H        8.55483539      13.35958210       9.76675636
O        9.37371647       9.27469170       0.70376305
C        8.56115200      12.76076825      17.44378005
C        9.16723478      11.51182511      17.47747337
C        7.48401302      12.90942627       0.64457896
C        8.74103415      10.46753898       0.61175765
C        9.13771220      13.84962724      16.61024353
C        7.02356258      11.94124572       1.51670508
C        7.64497764      10.66598928       1.49314566
H        9.99470364      11.34435467      16.82072217
H        7.07134110      13.82037089       0.83780923
H        8.71996002      13.80240786      15.62378871
H        8.77413720      14.80186138      17.11258392
H       10.21153869      13.88421577      16.65406791
H        6.17154604      12.11861374       2.18152999
H        7.32821409       9.91920563       2.18194029
H        9.04209835       8.65487761       0.07115514
O        9.03457083       1.18388500      13.27669570
C       11.54952302      16.17854153      12.76922519
C       10.30452486      16.81821493      12.86861344
C       12.76011765      16.90382892      12.85642442
C       10.25180986       0.50838784      13.07780335
C       11.56835073      14.72099266      12.70362665
C       12.68360832       0.56031073      13.07815883
C       11.44698044       1.22416807      13.12949549
H        9.43111943      16.16122333      12.91637536
H       13.74498036      16.43573264      12.87805764
H       12.28775094      14.30834081      11.95215510
H       11.76268500      14.27536987      13.71781484
H       10.55444377      14.37991546      12.30558704
H       13.59080930       1.10786885      13.11032625
H       11.47422858       2.31392922      13.27268375
H        9.14836236       1.88133710      13.90236267
O       15.71771984      10.13336419       3.23073230
C       16.18256544       7.78768231       6.01721992
C       16.17188751       8.29463718       4.71925400
C       15.59110342       8.56540898       7.01724682
C       15.67631710       9.61113244       4.51029888
C       16.75716988       6.40237674       6.23920613
C       15.25024873       9.94866357       6.83516505
C       15.32280468      10.47633785       5.56531735
H       16.61449643       7.72303986       3.90209720
H       15.48849357       8.17828632       8.02313173
H       16.60554720       5.84705946       5.30222678
H        0.09138279       6.29803982       6.51279525
H       16.13064800       5.88237073       7.01564053
H       14.86015994      10.56105443       7.64385843
H       14.98750097      11.50691923       5.39861303
H       15.56281042      11.05116311       3.24996659
O       11.60523281      10.06582521       2.72354304
C       11.19863685       9.38921621       6.34428961
C       11.71935962       9.96000469       5.10277593
C        9.89508078       8.85413461       6.31637392
C       11.02087348       9.77490995       3.89920758
C       11.97339671       9.34460496       7.62426032
C        9.19844481       8.68391634       5.09059879
C        9.77911307       9.16142159       3.89057353
H       12.67341397      10.50987866       5.13018812
H        9.39284440       8.48466727       7.22608982
H       12.23972985      10.27764343       8.00925170
H       11.37663294       8.73692849       8.31718953
H       12.87467491       8.78297357       7.39420345
H        8.23416994       8.16895110       5.05874565
H        9.15022245       8.95818124       2.99783986
H       11.17568307       9.52896196       1.98648561
O        8.55843581       2.96214878      16.04015916
C        4.90203971       3.04964868      16.22352381
C        6.25541902       2.69808035      15.82699842
C        4.67697071       4.27004422      16.86049035
C        7.33503442       3.36525826      16.35850208
C        3.69968445       2.14680653      15.87124307
C        5.84041600       5.04732713      17.23718036
C        7.12493828       4.59349666      17.02528298
H        6.47678848       1.79671449      15.27800671
H        3.62694562       4.62191505      17.10404601
H        2.95292278       2.15140037      16.71444946
H        2.94649806       2.53735865      15.21569417
H        4.00836212       1.18146985      15.74505535
H        5.68896245       6.09817181      17.69677133
H        8.01473834       5.17341586      17.37743351
H        9.16124544       3.55045425      16.38293002
O        6.11508282      17.19137575       3.61628826
C        3.34205100      16.28051155       1.47916123
C        4.39690163      17.04899001       2.08341494
C        3.05134340      14.99737257       1.91203807
C        5.14851111      16.42138084       3.07218605
C        2.52172894      16.97385417       0.44154372
C        3.81570490      14.42953066       2.92599372
C        4.84603214      15.08108147       3.50414993
H        4.66555765       0.33484998       1.79517341
H        2.14617834      14.60324002       1.52417035
H        2.57118338      16.42469455      17.27186981
H        1.43526408      16.93833672       0.69650820
H        2.66153241       0.34493612       0.36448349
H        3.75143990      13.40750371       3.11179341
H        5.40244050      14.51912555       4.34820947
H        6.94078061      16.71580987       3.73913441
O       10.15126865       7.69523992      13.47219304
C        8.32587296       4.69864367      12.57335658
C        8.63064362       5.85999974      13.27162127
C        9.36424089       4.06938875      11.79460884
C        9.85755593       6.49712535      12.91054897
C        6.95421236       4.19067822      12.89023941
C       10.55595130       4.70669275      11.54323626
C       10.74867859       5.99803016      11.98422074
H        8.10411626       6.31902204      14.03989058
H        9.12236736       3.05912699      11.37154423
H        6.16596185       4.54770254      12.10324329
H        6.96117043       3.06350630      12.92615638
H        6.62553833       4.39503291      13.94287006
H       11.34473981       4.24039852      10.91828660
H       11.66146870       6.60729432      11.76727742
H       10.47774592       8.27352607      12.77953114
O       16.87802023       8.56422183       1.51415520
C       15.53934855       7.63391693      15.93124616
C       16.43912677       7.94758922      16.99353269
C       14.19633090       7.37461997      16.24935421
C       15.97986827       8.09359934       0.59041606
C       15.94130747       7.51808945      14.53324381
C       13.75390728       7.48618190      17.59313592
C       14.64068491       7.79598845       0.89782187
H       17.45228585       8.09252766      16.80109195
H       13.54931670       7.41353600      15.42182100
H       15.10632224       7.04392464      13.91907004
H       16.15008283       8.47380655      14.07883238
H       16.78274244       6.85744329      14.56446115
H       12.66008294       7.36829887       0.06754725
H       14.31992244       7.91496553       1.91930303
H       16.44722877       9.05984556       2.18510712
O        9.02301929      10.15538900       9.57546319
C        5.54954961       9.48860588      10.43065094
C        6.68334790      10.17527797      10.08053801
C        5.48984253       8.12468442      10.42068964
C        7.88864583       9.44818086       9.83520974
C        4.23176707      10.17153306      10.74458367
C        6.58816488       7.38745927      10.06864778
C        7.78814979       8.02593094       9.83384070
H        6.71477973      11.25546056      10.06216514
H        4.59389470       7.58369579      10.66688998
H        3.56316970       9.37155019      11.03690180
H        4.33092404      11.02510054      11.39524652
H        3.69844419      10.58028195       9.86849220
H        6.62377694       6.26472728       9.83066795
H        8.68645900       7.50971492       9.59049902
H        8.92181920      11.12999114       9.39978481
O        2.02824470       9.35144875       0.86992521
C        0.64138993      12.57837285      17.51057892
C        0.69964630      11.24054253       0.22167404
C        1.81662823      13.11347188      16.93648035
C        1.92156106      10.54208337       0.32894104
C       16.97398182      13.35147929      17.48044296
C        3.02443597      12.42928797      17.01288723
C        3.08773295      11.13604932      17.57711813
H       17.44871058      10.71093417       0.33570835
H        1.83959519      14.11264583      16.50539895
H       16.17108314      12.68726680       0.20676128
H       17.05119446      14.29545485       0.24516504
H       16.65682294      13.55164510      16.44021771
H        3.98291001      12.86238433      16.70590330
H        4.02369134      10.59823760      17.66302070
H        1.21575818       8.85012325       0.83536294
O       16.74367048      16.18003797      11.38177580
C       16.51481284      15.11486847       7.91821573
C       16.83245880      15.11250423       9.28001422
C       15.47967215      15.93646539       7.43137730
C       16.40535804      16.22773175      10.04610050
C       16.92296068      13.89055147       7.06738592
C       15.10063991      17.03578217       8.22805084
C       15.55729676      17.23951694       9.53208934
H       17.55765070      14.38596397       9.66787079
H       15.08730411      15.89146144       6.41617394
H       17.55895162      14.12645663       6.16704152
H       17.55817340      13.16331425       7.56490241
H       16.09610888      13.38703474       6.60385303
H       14.56399094       0.19884863       7.77701846
H       15.15009675       0.41812737      10.12447435
H       16.60561680      17.11882509      11.58750213
O       12.64512698      12.68846556       1.69615040
C       12.67550577      11.27610705      16.01414247
C       12.48957601      11.33006913      17.42236578
C       13.33335221      12.33262673      15.38685529
C       12.92221591      12.53594542       0.38330157
C       12.23022149      10.00477989      15.30748412
C       13.72289800      13.53405522      16.05178110
C       13.46764716      13.68988254      17.43193777
H       12.06455650      10.48317683       0.17026421
H       13.37256542      12.40084287      14.31381914
H       11.77137255       9.36836990      16.13037238
H       11.50576728      10.32683004      14.54980404
H       13.05997232       9.54320915      14.76851133
H       13.93727438      14.43654041      15.38217965
H       13.69631157      14.62250355       0.22786577
H       12.24536416      11.87109754       1.96081038
O        9.54728627       7.28619434      15.98363107
C       12.03343115       4.73288414      16.60489255
C       11.29689417       5.69952106      15.95827551
C       11.93451458       4.47874068       0.23509360
C       10.34998079       6.43522787      16.64266010
C       13.05225075       3.93363939      15.70539466
C       11.04960016       5.29500626       0.91146446
C       10.24028648       6.29442273       0.30215781
H       11.21696579       5.88888399      14.94256377
H       12.54423500       3.71930190       0.66699914
H       13.97186076       4.48360628      15.61001077
H       13.17656658       2.92282692      16.07998217
H       12.66812544       3.86663611      14.68263302
H       11.07707145       5.14036729       2.01419399
H        9.55719472       6.80456759       0.97078276
H        9.67473070       7.11820094      15.03037133
O        6.31414480      15.79062208       9.41857710
C        2.89865275      16.99410269       9.77245714
C        4.26985981      16.89597913       9.94909480
C        2.32506282      16.21319035       8.73619725
C        5.01217069      15.94822943       9.25506911
C        2.02643420       0.25485754      10.57128914
C        3.05940557      15.38117845       7.91977409
C        4.42465702      15.23953251       8.19905603
H        4.81379867      17.49748245      10.73339789
H        1.27093747      16.31188810       8.50702433
H        1.64310587      17.36695000      11.34868333
H        2.44644986       1.14322839      11.02964069
H        1.16868800       0.47764088       9.88882224
H        2.59943066      14.80143831       7.08909239
H        4.91679876      14.42783650       7.64766085
H        6.68483980      15.63194577       8.53876186
O       12.38725980      16.53029418      16.39522744
C        9.31866926       0.11411852      17.56422246
C       10.24009551      17.27834331      16.69351751
C        9.78795350       0.78013517       0.98455138
C       11.57243567      17.38748900      17.05528580
C        7.83894286      17.65201126      17.46815882
C       11.16024982       1.04954275       1.24222172
C       12.12180803       0.49361995       0.34496209
H        9.98307516      16.53163153      15.93149750
H        9.01282695       1.17016005       1.69525802
H        7.47173656      17.25349162      16.50418736
H        7.35789961      17.00546065       0.55123665
H        7.35277472       0.89857820      17.59024572
H       11.50845234       1.69040732       1.97145534
H       13.14364059       0.57368510       0.55066774
H       11.85402821      16.01950433      15.72845405
O        7.72113163      14.82614409       7.14922367
C        9.17251608      16.03656881       4.07041682
C        8.49760988      15.11195468       4.91896146
C        9.37612066      17.40161511       4.34009178
C        8.15123465      15.65960555       6.19749599
C        9.83911340      15.49196047       2.85332239
C        9.07860662       0.10909484       5.62791761
C        8.42826265      17.02284820       6.56433707
H        8.38563968      14.05221239       4.68545480
H        9.69847236       0.34871466       3.52266952
H       10.14228822      14.43871272       3.01537088
H        9.04722154      15.44771602       2.09252970
H       10.59793997      16.03648243       2.39763367
H        9.15172135       1.13182922       5.81565332
H        8.01989135      17.36331680       7.60014321
H        8.02941299      13.94452616       7.12999667
O        7.68668639      14.33335406      11.11110508
C        7.69008523      11.67644970      13.64917271
C        8.11969302      12.55044250      12.63665441
C        6.36148576      11.79841623      14.15503341
C        7.25582641      13.51357659      12.11397056
C        8.57510788      10.52935206      14.20839683
C        5.50646503      12.76849894      13.60021051
C        5.95198914      13.68173572      12.61262154
H        9.02862523      12.51592501      12.08608587
H        6.04957635      11.15680855      14.95450381
H        9.45677495      10.96248817      14.68641921
H        7.97834759       9.85758388      14.82187536
H        9.00449022       9.90726697      13.40683781
H        4.58323865      12.83693120      14.01959957
H        5.26074611      14.39306862      12.31180728
H        7.01765790      14.92259647      10.84454169
O        5.52455222       2.18443811      10.22062131
C        8.91258523       1.86671935       8.91090572
C        7.71863313       1.55154678       9.58529801
C        8.94524359       3.03979868       8.16401740
C        6.58071417       2.38583496       9.42508835
C       10.18118305       1.05940073       9.11531374
C        7.83224012       3.85710274       8.00750042
C        6.67557843       3.51270935       8.60289696
H        7.56258018       0.68995461      10.12164112
H        9.91278755       3.22478679       7.66659130
H       10.30207297       0.37545201       8.33630823
H       11.08133984       1.79617291       9.14764705
H       10.22561897       0.66617730      10.12656254
H        7.89037785       4.77191773       7.31277909
H        5.77354244       4.05878406       8.50663965
H        5.82857714       1.63195632      10.99141547
O       15.97818991       4.25365460       1.56421765
C        1.50426018       5.40090944       2.81811539
C        0.17649181       5.46522033       2.36896358
C        2.17313812       4.18043685       2.88646899
C       17.22442778       4.29019762       1.94591092
C        2.11011979       6.66664904       3.30058765
C        1.53619139       3.01005641       2.41014055
C        0.15505842       3.05713046       1.97883523
H       17.41802930       6.40606510       2.47197294
H        3.19141615       3.97354675       3.24337329
H        1.59909431       7.58759723       2.92884085
H        1.95332490       6.58127998       4.37100868
H        3.20282283       6.72607872       2.93925562
H        2.10411264       2.13255403       2.42417712
H       17.39424050       2.13811886       1.66598352
H       15.51557752       5.12180122       1.39228402
O       16.50594723       1.41486268      12.43083088
C       16.27618356       0.20168479      15.86930972
C       16.18396280       0.25139068      14.46298558
C       16.87150480       1.34747708      16.52643280
C       16.53442387       1.40015706      13.77396701
C       15.99732045      16.62992023      16.63524592
C       17.19291291       2.53253601      15.78507484
C       16.88049499       2.55701067      14.43084014
H       15.85315521      16.99400750      14.01404847
H       17.02696647       1.34498943      17.62021568
H       16.54717701      15.73007164      16.36469189
H       16.15909171      16.77178725      17.66757632
H       14.98461346      16.41775860      16.48654609
H       17.44143168       3.48569495      16.11034022
H       17.17274785       3.35856688      13.72321048
H       16.93256998       2.13791416      11.94516678
