512
Lattice="17.7128441229 0.0 0.0 0.0 17.7128441229 0.0 0.0 0.0 17.7128441229" Properties=species:S:1:pos:R:3 pbc="T T T"
O       11.52412522       4.33356081       3.60557667
C        9.42684460       4.04966474       6.60938728
C        9.83785658       3.93084785       5.30113703
C       10.38339902       4.42922178       7.58982874
C       11.16570565       4.33613248       4.91986595
C        7.92408509       3.81370918       6.99168792
C       11.69968574       4.71544194       7.18558330
C       12.08222157       4.72121060       5.87284005
H        9.13327078       3.61459483       4.52062692
H       10.11004226       4.64053690       8.61625968
H        7.53678091       4.64479493       7.62503353
H        7.31267155       3.74673258       6.04805643
H        7.79151101       2.84777402       7.50050879
H       12.41958456       4.97895372       7.95267631
H       13.07119108       5.07769279       5.63694285
H       12.29223606       4.78742852       3.47417133
O        4.72125722       4.14541642       3.32845142
C        7.83309328       6.14212072       2.86415457
C        6.79943977       5.16231141       2.67246078
C        7.84192124       6.82150747       4.12516621
C        5.71914552       5.05179344       3.59387092
C        8.86385416       6.44626366       1.80146177
C        6.73705128       6.71326667       4.96092860
C        5.63571008       5.91137498       4.72098528
H        6.93357133       4.69480192       1.67745439
H        8.55896995       7.55013754       4.37694901
H        9.84592206       6.70942301       2.23291921
H        8.88069272       5.53922158       1.25624469
H        8.36717177       7.15207416       1.27539033
H        6.67817666       7.18143413       5.96750697
H        4.80228669       5.89577135       5.34260547
H        4.97808486       3.33495081       2.83229719
O       15.88569051       3.40269014      10.93801339
C       15.32802320       2.61221292       7.36148439
C       15.87301275       3.25737455       8.51044001
C       14.05573620       1.99207973       7.47226648
C       15.22742895       3.06144435       9.73718180
C       16.01519831       2.71257674       6.05585807
C       13.33278150       1.99243268       8.67664942
C       13.94470151       2.49320997       9.83264363
H       16.79865380       3.77738397       8.46169880
H       13.57426191       1.54931795       6.57925194
H       17.12588390       2.63115977       6.12823071
H       15.73121691       1.94824985       5.36023450
H       15.78385347       3.60815348       5.42042030
H       12.39732761       1.37698796       8.65431501
H       13.55698886       2.30115629      10.83986488
H       16.80200374       3.72728040      10.80326405
O        3.43603798       2.42145443      10.30548177
C        3.44912339       1.77242483       6.69902259
C        3.03031607       2.18993369       7.97239722
C        4.59505996       0.94906309       6.52354229
C        3.81330008       1.87321837       9.09873670
C        2.64158581       2.16866818       5.49687300
C        5.29369854       0.53735392       7.67415561
C        4.92960693       1.02914313       8.96079547
H        2.11907772       2.72772521       8.00924579
H        4.94537292       0.58257153       5.60576846
H        1.74637386       2.67876984       5.64822796
H        3.24477065       2.63402255       4.76812846
H        2.21068029       1.24431982       5.09527334
H        6.17281797      17.54412620       7.52018992
H        5.59714342       0.76376428       9.77755088
H        4.21875648       2.31440807      10.82166356
O       11.31496772       7.34057229       9.36006911
C       13.62992592       9.37777935      11.38639323
C       12.47025594       8.85562531      10.79147726
C       14.77936427       8.56341504      11.18870884
C       12.44528019       7.69847579       9.97933135
C       13.63094272      10.73816286      12.02405282
C       14.73167663       7.33090170      10.53869622
C       13.59404901       6.97953011       9.83179209
H       11.56988871       9.49952958      10.97593874
H       15.70351812       8.86378792      11.55820516
H       12.73003181      11.30348410      11.94147028
H       13.79679519      10.51226269      13.10222838
H       14.39350389      11.38133321      11.62597546
H       15.65084421       6.76888702      10.46528457
H       13.72990356       6.11461545       9.14397877
H       10.61385300       8.00202084       9.39077701
O       15.33307974      13.43596048       1.67927447
C       16.05171003      15.08177153       4.84298740
C       15.69925516      14.91451997       3.48010588
C       15.97352910      14.02019460       5.73019083
C       15.43478300      13.62432319       3.02277977
C       16.51624922      16.48172851       5.19163113
C       15.65655533      12.75322078       5.28460624
C       15.40592541      12.54219762       3.92516430
H       15.90336257      15.72933409       2.68637305
H       16.20693789      14.11041561       6.76599783
H       16.31431855      16.64708438       6.26855064
H       17.61189957      16.40764923       5.04518846
H       16.11168337      17.36076438       4.63246390
H       15.61098158      11.92321330       5.95126968
H       15.05775323      11.60833711       3.52013064
H       14.43455797      13.11023759       1.57312570
O        0.74185180      10.88317111       0.34016315
C        2.37082883       8.12411321       2.05133224
C        1.69341406       8.89255760       1.07699106
C        2.57344687       8.75433773       3.29951784
C        1.22820541      10.16384061       1.32083620
C        2.80224746       6.64815979       1.87919304
C        2.10327551      10.04701906       3.58153519
C        1.33152341      10.72010723       2.60922533
H        1.41461339       8.48978118       0.18159499
H        3.11828146       8.24374275       4.03498958
H        2.53108368       6.16039384       2.82328289
H        2.18941650       6.26865687       1.05373044
H        3.87620639       6.54279617       1.71328609
H        2.35722029      10.37875763       4.55791112
H        1.00786348      11.82803358       2.65004223
H        0.81987916      11.80070678       0.59036152
O        1.26952177       7.68024925      10.11341203
C        3.61290294       9.49011928       7.86831786
C        2.56113932       9.24713420       8.70925419
C        4.48383565       8.39679098       7.53818069
C        2.37235880       7.93742891       9.26245642
C        3.83915054      10.85126957       7.27120586
C        4.30714596       7.10007584       8.03795369
C        3.26708761       6.86064519       8.96125168
H        1.85670975      10.00163273       8.95999848
H        5.38012889       8.66815835       6.93980298
H        3.92105680      11.58077652       7.97116677
H        4.65177845      10.83628667       6.54968859
H        2.90833930      11.02020843       6.65273372
H        5.07610953       6.32220566       7.92656081
H        3.12032210       5.97895317       9.47245094
H        1.32563304       6.98707049      10.72955361
O        1.02476130       3.97457972      10.67530475
C        0.37996531       6.41467065      13.44368446
C        0.13199158       5.55180992      12.34165643
C        1.68650674       6.41161744      14.04330105
C        1.22490408       4.88851235      11.68069275
C       16.93696079       7.25992046      14.07356415
C        2.75435420       5.78281308      13.40440714
C        2.49805398       4.97181294      12.25905531
H       16.82368552       5.41290336      11.98054926
H        1.87001108       7.02931876      14.94099733
H       17.19021887       7.58920901      15.05751894
H       16.66388845       8.14359751      13.45028533
H       16.13883734       6.57712436      14.14921687
H        3.71604940       5.89905375      13.85676089
H        3.29051642       4.39886474      11.86163097
H        1.76222818       3.35898366      10.69120776
O        6.79118772      17.27774681      12.77856092
C        3.41444264      16.62709750      13.96718457
C        4.49360249      16.85765777      13.12035939
C        3.59721109      16.56823925      15.39653617
C        5.78756921      17.05347618      13.62741544
C        2.04222990      16.31154876      13.25516505
C        4.91081623      16.61819534      15.85143069
C        5.95756986      16.90126817      15.00330987
H        4.37386755      16.71862105      12.09666271
H        2.83039481      16.36476789      16.18121428
H        1.73714872      17.08200533      12.58260589
H        2.21769255      15.43503643      12.61696384
H        1.32651662      16.04041280      13.96705136
H        5.07816337      16.73854909      16.86779637
H        6.89639304      17.16260689      15.43448605
H        7.56650763      17.55788533      13.27141500
O        0.90889191      10.28804552      15.23622409
C        4.45623023       9.11050785      14.96911093
C        3.17340831       9.60485130      15.50858310
C        4.57972007       8.79663036      13.54681061
C        2.09383410       9.78468672      14.76303840
C        5.66450361       8.96773877      15.84676108
C        3.40162597       9.05165162      12.79045053
C        2.18411672       9.43924924      13.35671435
H        3.11545269       9.65007011      16.58036291
H        5.48384387       8.39654018      13.04674802
H        5.52869589       9.59186661      16.75110545
H        5.80792478       7.96721720      16.28659512
H        6.48663141       9.35272158      15.33863021
H        3.39515864       8.96169181      11.79978377
H        1.29813824       9.57220513      12.67474012
H        0.81080909      10.29868643      16.15888160
O        8.93266421      14.32592693       9.46625770
C       11.42803826      16.32387124       7.73374358
C       10.83849669      15.21246568       8.42967780
C       10.67788150      17.46939016       7.54396648
C        9.49188076      15.38833771       8.83672810
C       12.71477100      16.02248709       7.09694776
C        9.44675139      17.66084176       8.14197507
C        8.82457306      16.59650444       8.71875355
H       11.37231964      14.27040718       8.60995899
H       10.99151675       0.54161480       6.82985402
H       12.86792716      16.48879664       6.13194060
H       13.63494177      16.44989605       7.54514006
H       12.85990987      14.94233987       6.99616446
H        9.07323321       0.90722486       8.00223615
H        7.79034205      16.70700223       9.13077977
H        8.07525780      14.34784750       9.84615198
O        9.75189445       9.95648344       0.97631490
C        6.69853089      10.72418914       2.97585811
C        7.98289202      10.22416449       2.62736362
C        5.98351949      11.51142559       2.02516623
C        8.51739451      10.39049675       1.36176663
C        6.00878689      10.29090242       4.28131418
C        6.54240931      11.68959870       0.73305373
C        7.75480770      11.02472800       0.35750665
H        8.43630114       9.61072880       3.36930495
H        5.00576646      11.97712793       2.29334210
H        5.46742700      11.07805019       4.77021339
H        5.35646687       9.43075375       4.14903402
H        6.71672184       9.99866446       5.03335240
H        5.86593811      12.04802205       0.03650379
H        8.14698507      11.09734781      17.07245347
H        9.97953987      10.00965380       0.05865049
O        9.01351253       0.40431093      13.94445804
C       11.86210721      16.47265829      12.33327282
C       10.51734456      16.86903620      12.55046453
C       12.84515000      16.81827907      13.25196523
C       10.25797765       0.01824445      13.66612326
C       12.16381541      15.28931911      11.42810416
C       12.67006628       0.09704912      14.21401354
C       11.34150605       0.51336091      14.44777077
H        9.74200521      16.36767498      12.04125867
H       13.78837461      16.30392325      13.27056914
H       12.74433090      15.64028410      10.54727799
H       12.79323754      14.53687844      11.87561985
H       11.25903203      14.83239803      11.17287789
H       13.35369157       0.31263902      14.99289751
H       11.09651556       1.20546487      15.18909731
H        8.93732657       1.15606067      14.49140213
O       16.65375684       8.86130236       3.33755186
C       17.40672853       6.88995476       6.35334006
C       17.42858530       7.39129933       5.04544344
C       16.74885521       7.65640130       7.28334410
C       16.68670137       8.49011151       4.66723908
C        0.42639732       5.66284652       6.76663529
C       16.03954321       8.80460889       6.99384329
C       15.89186800       9.19765014       5.63136507
H        0.27044584       6.74153022       4.33046253
H       16.76330215       7.29697876       8.27312296
H       17.60823332       4.77992178       6.33933191
H        1.38657429       5.62871439       6.22303852
H        0.57391806       5.68689219       7.85692619
H       15.44123774       9.32207328       7.75823349
H       15.11404423       9.97248396       5.44270005
H       17.49708057       8.87337946       2.99341602
O       11.63895036      10.53954471       2.81480699
C       12.52822353      10.79428635       6.40796674
C       12.22184396      11.15304240       5.02909009
C       12.52476557       9.44062247       6.75680574
C       11.94109664      10.16725188       4.07734201
C       12.69609770      11.82201230       7.50278966
C       12.19611355       8.49491823       5.78209705
C       11.82495695       8.82791166       4.44540618
H       12.26372240      12.17513068       4.86538177
H       12.71928738       9.15417659       7.79392016
H       12.00141051      12.64987752       7.29645341
H       12.39691355      11.34636718       8.41928893
H       13.69031406      12.22280693       7.61940373
H       12.01071832       7.49668238       6.17042611
H       11.49172584       8.11897018       3.72839252
H       11.18662036       9.84487991       2.26953589
O        9.15470560       2.97619935      15.74699364
C        5.51750663       3.69870288      15.76806937
C        6.77732637       3.07017335      15.45856470
C        5.40584793       4.80297577      16.64980116
C        7.92049012       3.65398263      15.99996670
C        4.32568805       3.20646508      15.05236027
C        6.62839284       5.52442625      16.91214018
C        7.88371340       4.94420749      16.59608051
H        6.86332287       2.31401974      14.76515377
H        4.37730000       5.18334179      16.87858595
H        4.40154352       3.10088860      13.94708374
H        3.93192623       2.22933680      15.35199579
H        3.51280981       3.94353097      15.24038416
H        6.65459714       6.45195674      17.52304634
H        8.81502054       5.35803661      16.82502054
H        9.95218599       3.21215542      16.24557268
O        5.14070267       2.41829913       1.12209031
C        4.06648552      17.00471243       2.77456356
C        4.03168795       0.65003147       2.29283503
C        5.22479235      16.22490893       2.56822886
C        5.17605217       1.18104931       1.74472207
C        2.78857716      16.40046275       3.21005426
C        6.36003258      16.79948946       1.97493675
C        6.36142556       0.43269584       1.67976934
H        3.15757558       1.25753380       2.37712514
H        5.29972693      15.21885194       3.01966748
H        2.83553984      15.37821420       3.63954134
H        2.33507727      17.18080536       3.84053324
H        2.13966180      16.29532331       2.36697897
H        7.19357436      16.08827952       1.94693967
H        7.20078787       0.79063408       1.06783053
H        5.45214570       2.37455386       0.26720113
O       10.68733214      10.70627854      16.35066091
C        9.75755735      11.03827272      12.75007935
C       10.10278178      11.40568096      14.11641947
C        9.18765276       9.79820534      12.59056385
C       10.01344626      10.44295586      15.14991329
C        9.82781626      12.11184751      11.67851226
C        8.93468909       8.88050665      13.60013257
C        9.30851088       9.23443675      14.90062001
H       10.51884206      12.38982888      14.33205225
H        9.05473980       9.50093728      11.55235803
H       10.19838834      11.77740148      10.75594142
H        8.83496945      12.55863088      11.66295029
H       10.35005294      12.92922667      12.06175489
H        8.41864907       7.94941159      13.27676470
H        9.35456574       8.51768371      15.75058040
H       11.25517713      11.46325595      16.38666933
O       13.97980109       8.58539229       2.25955964
C       13.83567200       9.07701610      16.36383031
C       13.49030794       8.61741922      17.64067568
C       14.73229697      10.08217382      16.11439865
C       14.19583351       9.16629460       1.02957693
C       13.12532509       8.46692047      15.21371607
C       15.47118078      10.63380253      17.18080960
C       15.23242915      10.10726199       0.78985347
H       12.73724620       7.79884391       0.16525860
H       14.99202147      10.29426733      15.10101182
H       13.69297877       7.62841593      14.74607953
H       12.12373191       8.08202540      15.46697182
H       12.87673869       9.13967606      14.42615279
H       16.15195065      11.47679711      17.09944006
H       15.84511866      10.43998844       1.63779565
H       14.77209799       8.78856397       2.85315711
O        9.32559295      11.80512874       7.28222019
C        7.09626325       9.69913529       9.21857220
C        7.67392697      10.88370199       8.70940960
C        7.52632386       8.42883813       8.88957881
C        8.69782920      10.75426712       7.80839367
C        6.04223765       9.68968997      10.37341088
C        8.46125159       8.31815580       7.88207585
C        9.00316347       9.52487572       7.30455592
H        7.23726545      11.85270889       9.12591366
H        7.18349169       7.52616831       9.32908164
H        5.28641366      10.47396117      10.11185381
H        5.54547626       8.66890277      10.35455322
H        6.34826516       9.88122037      11.39613922
H        9.02102245       7.39539467       7.68492846
H        9.68113934       9.34542523       6.47292648
H        9.41839689      12.34062709       8.04676056
O        0.57054743      14.54750669       1.82426780
C        0.17836711      13.69033333      15.99745976
C       17.55343215      13.93591084      17.37635019
C        1.54222599      13.65262285      15.58077983
C        0.86493976      14.09933197       0.60986409
C       16.80189959      13.72229308      14.92605368
C        2.52885357      13.76259424      16.57083695
C        2.18600351      13.91106795       0.21278849
H       16.48416173      14.02198239      17.55408242
H        1.90678579      13.55075788      14.58022030
H       17.20582201      14.04047949      13.99418629
H       16.38439123      12.72652694      14.75303380
H       15.94616671      14.32746266      15.26359068
H        3.60878378      13.68404102      16.44754267
H        2.86710758      13.84832986       1.02243150
H       17.36169728      14.40106159       2.07105454
O       16.92009333      15.94859673      11.88599733
C       16.88356114      12.54065117      10.59278102
C       17.22486506      13.66997433      11.37074252
C       16.05872937      12.62738259       9.43424941
C       16.66670427      14.89387765      11.11644077
C       17.41427184      11.21792022      11.03537925
C       15.45254929      13.83806126       9.25391627
C       15.79307949      14.99642503       9.99593966
H        0.24771877      13.56060751      12.16008264
H       15.82212387      11.80846303       8.77868542
H       17.28568785      10.35378604      10.22474998
H        0.78908522      11.33934042      11.23170816
H       17.08671876      10.73555030      11.95018874
H       14.71138834      13.99991989       8.47323318
H       15.40872734      15.94308007       9.62339187
H       16.30138758      16.71673956      11.79596273
O       12.98293942      12.42442525       1.02602927
C       10.37667708      14.24577817      16.97798268
C       10.98027798      13.48982615       0.26977079
C       10.97076153      14.49900553      15.73178992
C       12.28073267      12.98791958       0.01056514
C        8.98206752      14.84811870      17.24721498
C       12.31801690      14.12049513      15.57018786
C       12.98996467      13.32134918      16.50587730
H       10.41395007      13.24901143       1.13808297
H       10.47035357      15.10955505      14.94532646
H        8.36702479      13.99407885      17.19999551
H        8.75938704      15.24806736       0.53121783
H        8.70085885      15.58593441      16.42903404
H       12.92285863      14.29194458      14.68423782
H       14.00196803      13.03998517      16.25962243
H       12.43223212      11.82548028       1.54401047
O       11.16796553       4.11089750      17.39107164
C       12.58423529       5.25452959      14.13723746
C       11.74689241       5.07220670      15.30383861
C       13.86391660       4.61319014      14.10640119
C       12.08329619       4.25096611      16.35250994
C       12.12922307       6.23787546      13.09882377
C       14.07185881       3.59409958      15.08350740
C       13.16377863       3.40050228      16.16926498
H       10.78663533       5.62446403      15.22371301
H       14.49408668       4.73435808      13.28080544
H       13.05234813       6.52234639      12.54486057
H       11.40686375       5.76241649      12.38032404
H       11.70847635       7.14732981      13.47692976
H       14.85285844       2.92841572      14.96990112
H       13.46919763       2.80661320      16.99376727
H       11.59300252       3.58567357       0.35056233
O        5.57953212      14.38634042       7.36416483
C        2.15742067      15.47810405       8.29950738
C        3.53952951      15.12472144       8.42197757
C        1.48697712      15.08560694       7.20330081
C        4.22334414      14.57256514       7.32069986
C        1.59281269      16.49133394       9.38367497
C        2.11797548      14.49616364       6.10911119
C        3.51797883      14.31350207       6.16316144
H        4.01171020      15.45465597       9.35723397
H        0.44466368      15.37492035       7.08127149
H        0.93759749      15.93088512      10.04978373
H        2.45180583      16.88345772       9.94445580
H        1.00158258      17.34349689       8.92885488
H        1.51306425      14.14109724       5.29622375
H        4.02797435      13.98271073       5.28464421
H        6.04734685      14.02280521       6.54932085
O       12.60638896       1.69388523       3.74772203
C       12.94383994      17.14762610       0.91924657
C       13.17976612       0.06948123       2.13098399
C       11.75267504      17.41137771       0.24639455
C       12.25387983       1.05071201       2.64102172
C       14.10780331      16.35283563       0.26036435
C       10.83851565       0.69793591       0.66764051
C       11.13519324       1.42767386       1.85198582
H       14.21183273      17.65441169       2.63896067
H       11.68958581      16.96651505      16.99658283
H       13.99204457      16.01429686      16.94413832
H       15.03412709      16.96245075       0.34008172
H       14.29025940      15.52688302       0.96991033
H        9.91835361       0.85947258       0.11568599
H       10.49914910       2.21064487       2.18157939
H       12.03963663       2.38646289       4.15121135
O        7.51917300      13.32580087       5.98430800
C       10.08998054      15.30094022       4.29769330
C        9.43950845      14.19723549       4.88294492
C        9.44769153      16.57562135       4.31011980
C        8.07889497      14.33309569       5.31833102
C       11.47589056      15.13148177       3.85692515
C        8.12489566      16.73130598       4.77953214
C        7.44739644      15.57860152       5.25997693
H        9.99682572      13.27005096       4.94651195
H        9.93668907      17.51803228       3.92752311
H       12.28479932      15.66327668       4.29940779
H       11.81819108      14.08701773       3.73031545
H       11.36703675      15.39391003       2.84529417
H        7.52428460      17.56875268       4.79426423
H        6.47743002      15.82581772       5.58645482
H        8.18987463      12.67367144       6.27263638
O        6.35393507      14.24956902      10.09325909
C        5.53670201      12.89890136      13.41220215
C        6.21979708      13.49753990      12.36537197
C        4.22941996      12.39324376      13.22213661
C        5.68660716      13.59880765      11.07873195
C        6.26211197      12.52337837      14.67113800
C        3.61199110      12.53721374      11.96466776
C        4.36423648      13.12391638      10.91344845
H        7.20630708      13.82993437      12.63553350
H        3.68322380      11.86197327      13.92526337
H        7.24699817      12.05371870      14.41935275
H        6.61201534      13.40518809      15.26873599
H        5.73833984      11.78875669      15.17694747
H        2.60433553      12.12521063      11.78431948
H        3.78914385      13.23343439       9.98040054
H        5.93288273      14.23245632       9.26646486
O        5.56057798       2.12483794      12.04841344
C        8.91583699       3.28996299      11.18285084
C        7.85249156       2.44302963      11.47127285
C        8.60437274       4.68280344      11.11556782
C        6.59479893       2.96142944      11.85180789
C       10.22059222       2.71041865      10.78555077
C        7.38833049       5.21948524      11.53370715
C        6.36434229       4.37029191      11.94058700
H        7.99561962       1.33991650      11.33460058
H        9.45698441       5.42966684      10.78044341
H       10.59291814       2.11501114      11.66403176
H       10.13517423       2.00474783       9.97377140
H       10.93137133       3.43511384      10.51720244
H        7.15227842       6.26009877      11.48680858
H        5.39667290       4.75467919      12.25683380
H        5.94627536       1.33559962      12.36325574
O       13.73081976       5.93578513       2.95726611
C       16.49059218       4.85704121       0.72517820
C       15.54142920       5.68826337       1.37656723
C       16.61986963       3.57137382       1.09668798
C       14.76668543       5.19101892       2.42554494
C       17.24772020       5.44695082      17.22669917
C       15.88477254       3.04931525       2.14887878
C       14.97697018       3.86659694       2.84971114
H       15.38917010       6.68444043       1.20115541
H       17.49770035       2.99912447       0.72304535
H        0.52282404       5.09374402      17.28320004
H       16.71055139       5.10365994      16.42438459
H       17.11840598       6.51271147      17.15097580
H       15.95535920       2.04569881       2.49422384
H       14.41877245       3.54928314       3.69683292
H       13.81202451       6.86711153       2.78799242
O       15.45006695       1.23289107      12.84828790
C       17.62123899       0.68855047      15.80864996
C       16.54665241       0.39587222      14.90226927
C        1.04303500       1.45398721      15.33004410
C       16.55333537       1.16701494      13.66711806
C        0.07358714      17.59052290      17.10839812
C        1.00899860       2.11057248      14.15499898
C       17.67257846       1.89631844      13.25719067
H       15.68263684      17.48105837      15.24873758
H        2.02036476       1.46815376      15.83160912
H        1.12638896      17.30901103      17.30171583
H       17.26723621       0.39629463       0.16577072
H       17.38793481      16.63344278      16.94215371
H        1.83170141       2.66125506      13.78722663
H       17.64896468       2.49718050      12.37201494
H       15.51070898       1.86895886      12.11221396
