512
Lattice="17.7128441229 0.0 0.0 0.0 17.7128441229 0.0 0.0 0.0 17.7128441229" Properties=species:S:1:pos:R:3 pbc="T T T"
O       12.66263603       3.81416915       4.05542326
C       10.15773012       4.44722937       6.61754995
C       10.92067478       3.78610940       5.69892149
C       10.59601915       5.63389433       7.21584381
C       12.05799077       4.38759094       5.15434092
C        8.75909821       3.89817062       6.84946921
C       11.77126019       6.23980538       6.73339346
C       12.45010747       5.57769388       5.74915612
H       10.53719100       2.86915797       5.26298499
H        9.94819887       6.14876583       7.95608452
H        8.09063835       4.65086486       7.27254842
H        8.37493799       3.48870980       5.89796601
H        8.81623173       3.06320102       7.56311481
H       12.11754160       7.17206545       7.27680769
H       13.30431160       6.10258428       5.32809049
H       13.48518072       4.32182479       3.78475544
O        5.32360455       2.73704312       3.60977426
C        7.49655891       5.69287172       3.75083699
C        6.85577132       4.45720802       3.29364535
C        7.00747802       6.35814236       4.90141365
C        5.89473312       3.85949112       4.07259218
C        8.60985397       6.35278318       2.94312957
C        5.90646598       5.77248480       5.55538705
C        5.42598669       4.49769605       5.16403422
H        7.25359126       3.96347215       2.38579676
H        7.24368730       7.32910665       5.20347130
H        8.44946372       6.35679763       1.83822835
H        8.82939096       7.32610278       3.24170181
H        9.47432527       5.68417284       3.06748170
H        5.42089975       6.30422708       6.32428635
H        4.70152004       4.01719428       5.71943931
H        5.46694127       2.45629618       2.73062150
O       16.70903355       1.55794313      10.92045056
C       15.26540385       2.36372590       7.65108674
C       16.23459893       1.90833144       8.61847761
C       13.89481938       2.61488703       7.96843217
C       15.78432375       1.82634954       9.96004267
C       15.66624750       2.61086143       6.19936792
C       13.49699954       2.28625349       9.26757006
C       14.41711151       1.95460539      10.29567976
H       17.30499445       1.84039070       8.37862660
H       13.16224893       2.76876199       7.26858196
H       16.55284536       2.01734985       6.04296403
H       14.86006055       2.15457027       5.64384718
H       15.76640564       3.67659303       6.07044791
H       12.46810119       2.45154585       9.51790976
H       14.16579592       1.82853040      11.36463519
H       17.53189197       2.05425163      10.76488566
O        3.81740265       3.40448380       9.40088160
C        3.16363303       1.55774834       6.32449033
C        3.02370503       2.47045126       7.35824318
C        4.34830750       0.82715661       6.18268032
C        4.06018543       2.62144096       8.29802449
C        1.94013163       1.44801053       5.37028570
C        5.46886874       1.13582107       7.01728512
C        5.24804669       1.96989283       8.13089578
H        2.08654521       2.98577463       7.40977593
H        4.37331638       0.14378992       5.33339341
H        2.41370345       0.89304912       4.51830618
H        1.10837136       0.89175478       5.63864592
H        1.49248672       2.48001204       5.19111173
H        6.40192128       0.63411300       6.81520627
H        6.02230596       2.13180570       8.80713752
H        4.57734111       3.28229110       9.96892953
O       12.27328191       8.38267915      12.20118934
C       14.74891192      11.02857616      12.31796699
C       13.61719329      10.29112623      12.57242894
C       15.73159832      10.55083372      11.44124672
C       13.41744159       9.10358396      11.93777719
C       15.05625997      12.23496517      13.16647699
C       15.49791305       9.39180983      10.73048217
C       14.36510150       8.63808274      11.01771915
H       12.91701777      10.68320704      13.26396947
H       16.62029652      11.13161181      11.17042889
H       14.22224304      12.92260235      13.24296251
H       15.20772166      11.89913922      14.17299091
H       15.91077226      12.79372470      12.75227876
H       16.21000551       9.15151073       9.98597541
H       14.19733501       7.76574006      10.37313551
H       11.72240348       8.79857529      12.83185217
O       16.38903753      11.83796902       3.37417150
C       16.12561198      15.56035703       3.83651922
C       16.59616387      14.21300504       3.57427005
C       14.90309912      15.71118260       4.52368750
C       15.80945650      13.04150238       3.79759924
C       17.04259381      16.71822380       3.44729629
C       14.11350350      14.56856740       4.71991404
C       14.54217076      13.22396143       4.37833352
H       17.58721817      14.06790382       3.22515949
H       14.46469005      16.68035505       4.78824073
H        0.34921301      16.39121032       3.73125115
H       16.99620610      16.90535908       2.37454534
H       16.80925331      17.54821087       4.04869934
H       13.07707801      14.71744801       5.02659646
H       13.87201540      12.42871658       4.43843365
H       15.72670623      11.33390877       2.80727629
O        0.79842793       8.43883658       0.62028326
C        1.67958653       5.06037228       1.93406048
C        1.10937322       6.07054750       1.11672882
C        2.23485555       5.39594397       3.22706359
C        1.19263541       7.42626338       1.46628603
C        1.70070873       3.59846570       1.48464737
C        2.09374865       6.78089529       3.61887638
C        1.62509496       7.76807722       2.72364604
H        0.72036347       5.86380981       0.08598155
H        2.55331994       4.68674345       3.95482915
H        1.44437047       2.91508749       2.33310651
H        1.04715855       3.45979739       0.60361875
H        2.71510505       3.37509355       1.17545488
H        2.54010446       7.16424593       4.53435157
H        1.47061093       8.77872888       3.10658090
H        0.92560338       9.31239405       0.98015609
O        1.37145673      10.28064713      11.06061844
C        2.44446653       9.94991625       7.61569255
C        2.01826257      10.52266150       8.78432411
C        3.17328638       8.74809430       7.64403149
C        1.99783473       9.73707309       9.97240464
C        2.47523133      10.81217395       6.34884089
C        3.15373248       7.90189821       8.79495177
C        2.42368699       8.36142171       9.91172088
H        1.58641122      11.46555773       8.78102596
H        3.71927730       8.42126074       6.72718940
H        3.11843700      11.58107352       6.27449464
H        2.53100661      10.11814276       5.42708372
H        1.53119153      11.33928365       6.21222257
H        3.63896191       6.92702928       8.84207464
H        2.32657057       7.71734302      10.77282212
H        1.51701212       9.77825517      11.89620508
O        1.36448804       3.30150391      10.41255948
C        0.26351150       5.82618603      12.88934120
C        0.25267869       4.92093693      11.79826217
C        1.36329907       5.84181067      13.80145000
C        1.40321849       4.18462724      11.49115992
C       16.85216847       6.73383248      13.14177395
C        2.56970598       5.23131513      13.43704788
C        2.54795612       4.27473570      12.35600729
H       17.16870256       4.66101087      11.15280853
H        1.25493450       6.41882786      14.75303250
H       16.50763419       6.82417518      14.22864326
H       17.09739260       7.71859405      12.70473911
H       16.01362671       6.38967253      12.55462246
H        3.38290204       5.40030357      14.13112246
H        3.32461650       3.57340802      12.12993748
H        2.22109321       3.38109424       9.90480099
O        6.85498356       0.50612119      12.19210140
C        3.22865022      17.28545701      12.23676352
C        4.47614020       0.11443297      11.75656252
C        3.18796062      16.53109119      13.39810382
C        5.66735279      17.64437020      12.54221391
C        1.92682240      17.45839290      11.45267239
C        4.37881744      16.29004682      14.14786553
C        5.60368648      16.84889580      13.65884861
H        4.45312459       0.69696970      10.76699119
H        2.22298309      16.05240934      13.62169110
H        2.04871269       0.41562625      10.58644131
H        1.66623435      16.52176586      10.98396600
H        1.21483396       0.24033731      12.08756791
H        4.41943156      15.59942775      15.01330091
H        6.54175035      16.63377241      14.04833786
H        7.62888045       0.25083938      12.70052786
O        1.78742749       8.79013753      13.27564590
C        4.11532710       8.82938190      16.06870848
C        2.86635459       8.80812612      15.34657830
C        5.32621490       8.93631205      15.33324897
C        2.93116345       8.99983187      13.94987435
C        4.21864467       8.48075938      17.54089766
C        5.31067197       9.22259355      13.94864619
C        4.08871632       9.20364664      13.26147838
H        1.99147518       8.47831976      15.81674514
H        6.23052372       8.93191985      15.98859159
H        5.23341989       8.07170638      17.64568496
H        3.95722606       9.30348789       0.41005098
H        3.56364337       7.71903831       0.11574759
H        6.19991891       9.37773073      13.46170910
H        4.04561286       9.38547639      12.18466799
H        1.47501344       7.87530041      13.20050726
O        8.60198865      14.99018406       9.23355185
C       10.91523269      17.36166258       7.72760873
C       10.35248781      16.13197576       8.11616122
C       10.52051496       0.81388207       8.40151283
C        9.24197780      16.11608683       8.97238887
C       12.03679560      17.45027671       6.69548622
C        9.44193749       0.79552740       9.31293665
C        8.72381493      17.33830897       9.51397451
H       10.75857691      15.13370744       7.74254047
H       11.05042836       1.73652647       8.23334357
H       11.96671702      16.49508565       6.16352451
H       11.82948834       0.61105909       6.18029868
H       13.08392199      17.57664962       7.04554283
H        9.22176214       1.68961744       9.82994134
H        7.82456776      17.19193588      10.11042916
H        7.77353285      15.07010661       9.71659078
O        7.58693437       9.55545185       0.42881928
C        6.38517442      10.96521182       3.58445659
C        6.75400383      10.00483178       2.58527380
C        6.82105682      12.30841346       3.42248230
C        7.47215953      10.42418001       1.45863976
C        5.49928874      10.53419370       4.76403399
C        7.65486464      12.67491711       2.33128970
C        7.97680789      11.70584745       1.33321180
H        6.41983746       8.95566260       2.71638474
H        6.43087467      12.94701804       4.18229130
H        4.53213425      10.77163458       4.45792155
H        5.67180626       9.49495603       5.07853972
H        5.79060446      11.07501251       5.65307593
H        7.75993636      13.72526541       2.08949400
H        8.54419289      12.05932095       0.41699452
H        8.47468804       9.62114334       0.08487056
O        8.85774855       0.36174768      14.06348889
C       11.10170615      15.77107189      12.22378125
C        9.88752482      16.32653907      12.75220242
C       12.37929988      16.27355863      12.50554839
C        9.97327285      17.47473135      13.58746160
C       10.99989224      14.55375078      11.46402239
C       12.40317398      17.41118972      13.38851394
C       11.20852691       0.27685741      13.89591567
H        8.90134140      15.86835218      12.51764127
H       13.32146989      15.83591721      12.23170962
H       11.23560853      14.66202482      10.44496652
H       11.60424060      13.69933940      11.88809506
H       10.02582755      14.08804801      11.40371679
H       13.34154544       0.18548860      13.56795551
H       11.25278194       1.10024909      14.56296891
H        9.10378061       1.16405331      14.51087548
O       15.91887602       7.83748159       3.36846317
C       17.60501241       6.64684452       6.53606902
C       17.08428807       6.66884847       5.18335188
C       17.58898695       7.87370852       7.18445400
C       16.48204057       7.80584870       4.65502291
C        0.24087973       5.33565395       7.23757487
C       17.12007673       9.03330247       6.67123442
C       16.53608232       8.97685719       5.37345958
H       17.09917461       5.79434474       4.69430478
H        0.23429003       7.86390240       8.22105903
H        0.93876569       5.49414142       8.03092604
H       17.04877444       4.92561189       7.58350915
H        0.64693493       4.64496611       6.54099017
H       17.10858358       9.99071347       7.23261427
H       16.19519252       9.87901092       4.95015069
H       15.81835926       8.68893356       2.99364244
O       10.45743621      12.17063393       3.24016597
C       12.33575671      10.65148911       5.96876297
C       11.63529304      11.56989665       5.18258588
C       12.43788657       9.32012294       5.50615997
C       11.15684920      11.20924567       3.93875073
C       12.97727767      11.11605484       7.27728711
C       11.96193066       8.96937903       4.18758320
C       11.29630784       9.89659727       3.42593914
H       11.52628096      12.55429474       5.53761901
H       13.08156541       8.56134906       6.02299885
H       13.60401868      10.31443067       7.65264372
H       13.62367952      11.98584386       7.04379992
H       12.30231031      11.36587065       8.02820678
H       12.14955340       7.97196600       3.87175482
H       10.88930453       9.56416692       2.47353926
H        9.77005098      11.76893689       2.77513834
O        9.27514982       2.92880312      15.39384345
C        5.65400505       3.17509081      15.85480525
C        6.91703869       2.83923591      15.36020896
C        5.54385464       4.18875799      16.80516586
C        8.09897925       3.39511612      15.87064221
C        4.44721492       2.45289903      15.34879699
C        6.73244862       4.75596705      17.35287035
C        7.97112464       4.44112870      16.83353868
H        7.11521945       2.01454945      14.68124200
H        4.51836549       4.56279905      17.10874160
H        3.51439375       2.91610848      15.71773798
H        4.35622618       2.42571582      14.32631363
H        4.40462771       1.41234233      15.61096688
H        6.55559697       5.51956849       0.36864930
H        8.86999119       4.97119970      17.19045933
H        9.99060067       3.38187950      15.67151180
O        5.67214444       1.94069329       1.03074762
C        4.73613609      16.17540133       1.47457100
C        4.71137741      17.56771973       1.54219484
C        5.51058382      15.59064939       0.43749866
C        5.61258230       0.60725022       0.70190261
C        3.96901094      15.48993799       2.52045683
C        6.29121798      16.36491254      17.23051019
C        6.32128341       0.04414181      17.36590777
H        4.17880914       0.38664533       2.29894898
H        5.39132825      14.51939339       0.18563123
H        3.83575882      14.46717721       2.19822376
H        4.58372775      15.37898315       3.41801933
H        3.05834639      15.96288521       2.80131240
H        6.78957303      15.83135794      16.43852091
H        7.03598552       0.62339759      16.80083057
H        6.12069177       2.50520639       0.45476952
O       10.29021450       9.60142941      17.46314444
C        9.59269566      10.18750181      13.82145776
C       10.17555997      10.34098367      15.12236037
C        8.90704698       8.97819458      13.54925865
C        9.89569478       9.33051921      16.16452094
C        9.75417714      11.22590071      12.77367812
C        8.87446846       7.90412356      14.49123808
C        9.25679059       8.09877690      15.83768184
H       10.81807297      11.23362435      15.26096915
H        8.49303017       8.97949585      12.55469290
H        9.81383461      10.84134115      11.69855392
H        9.05746328      12.13497081      12.77383118
H       10.70304139      11.68836079      12.93383867
H        8.44983751       7.02639845      14.12121122
H        8.95169827       7.42417940      16.64553103
H       10.64222847      10.43168504      17.69494734
O       14.42256714      10.12832268       2.40962185
C       13.86920896       8.56538650      16.92227532
C       13.65693322       8.91031230       0.54014482
C       14.98643071       9.11118077      16.22892251
C       14.56950341       9.81960239       1.13260492
C       12.91703289       7.54029420      16.33454842
C       15.95278425       9.90270572      16.88320969
C       15.69722242      10.31352826       0.44883774
H       12.85403132       8.47382472       1.15708171
H       15.22358463       8.86104548      15.16979888
H       13.50383970       6.87682457      15.74888474
H       12.62546510       6.87464403      17.09428169
H       12.15777428       8.07117125      15.77660333
H       16.81107039      10.11887698      16.24556076
H       16.36385293      11.03432273       0.97319912
H       13.49913701      10.07784670       2.65216188
O        9.22477730      12.74651277       7.53467944
C        7.09351117      10.57365544       9.67018369
C        7.82236261      11.67658048       9.24430572
C        7.42609465       9.34623386       9.15175618
C        8.76134668      11.61820477       8.19783090
C        5.80981536      10.72962944      10.56329208
C        8.46283425       9.22912090       8.20411037
C        9.11013793      10.37056562       7.65481912
H        7.45381668      12.68871490       9.62145095
H        6.95752618       8.43757184       9.34272913
H        5.29535596      11.65323502      10.54875311
H        5.21334149       9.77164786      10.50804336
H        6.19945517      10.74266008      11.61791876
H        8.42382516       8.26406468       7.73682342
H        9.76021694      10.15972743       6.84021824
H        9.09780615      13.58253895       8.00459955
O        1.33936172      11.61240646       2.98328087
C        1.39831152      13.16743160      17.34891670
C        0.88578659      12.80185182       0.90694572
C        2.72406957      12.86284141      16.98006607
C        1.73721180      12.06665249       1.80166992
C        0.42585938      13.79586831      16.32496563
C        3.47093304      11.97379300       0.10616755
C        2.99951296      11.56214996       1.39779629
H       17.62637959      13.11509420       1.15363150
H        3.16459901      13.25432637      16.11774077
H        0.72450521      14.73626566      15.80612607
H        0.12880816      13.07890880      15.60684461
H       17.17019341      14.02197092      16.76339372
H        4.47621998      11.68741594      17.69948957
H        3.63861054      11.05073486       2.03239638
H        0.40347479      11.61328169       3.12542186
O       16.65226805      15.44344717      11.98640060
C       16.35639880      13.40372064       9.03949121
C       16.84031044      13.89866541      10.29632037
C       15.21608131      14.05078035       8.45867798
C       16.16773070      14.93893287      10.87073000
C       16.93561960      12.21870014       8.31690703
C       14.61139962      15.17452905       9.06297024
C       15.14645115      15.60953165      10.22292423
H        0.08917227      13.60258842      10.67249589
H       14.88199139      13.66275655       7.52065639
H       16.10277315      11.72090552       7.84003412
H       17.64418283      12.48985411       7.51123553
H       17.31032830      11.50513787       9.00170157
H       13.78148901      15.73235397       8.67484167
H       14.69976732      16.54524410      10.64697361
H       16.16663035      16.20208717      12.42047697
O       13.31871951      12.97979169       1.67576122
C       11.63199861      13.83990516      16.21191358
C       11.84143508      13.40146107      17.52864587
C       12.70088849      14.43133123      15.50895501
C       13.10353727      13.44742121       0.41290790
C       10.20229809      13.85920879      15.65737455
C       13.97334603      14.55230129      16.12495690
C       14.14402176      14.10645242      17.43128154
H       11.02611434      12.98976826       0.35600569
H       12.65416592      14.49370596      14.38375300
H        9.54546639      13.31773318      16.25505813
H        9.62725356      14.89764160      15.60021275
H       10.20181587      13.41428826      14.67517053
H       14.82997256      14.96226357      15.54930204
H       15.22244853      14.09475141       0.03394733
H       12.45269638      12.83650475       2.05437273
O       11.24028302       4.74813878      16.59143370
C       13.19018449       4.36150983      13.42450077
C       12.19076763       4.72005095      14.36545505
C       14.05978110       3.37512141      13.77713273
C       12.12238768       4.17756016      15.67046093
C       13.35475637       5.13566248      12.12019459
C       13.98115319       2.73502739      15.08543042
C       12.98875484       3.15935227      15.99840514
H       11.47550899       5.45091676      14.23186647
H       14.82249277       3.03518542      13.07997869
H       12.48806722       4.95568236      11.50015880
H       13.08056061       6.18140112      12.22408622
H       14.25370063       4.96320687      11.61337835
H       14.70624061       1.93797036      15.37818641
H       12.96341070       2.64131854      16.95613264
H       11.48250704       4.71206515      17.49410087
O        5.13860378      14.96319395       7.78600771
C        1.68530278      15.79271045       7.24476387
C        2.96672454      15.89250037       7.70670351
C        1.30567779      15.04444497       6.13469221
C        3.93711408      15.06571383       7.19594296
C        0.57082214      16.64634437       7.91682317
C        2.36605231      14.36876214       5.45165005
C        3.64962678      14.28709076       6.04577324
H        3.21227795      16.51834287       8.57998751
H        0.28494425      15.17966956       5.77351494
H       17.41065108      16.53900272       7.29967441
H        0.36241316      16.38445877       8.91463296
H        0.89412194      17.66051982       8.06221557
H        2.11494850      13.91637611       4.48431332
H        4.36946687      13.54385447       5.70340527
H        5.80610142      14.75166058       7.09224414
O       10.63029651       3.42916280       1.94778819
C       12.38968710       0.27333902       1.26532891
C       12.16879719       1.52311794       1.75993815
C       11.53761767      17.46321722       0.27118828
C       10.97489207       2.21620210       1.46842952
C       13.58583692      17.21431177       1.73404447
C       10.44624271       0.49594021      17.55018064
C       10.15809165       1.67743260       0.47841883
H       12.90643025       1.91158705       2.38903702
H       11.71029114      16.42512989      17.62861914
H       14.36615581      17.37847062       1.01061683
H       13.92600785      17.57245018       2.69594322
H       13.40703179      16.10944857       1.76423763
H        9.72926763       0.05722615      16.86987791
H        9.27836584       2.17070415       0.12551885
H       11.18973876       3.71260322       2.65520488
O        7.26056606      14.25675750       6.46778982
C        9.40112498      16.20238759       4.11679383
C        9.01721595      15.19390190       5.03704795
C        8.49656566      17.19906645       3.71448358
C        7.73442759      15.16303293       5.54408335
C       10.76441168      16.13983156       3.48542720
C        7.15137237      17.13634589       4.17326873
C        6.82019568      16.10786989       5.08312425
H        9.70515552      14.44826290       5.31573465
H        8.70614576       0.24423706       2.93347116
H       11.30197198      17.08935748       3.48768307
H       11.37999252      15.39311952       3.90875614
H       10.58562835      15.94088201       2.38686148
H        6.44485980       0.16238694       3.84242327
H        5.83113327      16.03676136       5.35673477
H        7.96083615      13.53538800       6.55301932
O        6.14141571      14.70987852      10.45095651
C        5.50422062      12.94875452      13.60352120
C        6.09743184      13.69463236      12.54724602
C        4.11561937      12.64451151      13.50152748
C        5.38245904      14.18464602      11.47392221
C        6.27683760      12.31283810      14.79145611
C        3.38372758      13.15975192      12.40132456
C        3.99438621      13.96918814      11.39225404
H        7.14244474      13.93354542      12.59719224
H        3.62660666      12.04046852      14.28264550
H        5.80823913      11.41498400      15.22264259
H        7.27505718      12.04520931      14.35178956
H        6.41651467      13.00931576      15.59097487
H        2.37592748      12.94709005      12.21197858
H        3.50224453      14.14252274      10.48827108
H        5.55514948      14.76494752       9.65766387
O        5.70302149       3.10374088      11.52748430
C        8.51634797       5.47916819      11.31607355
C        7.87990939       4.27276874      11.48632713
C        7.76248088       6.70705205      11.25972023
C        6.39991808       4.30922147      11.49004501
C       10.07906537       5.55835428      11.38377672
C        6.35544962       6.70350926      11.25599942
C        5.65095191       5.50101555      11.30073019
H        8.37265578       3.32721908      11.69768536
H        8.38446995       7.57382613      11.09272081
H       10.47039234       6.21669363      10.57699619
H       10.40374282       5.86745464      12.40505556
H       10.56375027       4.60186527      11.17515070
H        5.90141035       7.67996325      11.16946691
H        4.52934781       5.56050441      11.38041729
H        6.25051848       2.32197457      11.76077732
O       14.97017819       5.19268881       3.52505600
C       15.77375421       4.50386011      17.69431340
C       15.61910596       5.15708266       1.20553117
C       15.80134628       3.11518753      17.66268929
C       15.32598868       4.51947908       2.39667686
C       15.99593214       5.16586370      16.36488634
C       15.66707531       2.42618444       1.19873751
C       15.34617446       3.12605802       2.35004391
H       15.50369537       6.19867553       1.32357577
H       16.07086249       2.49999955      16.86119758
H       16.36507200       6.23580769      16.53377234
H       16.78177962       4.70388511      15.78627092
H       15.09852440       5.22687635      15.70767614
H       15.74684494       1.35024858       1.18287343
H       15.01026707       2.58716713       3.22700307
H       15.27227707       6.12953397       3.41098517
O       16.38136397       0.19918170      13.36486440
C        0.67215719       0.15210201      16.51600985
C       17.40595909      17.49987496      15.52280211
C        1.26416020       1.39904701      16.41623903
C       17.14855144       0.57385891      14.40506149
C        1.10111728      16.88268344      17.50374514
C        0.84207853       2.28126225      15.42055132
C       17.69859151       1.85221223      14.36430477
H       16.86849821      16.57508810      15.54477019
H        1.96361843       1.64118120      17.16695660
H        1.90057091      16.28021763      17.13289618
H        1.53199094      17.46192692       0.57139937
H        0.35317541      16.19046741       0.22964483
H        1.28037964       3.24055163      15.41805246
H       17.52931720       2.53349712      13.52657229
H       16.44816843       0.58519521      12.47788730
