512
Lattice="17.7128441229 0.0 0.0 0.0 17.7128441229 0.0 0.0 0.0 17.7128441229" Properties=species:S:1:pos:R:3 pbc="T T T"
O       11.84879019       4.12823366       5.48883014
C        9.72436292       4.49984951       8.43882056
C       10.14036916       4.04415276       7.16716986
C       10.39533856       5.60517469       9.06485529
C       11.36034926       4.64294590       6.69481244
C        8.54115353       3.83749294       9.07164236
C       11.57932102       6.16604064       8.53619494
C       12.10355495       5.64743319       7.34879753
H        9.49440362       3.27397704       6.72486772
H        9.95374547       6.12550053       9.93828367
H        8.01767524       3.05612695       8.44272296
H        8.69901803       3.47587490      10.08602591
H        7.74379208       4.55683645       9.10065543
H       12.19435362       6.85162619       9.09435691
H       12.99957619       6.05281681       6.90954574
H       12.61031517       4.55566402       5.07848768
O        7.02982477       5.41193318       1.54279028
C        9.56791247       6.58687538       3.79438370
C        8.94813637       6.25469179       2.66157140
C        8.93769106       6.24199730       4.97504296
C        7.66072946       5.68972861       2.67286703
C       10.95469251       7.21753649       3.91012226
C        7.62894435       5.66615656       5.11159689
C        6.97277678       5.41709132       3.90775711
H        9.53734744       6.52827278       1.76448514
H        9.49114197       6.44363134       5.95245155
H       10.81180808       8.13673855       3.29867387
H       11.14557629       7.54743234       4.96619903
H       11.74079588       6.53428425       3.60484282
H        7.23122387       5.48482833       6.09543129
H        6.01494760       5.00200364       3.83305477
H        7.63655162       5.18552664       0.78966312
O        0.01148214       1.88723930      10.92857706
C       15.08177008       2.26920545       8.29043298
C       15.94108190       2.53711257       9.38496883
C       15.00513329       0.94928924       7.89140328
C       16.86555046       1.62168621       9.93591596
C       14.17505969       3.25851357       7.67517813
C       15.96983837      17.65587431       8.27744567
C       16.95306200       0.31885023       9.30352751
H       15.81425335       3.47371544       9.82498929
H       14.32265572       0.68926839       7.07186529
H       13.54425239       3.64959721       8.43203056
H       14.83635471       3.98316401       7.17793408
H       13.40595869       2.80654728       6.95126906
H       16.00104046      16.63983257       7.95304790
H       17.64719600      17.30801734       9.66712420
H       17.61932596       2.76748953      11.22127149
O        3.26931902       4.63654731      10.26526293
C        2.02616759       3.18011203       7.24656781
C        2.10012891       3.71971102       8.47818711
C        3.14899182       3.29122645       6.39391233
C        3.32820579       4.29308502       8.96051165
C        0.69236751       2.81911801       6.53868420
C        4.42843042       3.78108503       6.88353888
C        4.50258023       4.35214453       8.13113895
H        1.18312328       3.71132770       9.15539176
H        2.99982777       2.89344646       5.36779189
H        0.69892604       1.81751735       6.09548791
H       17.61968088       2.85581660       7.29630472
H        0.48232558       3.63716869       5.77497861
H        5.29879579       3.74726908       6.28302511
H        5.43826446       4.86577601       8.38735032
H        4.10886518       4.40607094      10.74277949
O       11.98118004       9.30961851      12.92760955
C       14.12749014       9.84312313      10.01508137
C       13.22756512      10.08180657      11.05260198
C       14.72493598       8.56702130       9.89853063
C       12.89891428       9.07712062      11.96121226
C       14.48043410      10.84373209       8.92804544
C       14.40860621       7.56030192      10.86970486
C       13.46165356       7.79900401      11.87675497
H       12.68057818      11.01334677      11.07756209
H       15.50923645       8.43881694       9.14744648
H       15.56171298      10.84851552       8.69043729
H       14.19951911      10.42711155       7.95764174
H       14.08140664      11.91308685       9.04388578
H       15.01478392       6.59716439      10.77327140
H       13.20552532       7.00719712      12.46311196
H       11.05531465       9.44478613      12.61182919
O       16.27613563      12.55676807       3.25754031
C       16.02095885      13.91106354       6.68753607
C       16.54393782      13.20381429       5.54245743
C       14.87101526      14.74755830       6.58763606
C       15.82744672      13.33185041       4.34643962
C       16.73660122      13.80020900       7.98968134
C       14.27649064      14.90384250       5.34858620
C       14.74650842      14.22185869       4.23684024
H       17.43895792      12.60563231       5.63746218
H       14.52430884      15.24320534       7.44348993
H       16.97484351      12.78550283       8.24585851
H        0.06645045      14.30469026       7.99945118
H       16.01394412      14.09531634       8.76612087
H       13.32941887      15.46912911       5.26381718
H       14.35716260      14.38106786       3.26120043
H       15.81706774      12.72847136       2.45006336
O        2.89328322       9.47824777       2.31881399
C        2.95031505       5.93907277       3.02476487
C        3.40276665       7.20003347       2.59354973
C        1.85804053       5.77703576       3.87848555
C        2.62238610       8.29613791       2.93337318
C        3.60038649       4.76135619       2.42360519
C        1.13333583       6.88536576       4.26905959
C        1.46002091       8.15057006       3.72027269
H        4.23103520       7.26101083       1.87071045
H        1.36508830       4.86505246       4.24493141
H        2.90904311       3.99861700       1.90345681
H        4.49431228       4.98316244       1.81596417
H        3.95168518       4.25762620       3.37112881
H        0.16301322       6.90107134       4.70720594
H        0.75558098       8.90716913       3.96957330
H        2.30497527      10.09156268       2.68206340
O        2.44501572       7.26592091      10.05473927
C        2.56352581      10.47867807       8.24905916
C        2.39231333       9.53458583       9.30071162
C        2.95309869      10.10246402       6.95563902
C        2.63740832       8.18747996       9.06904610
C        2.21102839      11.88563281       8.54931930
C        3.09136949       8.72012333       6.74200497
C        3.01415231       7.77651370       7.77575833
H        2.24278465       9.87367508      10.33560230
H        3.05567929      10.76352764       6.11797142
H        1.36980868      12.23735941       7.79713723
H        1.66538510      11.83417035       9.49151375
H        2.98981089      12.59259236       8.55154122
H        3.43334590       8.41132095       5.83596954
H        3.24866750       6.76306266       7.36904094
H        2.88862505       6.40278360      10.01389453
O        0.04029638       4.59512945      11.47754106
C       15.01274669       4.53517274      13.93611427
C       15.74383250       4.32523257      12.70463313
C       15.59484271       5.43971041      14.91390106
C       17.04704414       4.84524877      12.62781665
C       13.52323638       4.11951710      14.05733302
C       16.89785854       5.90763837      14.75211032
C       17.65703396       5.53993207      13.64436949
H       15.30773289       3.69260320      11.95881719
H       14.96444049       5.58589453      15.76904766
H       13.58455022       3.05743584      14.39343084
H       12.96657759       4.81310374      14.68641650
H       13.15432281       4.12146004      13.08684328
H       17.19399225       6.60563542      15.44148546
H        0.99270321       5.81600509      13.60841858
H        0.76955079       5.14099041      11.24467830
O        6.25394040      16.68324247      13.02591006
C        3.83212599      16.74948126      10.30817114
C        4.63089007      16.33606846      11.41249853
C        4.06781998       0.31492895       9.83728841
C        5.59867876      17.10948252      12.01058509
C        2.96577482      15.75697712       9.57151974
C        4.99791183       1.20268074      10.44156846
C        5.71197133       0.77818517      11.60898864
H        4.64276703      15.31336154      11.83962379
H        3.49658835       0.63201584       8.92450294
H        2.11045030      15.41971035      10.15289930
H        2.62738574      16.17668408       8.67864494
H        3.54567871      14.85536602       9.34345401
H        5.27111431       2.19056825      10.03799658
H        6.39497038       1.52741248      12.09589170
H        7.00213453      17.22573570      13.27784756
O        2.36306667       8.82814031      17.47039049
C        5.56288054       8.21305640      15.76525820
C        4.61747764       8.45530280      16.78576270
C        5.08760757       7.98261261      14.46926007
C        3.21064515       8.51580852      16.44481710
C        7.02927033       8.04440752      16.06067330
C        3.72749795       8.07305318      14.07336507
C        2.80231410       8.28847227      15.11853039
H        5.04390489       8.73021738       0.06819906
H        5.82697769       7.80482408      13.74482026
H        7.48232696       8.96296195      15.81580360
H        7.18657431       7.66129445      17.13276181
H        7.46363247       7.34028209      15.38260866
H        3.44821931       7.85541949      13.08663502
H        1.74878108       8.17981303      14.98426817
H        2.72529810       8.94841354       0.63774230
O        8.12823934      14.84958067       6.50936988
C       10.06010464      17.61062528       7.87495719
C        9.58868147      16.60631277       7.00144904
C        9.38681647       0.15600519       9.04519155
C        8.52468632      15.84934506       7.36641424
C       11.40657713       0.54318471       7.69945956
C        8.19216838      17.20060315       9.31739542
C        7.74907114      16.14264456       8.45997636
H       10.12369572      16.41589903       6.09282955
H        9.67254607       0.92704219       9.70711866
H       11.51464893       1.40691682       8.32685667
H       12.13463434      17.60950785       8.10886188
H       11.66402760       0.74859552       6.67879153
H        7.49243543      17.48101317      10.15828796
H        6.83966119      15.61992048       8.71517921
H        7.24748398      14.58081254       6.72709918
O       10.52363917      10.92783539      17.05483154
C        7.39655868      10.06339706       1.12633826
C        8.72688045      10.04846599       0.75774542
C        6.52531996      10.84430998       0.40454489
C        9.23708034      10.85642125      17.38280514
C        6.90709780       9.20162249       2.28567034
C        6.93428575      11.56454197      16.94888142
C        8.32764288      11.54407742      16.60505351
H        9.44567659       9.37336074       1.27617666
H        5.50350337      10.93032911       0.69637945
H        6.79606204       8.11774412       2.03774805
H        7.53774385       9.35169661       3.20110744
H        5.96423596       9.51103706       2.66504777
H        6.14621530      12.21967738      16.48576822
H        8.71644345      11.95033850      15.69506392
H       10.74198599      11.49393624      16.37692155
O        8.13752419       1.01181410      13.67350616
C       11.75136134       0.62470781      12.95857536
C       10.37825929       0.84430996      12.83291638
C       12.22684917       0.60877353      14.28310584
C        9.47307325       0.92403988      13.88463746
C       12.73078173       0.45915105      11.86256841
C       11.34988524       0.78915315      15.33970278
C        9.99255174       0.96015560      15.16225950
H       10.00298927       0.88556322      11.85855240
H       13.24495310       0.41441298      14.49821199
H       12.34898279       0.11754115      10.89817595
H       13.14073854       1.40251046      11.73000796
H       13.54765776      17.47390534      12.13248837
H       11.77442382       0.73500733      16.41817732
H        9.33866017       0.98786896      16.04715014
H        7.85308185       1.39077861      14.46707037
O       14.28928750       7.14581585       4.09761495
C       16.64426061       7.23859687       6.80435606
C       15.68862864       6.69602870       5.90483390
C       17.00417307       8.60653391       6.80065902
C       15.14304846       7.59299524       4.96607512
C       17.34901956       6.44412920       7.82657968
C       16.31217118       9.46112847       5.95890565
C       15.44441368       8.96014564       4.98676148
H       15.35445962       5.64419086       5.93920461
H        0.02657747       8.98087085       7.43076920
H       17.04356425       5.44525441       7.90640795
H        0.61999484       6.53332721       7.50830200
H       17.31026416       6.87310192       8.82390821
H       16.53607985      10.52373009       6.09032037
H       14.97721102       9.50539164       4.26034854
H       14.19540589       7.83739251       3.40289770
O       11.62233216      10.67956027       1.85750270
C       11.76454666      12.11547793       5.21125353
C       12.07483704      11.25683047       4.15383267
C       10.64380586      12.95443287       5.10651367
C       11.32656589      11.40977503       2.94892751
C       12.56964144      12.18295039       6.48820502
C        9.99550070      13.20165580       3.89767100
C       10.28705051      12.33878785       2.79440940
H       12.88689483      10.59270379       4.20727177
H       10.17208799      13.46025445       5.93636741
H       13.60941443      12.10246669       6.24865430
H       12.47203988      13.18223349       6.92789727
H       12.23066364      11.40141187       7.19995260
H        9.17766940      13.89654502       3.99393762
H        9.60398629      12.38344520       1.93672866
H       10.96384198      10.83069120       1.19083588
O        6.96003422       1.90246907      16.03768570
C        3.56166197       2.39863977      14.62949729
C        4.86320282       1.84791832      14.80686502
C        3.18133513       3.67630484      15.19445155
C        5.73359319       2.42146588      15.81332652
C        2.64684381       1.71544135      13.75148423
C        4.09878843       4.26853701      16.07332278
C        5.34810224       3.70242084      16.36155741
H        5.11103635       0.94060058      14.41759385
H        2.32271401       4.17956614      14.91486939
H        2.31096454       2.33729540      12.97595604
H        3.10421879       0.82422876      13.37409267
H        1.78755164       1.44395873      14.42341202
H        3.97220813       5.29180949      16.47359008
H        6.06813213       4.28314228      16.96648206
H        7.41127688       2.43889952      16.71040659
O        8.64865666       2.04884366       2.54379349
C        6.17653285       0.88505576       5.01560450
C        7.36692474       1.38683578       4.42954135
C        5.04118645       0.70931563       4.13359908
C        7.46581164       1.66943613       3.00382460
C        6.10421608       0.44602321       6.39548901
C        5.11056004       1.17946867       2.77171018
C        6.36931146       1.62948379       2.19652502
H        8.28055791       1.44069282       4.91757034
H        4.11209709       0.35134286       4.62534270
H        5.95147841      17.00660342       6.40405032
H        6.98981737       0.51955472       7.01771826
H        5.21998466       0.80187367       6.85208738
H        4.21404331       1.16238420       2.18453977
H        6.39472871       1.85333906       1.14119331
H        9.27665336       1.81684034       3.20956256
O        9.07953240      11.20028606      12.43135040
C       11.84857295      13.56931220      12.62917941
C       11.05527764      12.38478808      12.78741918
C       11.45362694      14.53488142      11.58831324
C        9.82855726      12.30125621      12.09004129
C       13.23593896      13.71561447      13.27407239
C       10.28053821      14.30930569      10.70204704
C        9.51517350      13.18072257      11.04169405
H       11.37359293      11.72488439      13.56117594
H       12.15531509      15.28279032      11.36095950
H       13.29782712      14.73701687      13.72438732
H       13.35295763      12.94065794      14.00073258
H       14.12222941      13.56900182      12.68548770
H       10.06199667      14.86039377       9.76371507
H        8.63962143      13.03632962      10.50331752
H        8.24650497      11.41096532      12.09417088
O       13.57423821       8.89589975       2.15578509
C       15.27876084       9.61388858      16.68342641
C       14.25082482       9.55275072      17.66221136
C       16.59195320       9.16085687      16.98049508
C       14.57996767       9.09310018       1.20914598
C       15.00176955      10.12491015      15.27617159
C       16.85334304       8.46188676       0.48481780
C       15.84045310       8.52091200       1.48215364
H       13.29024074       9.94186222      17.51398424
H       17.39265960       9.09833791      16.22966224
H       15.73282487       9.75522462      14.59989983
H       14.01344025       9.94613781      14.95516509
H       14.88821558      11.19425235      15.24924341
H        0.09733060       7.97444988       0.67789514
H       15.97073079       8.23299286       2.52371569
H       12.95866353       9.59410643       2.00729994
O        7.28513189      11.67894146       5.60739025
C        8.95398191       9.35361479       7.89342716
C        8.71038771      10.43216347       7.09573013
C        8.01775797       8.30427851       7.82412929
C        7.62296292      10.53205300       6.20758461
C        9.97722876       9.41071370       8.96351792
C        6.99634572       8.30333326       6.90146550
C        6.79556108       9.37539522       6.10188698
H        9.45736671      11.20992847       7.26807989
H        8.21491832       7.46968369       8.39107623
H       11.03432402       9.72768833       8.70899566
H        9.58622909      10.14945234       9.63820722
H       10.02344887       8.51523342       9.50096579
H        6.47531062       7.35563785       6.79442490
H        5.82323852       9.45081397       5.59802081
H        7.74574011      12.00750394       4.92508087
O        0.98593775      11.45612783       2.53988295
C        0.75286568      12.26736723      16.71066591
C        0.38202673      12.08102577       0.32483968
C        2.12286936      12.53993240      16.44732270
C        1.37006326      11.91268010       1.28922976
C       17.46533597      12.48543263      15.55071029
C        3.10825870      12.36886750      17.43505043
C        2.67261473      12.04904656       0.97650563
H       17.04793704      11.97425158       0.62856958
H        2.43687296      12.80038929      15.43567582
H        0.20860470      13.32093099      15.00003717
H       17.46853587      11.52561335      14.99715430
H       16.44496032      12.71981621      15.91223685
H        4.09602651      12.54929822      17.22095069
H        3.24554356      12.04653064       1.84220512
H        0.11485919      11.80353706       2.70067071
O       16.64683143      14.12281286      11.86140747
C        0.21359249      10.72907497      12.47662415
C       16.99434213      11.76445814      12.26283350
C        1.56982599      11.00320351      12.68168583
C       17.48629646      13.07316927      12.15138681
C       17.45425481       9.25733369      12.50532286
C        1.98170493      12.37035524      12.68643028
C        1.08057579      13.41468580      12.44722051
H       15.95056179      11.50734718      12.09493687
H        2.24425739      10.30457415      13.04817666
H        0.28133267       8.84180465      11.67538066
H        0.07585587       8.63651152      13.36519674
H       16.31527027       9.16050419      12.37168419
H        2.97464533      12.59523190      13.08838289
H        1.42385683      14.41324947      12.43837247
H       17.02447950      14.99343518      12.12487663
O       14.14720726      12.43622456       1.43020625
C       12.46521223      14.74923133      16.85168029
C       12.73105129      13.84437571       0.13255191
C       13.52272935      15.42454552      16.23675479
C       13.98969270      13.47772105       0.51172368
C       11.03549926      15.11225171      16.46789744
C       14.83324993      15.10013425      16.66307783
C       15.05500020      14.17239252      17.67224058
H       11.92766550      13.31901678       0.52073531
H       13.20241801      16.25527251      15.51910839
H       11.03393959      16.14026569      16.21573690
H       10.63206354      14.64375763      15.64501735
H       10.39612437      15.08490468      17.35626754
H       15.64720124      15.63289742      16.22463767
H       16.09471019      13.95607104       0.12006057
H       13.32750499      12.10050133       1.78174925
O        8.57376033       3.15876367       0.02399308
C       11.36009055       5.38840532      17.08449651
C       10.07077118       4.85863468      16.96312636
C       12.42959425       4.80471823       0.10727297
C        9.82210877       3.64376319      17.62762842
C       11.67594156       6.83012407      16.77520893
C       12.25427302       3.54519039       0.62908630
C       10.96094944       2.91272194       0.53604035
H        9.28171895       5.52742934      16.63066291
H       13.35098854       5.25947882       0.17685859
H       11.25895816       7.06399433      15.74711488
H       11.14955332       7.44742162      17.48185039
H       12.71067548       7.12429391      16.73642410
H       13.09336425       3.07432260       1.06338567
H       10.97858393       1.98666747       1.01296922
H        8.58812224       2.71562479       0.86051786
O        5.49135708      14.23809457       7.00780561
C        2.40940799      15.53517451       5.29519985
C        3.58953025      15.45217440       6.11569275
C        2.12137931      14.51424993       4.37756443
C        4.45220410      14.36181236       6.15068784
C        1.40986052      16.73144331       5.35557052
C        2.96362746      13.40706404       4.38859714
C        4.10602142      13.34874298       5.21989582
H        3.78668220      16.29476534       6.80260843
H        1.25589241      14.47552226       3.69307980
H        1.70492615      17.50368773       4.70724215
H        0.38150870      16.41047122       5.23033927
H        1.54579349      17.14558554       6.35712324
H        2.74118646      12.53453933       3.74428601
H        4.82742784      12.52462362       5.22629637
H        5.77698077      13.31876003       7.06622058
O       10.51654185       1.85457747       4.61302095
C       13.08710185       0.09991272       2.39983192
C       12.49218874       1.04731281       3.33314371
C       12.38563993      16.63615485       2.21639765
C       11.17271316       0.84772806       3.90574511
C       14.39990829       0.44462787       1.68310871
C       11.07314601      16.40305780       2.77363706
C       10.50838578      17.34314022       3.62647544
H       12.99133276       2.01663757       3.45899201
H       12.78576596      15.92737418       1.53313747
H       14.75642385       1.48845481       2.00860186
H       15.21068597      17.42223872       1.85850774
H       14.34501309       0.50696600       0.57132555
H       10.63937754      15.44413163       2.58352004
H        9.51365954      17.22289920       3.95643533
H       11.10834850       2.48356746       4.88386083
O        4.94554366      15.89666791      15.28051275
C        5.91029997      15.51642237       1.13213466
C        5.05059383      15.61222461      17.70068476
C        7.31581744      15.82224885       1.02801700
C        5.61664789      15.93463234      16.46438997
C        5.36211404      15.09312916       2.49559242
C        7.85011445      16.17296566      17.51111926
C        7.02359271      16.21060590      16.37058719
H        4.00108108      15.40227797       0.14848838
H        7.91327121      15.69108872       1.91764329
H        4.52175824      15.76810689       2.67476216
H        5.00880274      14.09583297       2.58306467
H        6.01710044      15.30316707       3.29900693
H        8.87831722      16.42191502      17.44390294
H        7.53495325      16.38186100      15.34102840
H        5.33586066      16.26222028      14.50876997
O        6.23357208      12.09312133       8.68336377
C        5.75109397      12.24099964      12.28334220
C        5.89343012      12.63785622      10.93446098
C        5.47761173      10.90452565      12.56670717
C        5.89757958      11.67523899       9.92741919
C        5.66863610      13.26388903      13.33791619
C        5.52530584       9.91507671      11.57519503
C        5.76838759      10.32074163      10.27751671
H        6.05789767      13.65085705      10.64297134
H        5.34565096      10.58504926      13.58952515
H        4.67055414      13.57015764      13.54753783
H        5.91136291      12.86780737      14.31919878
H        6.35840083      14.06009623      13.18391501
H        5.35747073       8.90097453      11.88313823
H        5.64853023       9.56016758       9.56011181
H        6.77407009      11.54074265       8.17575552
O        4.72479796       4.53363161      12.45575430
C        8.31009182       4.76766485      13.00680167
C        7.00473049       4.35204958      13.10059247
C        8.68835957       5.74424295      12.11658262
C        6.01826517       4.91174332      12.25453251
C        9.46625970       4.14825062      13.75158606
C        7.71548003       6.35018451      11.23503053
C        6.33710090       5.91426628      11.26563375
H        6.76808421       3.50742119      13.78326648
H        9.75005662       6.09600129      12.13004404
H       10.15375091       4.80888387      14.17432859
H        9.09256589       3.40605468      14.51649410
H       10.09480672       3.52759533      13.09470422
H        7.98874557       7.23003157      10.64498478
H        5.58320060       6.43377401      10.65168761
H        4.65308309       3.87298386      13.13696440
O       14.32848920       4.47729208       4.11092471
C       16.87027219       3.83149343       1.47519639
C       15.95001244       4.50293033       2.28075855
C       17.37076804       2.60159629       1.92653856
C       15.39592870       3.92555706       3.42266885
C       17.34995200       4.35029931       0.13940378
C       17.09404270       2.16515741       3.21405587
C       16.12934667       2.85913906       3.98339689
H       15.48189119       5.38184430       1.86255585
H        0.21794570       1.98664956       1.15989119
H       17.04930296       5.41578569       0.12586480
H        0.70351918       4.17702621       0.24709048
H       16.96967232       3.92274356      16.99213960
H       17.53424583       1.21724930       3.57937685
H       15.77651177       2.49373072       4.96030065
H       14.34496956       5.45902243       3.95056941
O       17.35871901      16.61390216      12.30835482
C        0.75926172      17.04721407      15.79058948
C        0.65045114      16.47033324      14.55313620
C        0.11911639       0.50926830      16.03625458
C       17.49112391      17.02836971      13.58852133
C        1.61412663      16.38748101      16.86407732
C       16.94431082       1.09452537      15.06906760
C       16.73932178       0.47345271      13.85511847
H        1.29746825      15.58550172      14.23735231
H        0.21169233       0.96785554      17.02501270
H        2.57360987      16.78452933      16.66992019
H        1.29955497      16.73972010       0.10936692
H        1.60715847      15.28764468      16.76918894
H       16.22726020       1.87209084      15.32678166
H       16.12061042       1.00738098      13.14925216
H       17.01637859      17.31579221      11.81603868
