512
Lattice="17.7128441229 0.0 0.0 0.0 17.7128441229 0.0 0.0 0.0 17.7128441229" Properties=species:S:1:pos:R:3 pbc="T T T"
O       12.82880795       3.33065730       3.54383665
C       10.94868222       3.57093181       6.67631056
C       11.47926869       3.02143022       5.46666738
C       11.43112371       4.72193971       7.20596186
C       12.44552182       3.78300970       4.74643474
C        9.80666814       2.95522547       7.34735090
C       12.55971492       5.33087958       6.58173394
C       13.05272871       4.89283639       5.32723996
H       10.95376066       2.25450638       5.00015312
H       10.98787411       5.11275117       8.10110593
H       10.03092737       1.98328258       7.82596897
H        9.55606469       3.71733051       8.09787501
H        8.94531470       2.77293081       6.70341688
H       12.95998475       6.22504407       7.02052889
H       13.86123080       5.48896933       4.86523647
H       13.38753499       3.75105586       2.93139673
O        5.80766922       3.80456943       3.08067423
C        9.09600209       5.49060846       3.38577475
C        8.03627784       4.71263321       2.81167297
C        9.00951545       5.98152672       4.66016934
C        6.84320376       4.55145109       3.56688790
C       10.32106093       5.80323969       2.47286646
C        7.83059253       5.69506846       5.48296496
C        6.72916311       5.14400214       4.84644017
H        8.16123395       4.26725559       1.75858647
H        9.84930189       6.52609371       5.17056830
H       10.50055517       5.04326901       1.75663986
H       10.24398612       6.75906586       1.96032600
H       11.19522335       5.74795468       3.08192972
H        7.82771485       5.98094059       6.49806090
H        5.82963005       4.93734724       5.43254365
H        5.89057344       3.11936445       2.37946050
O       15.57198517       2.55097660      11.28139215
C       14.90090840       1.72131293       7.78671113
C       15.52528911       2.12885254       8.94703986
C       13.66514267       0.99448263       7.88764883
C       14.93265893       2.02631708      10.19864247
C       15.50269557       1.97217658       6.45399744
C       13.04819445       0.88000043       9.13199304
C       13.64787145       1.43085440      10.25838163
H       16.46807070       2.68949810       8.84558725
H       13.22226745       0.58682925       6.99295182
H       15.26551764       1.02465139       5.90069320
H       15.05723866       2.82410841       5.94478295
H       16.58133235       2.14795780       6.45050604
H       12.11038703       0.35690735       9.27268467
H       13.06253442       1.37782782      11.21713112
H       16.12360808       3.24911524      10.96825584
O        3.35565010       2.99677355       9.46685461
C        3.85418988       2.35455379       5.88210281
C        3.18334370       2.73546508       7.11926561
C        5.20502755       1.89893281       5.86091615
C        3.92249532       2.63496112       8.30640800
C        3.01518177       2.46724508       4.62568838
C        5.84170845       1.74598901       7.07337555
C        5.21046132       2.02955424       8.25280545
H        2.10404029       2.84722422       7.03808777
H        5.62799615       1.55114318       4.91845590
H        1.91856153       2.47573311       4.89127246
H        3.33463429       3.35202930       4.03988439
H        3.11246176       1.58056203       3.97826786
H        6.84712811       1.43452949       7.08962675
H        5.67775634       1.91508031       9.14875369
H        3.97718737       2.94369304      10.20115255
O       10.54892981       9.48927983      11.50252789
C       13.62931632      11.24036414      10.39526212
C       12.29351088      10.98571354      10.83172352
C       14.51551977      10.13745590      10.17254590
C       11.88230127       9.67598050      11.12440956
C       14.15548037      12.57283364      10.02264193
C       14.02967638       8.87875797      10.51568243
C       12.71911350       8.59279816      11.04513838
H       11.66235309      11.83850433      10.99773389
H       15.52457041      10.30949618       9.78529699
H       14.42384426      12.73266174       8.99463244
H       13.55771973      13.37238109      10.46148093
H       15.20368475      12.65733368      10.46275063
H       14.72692136       7.94491522      10.47440627
H       12.31544768       7.66987401      11.28841586
H       10.11635469      10.18959388      11.03813729
O       16.26465225      12.23988535       1.99919456
C       15.17390071      14.93244414       4.21953174
C       15.18295685      14.01515802       3.13149902
C       16.29884889      14.99142475       5.11389467
C       16.24838531      13.07056968       3.03834935
C       14.06905032      15.89647145       4.53656254
C       17.29364813      13.98322621       5.00971098
C       17.31397722      13.09568773       3.94909690
H       14.42273974      14.08758438       2.40725064
H       16.34165537      15.74703158       5.82207881
H       13.13907666      15.27729245       4.73811458
H       14.26170115      16.59157943       5.34423857
H       13.97731155      16.45244727       3.64272226
H        0.39884976      13.99557421       5.76331896
H        0.33133947      12.40653229       3.83977911
H       15.52259168      12.28211090       1.48670564
O        2.27936142       9.39220016       2.23165825
C        5.84695283       9.56711390       3.15078534
C        4.60867401       9.14877780       2.62393033
C        5.90539323      10.70574068       3.98346099
C        3.38531529       9.78969987       2.82536933
C        7.13042068       8.66954858       3.07227452
C        4.74713093      11.51584437       4.11907358
C        3.48616175      11.01333210       3.52562972
H        4.49036366       8.25057089       2.09647936
H        6.87526234      10.88610491       4.42686839
H        7.86754884       9.15233716       2.42718584
H        7.60288643       8.43953752       4.09363808
H        6.98536287       7.78027799       2.49795207
H        4.68875310      12.36484653       4.77954606
H        2.57728682      11.62864421       3.61092468
H        1.67648958      10.07125255       1.88851664
O        2.38066496       5.47080671       9.16810122
C        1.70676443       8.76334913       7.57790892
C        1.69716749       7.72197851       8.48913740
C        2.62574919       8.75971491       6.52500115
C        2.44443871       6.53975635       8.36725210
C        0.99333746      10.10943158       7.90202709
C        3.44045453       7.60583829       6.39763612
C        3.31562706       6.47407266       7.24427591
H        0.99864164       7.66927969       9.39493649
H        2.90075870       9.59825835       5.85890026
H        1.63797222      10.98655732       7.69045610
H        0.05193095      10.06105017       7.33361053
H        0.64049796      10.01311108       8.94065352
H        4.33880201       7.58603797       5.70250256
H        4.00128541       5.65835321       7.23856568
H        2.90175516       4.70026313       8.90578630
O       17.41884698       4.93364796      10.88209793
C        0.08782689       5.75241300      14.45824811
C       17.23838155       5.72607271      13.14701145
C        1.34615940       5.19013385      14.64497375
C        0.24038033       5.01711679      12.12255545
C       17.03649964       6.43774973      15.66437710
C        2.10799696       4.67898673      13.60979160
C        1.50778427       4.52218178      12.37186591
H       16.27849204       6.04828173      12.89451799
H        1.81101402       5.40834398      15.55946794
H       17.63714719       7.26030539      16.16164717
H       16.12471875       6.81145845      15.26389482
H       16.74268669       5.83322391      16.52591264
H        3.12530927       4.33869751      13.66914723
H        2.03828526       3.86567040      11.72894960
H        0.39794502       5.05737089      10.20162488
O        6.61949089       2.26515880      13.13322212
C        3.47710861       0.45594148      13.78898606
C        4.37821655       1.33431510      13.18206147
C        3.87202363      17.40190001      14.95336799
C        5.70212009       1.42016980      13.68007501
C        2.02628554       0.54672990      13.28314661
C        5.20026203      17.60578178      15.53156346
C        6.14068833       0.71070406      14.83714437
H        4.05099083       1.96291342      12.41432700
H        3.18245666      16.80405629      15.43120592
H        1.77320513       1.53144731      12.91521619
H        1.80919469      17.56681112      12.40504816
H        1.27999490       0.07017803      13.91051950
H        5.55884132      16.98049987      16.40065932
H        7.21844909       0.78107112      15.11159528
H        7.44030993       2.26848949      13.68581435
O       17.53112639      12.12525430      14.51594537
C        2.18964710       9.21878428      14.55894726
C        1.57351352      10.42041358      14.96781590
C        1.76347447       8.60200550      13.41968959
C        0.56411838      11.03493543      14.15772369
C        3.19860250       8.61085338      15.50767287
C        0.85469843       9.21513021      12.60801985
C        0.22183436      10.41675432      12.90165284
H        1.70505934      10.89756938      15.98606180
H        2.09475725       7.59778225      13.10870132
H        4.06743497       9.16825377      15.51042065
H        2.82498969       8.47267717      16.48162371
H        3.46950707       7.56892982      15.22506859
H        0.59530836       8.81748452      11.64332268
H       17.27102799      10.79310288      12.20574093
H        0.28175521      12.45964197      15.34550524
O        8.22913735      13.59306512      10.87391238
C       10.42979581      15.21052025       8.27013478
C        9.97177909      14.28571814       9.27434348
C        9.76686988      16.46753218       8.17473243
C        8.73635850      14.44661035       9.95769672
C       11.57838327      14.91786431       7.35867061
C        8.49931373      16.62467251       8.73851099
C        8.00736983      15.66687093       9.62311343
H       10.56823344      13.39729405       9.35711339
H       10.14886910      17.12709836       7.39250859
H       11.98867984      15.82382472       6.94081087
H       12.33952133      14.34006411       7.80277358
H       11.26973462      14.45540969       6.42542544
H        8.07480551      17.55022527       8.57270198
H        7.06460624      15.95148242       9.98838091
H        8.25094599      14.00411639      11.72610710
O       10.70174721       8.85254453       0.16024506
C        8.01004200      11.28724393       0.55908206
C        9.19675905      10.60197899       0.74982431
C        7.06205912      10.83433348      17.33367931
C        9.50532921       9.50426829      17.67978663
C        7.65724434      12.54314680       1.38447037
C        7.37790477       9.76673097      16.47363606
C        8.57773617       9.14585344      16.68222142
H        9.88759013      11.01651032       1.45023589
H        6.12305796      11.44827319      17.31539655
H        7.61714816      12.29764344       2.45522615
H        8.52936189      13.19987917       1.19591824
H        6.71938266      12.95109583       1.07310578
H        6.73841561       9.49849574      15.61682614
H        8.85357340       8.41230256      15.86787068
H       10.92573153       8.20940540      17.21699791
O        9.00065748       2.52568041      14.32291621
C       10.83677746      17.18009331      13.11811909
C        9.85182799       0.47225738      13.26581774
C       11.85812784      17.06925352      14.04655827
C        9.89825175       1.47781787      14.24959776
C       10.90298151      16.29896969      11.90367557
C       11.94334942       0.37627657      15.06385452
C       10.92495405       1.37415194      15.16811941
H        9.17422861       0.59283319      12.51856767
H       12.69121185      16.33237475      13.94315454
H        9.80619801      16.18180530      11.69499524
H       11.42713590      16.84855561      11.15053420
H       11.44952477      15.37252658      12.09578313
H       12.82958309       0.37304445      15.71328043
H       10.87906331       2.01325891      16.01088851
H        9.26587536       3.21235795      14.92425942
O       17.52952593       8.96340712       3.49983729
C       17.36471188       6.13003643       6.00503390
C        0.00908854       6.89775747       4.88106587
C       16.46316495       6.63740216       6.97120100
C       17.21236273       8.24389146       4.63640554
C        0.26729029       4.79593087       6.22423414
C       15.86977766       7.96413571       6.67146648
C       16.28846036       8.71002940       5.50827875
H        0.76617137       6.49280676       4.29541270
H       16.32933626       6.22595960       7.99410277
H        1.27043798       4.80070103       5.97512972
H       17.70281731       4.43920091       7.24252789
H       17.31894698       4.32313204       5.41836948
H       15.28855335       8.42596647       7.35972879
H       15.72788239       9.65181209       5.38962530
H        0.69310911       8.81963286       3.06696420
O       12.60203151      10.34649194       1.84447427
C       13.08360237      10.81740589       5.33317129
C       13.12223655      11.04136921       3.99881454
C       12.20700636       9.87426686       5.92206429
C       12.30199367      10.31806306       3.14116162
C       13.97923425      11.63996912       6.18156154
C       11.30764269       9.20035973       5.07572662
C       11.32193670       9.46042487       3.69632363
H       13.83477394      11.82470389       3.67963160
H       12.20379080       9.62598704       7.00509074
H       14.34729796      11.13852099       7.09293579
H       14.86300165      11.90820710       5.55676606
H       13.48259436      12.51809751       6.55218921
H       10.61566116       8.42453815       5.48780281
H       10.57968328       8.77781700       3.12498274
H       12.03180114       9.81623242       1.32794368
O        9.10445772       4.20269298      16.66721058
C        5.37293403       3.90939323      16.86220287
C        6.81214212       3.59140850      16.72270995
C        5.09864595       5.24851697      17.23584159
C        7.81777188       4.54388353      16.87598366
C        4.38805512       2.76456043      16.81718737
C        6.10944925       6.15998678      17.43469685
C        7.48664536       5.84135163      17.23561653
H        7.04680149       2.63019538      16.36337827
H        4.11858706       5.62681594      17.34152887
H        5.10720733       1.95140472      17.04679546
H        3.70841039       2.89525386      17.58519477
H        3.93095993       2.63729791      15.80500683
H        5.95619521       7.16088368       0.02673343
H        8.24368517       6.61718311      17.47622231
H        9.70416138       4.93331738      16.81181378
O        6.15279323       1.34950191       1.73359368
C        3.31074079      16.68189459       1.83699181
C        4.08991650       0.10356121       1.58594151
C        3.96676864      15.51872581       2.25982564
C        5.46064034       0.16291417       1.87611032
C        1.82457790      16.67886927       1.47279578
C        5.37388349      15.55755436       2.46081329
C        6.12885026      16.72939498       2.33955155
H        3.56569440       0.96509793       1.26835593
H        3.35472384      14.62332059       2.42647276
H        1.48580954      17.69829650       1.42623730
H        1.79358149      16.14773774       0.52729036
H        1.25649350      16.08219209       2.16570197
H        5.88147688      14.66499199       2.85674420
H        7.23440621      16.73592279       2.49706279
H        7.07215086       1.23265674       1.81681407
O        9.96115194       7.44995254      13.13060028
C        6.36281539       8.23371784      12.93180883
C        7.80548908       8.32834158      12.83209256
C        5.87460637       6.93899563      13.34076049
C        8.63494667       7.28544818      13.26922788
C        5.48957030       9.32741248      12.34297375
C        6.73881555       5.90345547      13.78121137
C        8.10885137       6.09808302      13.77233153
H        8.36156691       9.09310938      12.37052742
H        4.81428016       6.68887646      13.25881185
H        6.08509243      10.15709000      11.95172126
H        4.89536375       8.86707791      11.55089558
H        4.82835454       9.68911365      13.11200845
H        6.32250277       4.96390488      14.29168618
H        8.73214416       5.24666809      14.10383776
H       10.06255534       8.00245703      12.36145940
O       14.39890387       7.78438306       1.56235940
C       14.49880550       8.88282870      15.79748615
C       14.02254741       8.24887760      16.97251128
C       15.57496077       9.75007599      15.75477218
C       14.84761546       8.40550413       0.37235092
C       13.79992292       8.74576920      14.47102630
C       16.31286837       9.96876385      16.94048289
C       16.01626930       9.25886658       0.39350473
H       13.14981298       7.67415878      16.88171007
H       15.70938096      10.29076085      14.80842952
H       13.20343405       7.91601340      14.48347416
H       13.14301191       9.59109672      14.32111435
H       14.30123181       8.57866859      13.50493864
H       17.02418899      10.72658393      17.01242707
H       16.53128098       9.53989324       1.27179796
H       14.80684659       8.19211294       2.33431054
O        9.35955032      11.38469170       9.72074307
C        6.27253496       9.98207663       8.40262319
C        7.14901315      10.69762340       9.24972786
C        6.73957340       9.34866261       7.25343996
C        8.50740014      10.64204978       8.95941409
C        4.77474153      10.01763116       8.78412662
C        8.10994971       9.38375070       6.97517477
C        9.02894208       9.96443918       7.86370634
H        6.86275746      11.20628636      10.12799011
H        6.09187092       8.85141507       6.51712219
H        4.12740425      10.55711398       8.05984434
H        4.51683690       8.91199633       8.71455369
H        4.55910014      10.44244566       9.80476661
H        8.49703305       8.69882850       6.24077609
H       10.05295674       9.78185417       7.54905134
H        9.00310482      12.19903336      10.20384817
O        1.38629565      12.07210251       1.36280948
C        1.44271839      14.38963880      16.19969104
C        0.94596373      13.68603867      17.26460181
C        2.76120944      14.18534213      15.73414422
C        1.78174778      12.82389960       0.27163798
C        0.54498719      15.30844596      15.43187991
C        3.62057947      13.26484053      16.46905662
C        3.09111855      12.60833645      17.58057328
H       17.58068308      13.79592470      17.47706620
H        3.18794267      14.66159333      14.92641154
H        0.71613243      15.26219213      14.32848977
H       17.18995425      15.17173536      15.61598458
H        0.82334293      16.32956676      15.60490537
H        4.62563489      13.21960841      16.18842690
H        3.76156577      11.92253220       0.42205045
H        0.46140762      12.20311255       1.58292063
O       15.89923502      15.57654878      12.74672283
C        0.31365148      13.88685492      10.37308479
C       17.33808119      14.18685134      11.57228842
C       17.62405457      14.47195188       9.16924462
C       16.31952807      15.16791930      11.53136093
C        1.52654741      12.96826196      10.34355307
C       16.45959203      15.27203845       9.11933188
C       15.80884565      15.62993884      10.29203212
H       17.70411961      13.90534768      12.58131125
H        0.53876395      14.28916057       8.31832541
H        2.58986423      13.36214971      10.56889585
H        1.35969050      12.08405619      10.96268879
H        1.65363773      12.59843788       9.27563580
H       16.13238492      15.61700283       8.10787931
H       14.98846217      16.24626115      10.19492710
H       15.62008360      16.44755004      12.75911951
O       13.93025459      12.27668223       0.37475166
C       11.95287620      12.35462501      15.06144891
C       12.26257217      12.23504827      16.40594865
C       12.90535169      12.87474019      14.17234030
C       13.54633798      12.58815099      16.86027915
C       10.59347206      12.01048912      14.50650807
C       14.11283008      13.43620977      14.67723538
C       14.38572304      13.27102559      16.02169538
H       11.56817988      11.79200405      17.13492818
H       12.75549255      12.79789640      13.08185258
H       10.19705643      12.77114387      13.75349442
H       10.50224526      11.01764412      13.97400199
H        9.84129540      12.14289078      15.23237484
H       14.89340069      13.88913060      14.08447061
H       15.46736956      13.56202529      16.22648521
H       13.59740408      11.48399180       0.75379822
O       10.53539358       6.43529010      16.11575633
C       13.10691538       4.29714522      14.61903628
C       11.99202139       5.14482767      14.78912343
C       13.74897783       3.68016910      15.69592672
C       11.58560323       5.56934889      16.04896384
C       13.38785479       3.75215079      13.22894830
C       13.47966719       4.13567599      16.96832952
C       12.39154710       5.08345528      17.18255776
H       11.35216561       5.40030712      13.89759143
H       14.49704046       2.91800311      15.62470011
H       13.74339152       2.73925487      13.36143535
H       12.59211233       3.77021643      12.50911159
H       14.18843943       4.39615051      12.87017419
H       14.08645107       3.66070928       0.02638727
H       12.28914459       5.64394348       0.40483739
H       10.28077722       6.85011362      15.28595945
O        4.51573012      14.82128137       9.26886703
C        1.64595304      17.19157514       8.52901535
C        2.63398295      16.40407682       9.16188595
C        1.67196284      17.07529262       7.10837948
C        3.47400946      15.46611856       8.53339889
C        0.72950126       0.45444584       9.33302835
C        2.59833932      16.30793613       6.44100302
C        3.43739564      15.47283895       7.14169536
H        2.65548760      16.45310035      10.21499519
H        1.06745548       0.16109766       6.72589588
H        1.10227681       0.69184615      10.31990944
H        0.63732175       1.30136511       8.61400937
H       17.45811265      17.65551371       9.41423104
H        2.59548079      16.20722118       5.34320640
H        4.05352554      14.81312044       6.53874919
H        5.10956710      14.39624417       8.61690712
O       12.55932492       0.38733646       3.22951642
C       10.61476369      16.49838407       0.58299752
C       11.47631346      16.75752892       1.61268192
C        9.75386854      17.61757945       0.13353441
C       11.54482415       0.27414074       2.26777203
C       10.87988763      15.24754344      17.37593762
C        9.68692625       1.10672080       0.92383459
C       10.63574243       1.37826069       1.93480021
H       12.16260365      15.94690216       1.89280486
H        9.21422809      17.54659689      16.88713744
H       10.63389967      15.50880651      16.31549049
H       11.94935226      14.91846950      17.30079818
H       10.32956737      14.38856980       0.07482656
H        8.98331780       1.88857743       0.58977759
H       10.77726021       2.34226228       2.46294111
H       12.78521705       1.33329167       3.48448774
O        6.21661483      13.19077441       7.64460045
C        8.58387665      13.78413027       5.00947175
C        7.80602070      13.18631928       5.95983489
C        8.45573039      15.16681408       4.74793635
C        6.92437113      13.89133055       6.76852829
C        9.59218392      12.86298258       4.30563895
C        7.58148615      15.90431039       5.59695113
C        6.79805574      15.26640393       6.59176588
H        7.88180161      12.10309411       6.01011910
H        9.13993451      15.60559862       4.09669447
H       10.37384046      12.67298495       4.96453234
H        9.13856611      11.97686168       3.94333429
H       10.04860850      13.34640843       3.50416138
H        7.47839352      16.98885673       5.56978697
H        6.12003650      15.94908288       7.06144028
H        6.71287891      12.43515679       7.84327815
O        4.47923570      15.74777281      11.60088562
C        7.10117344      14.75411318      13.95335986
C        6.33766219      15.50605907      13.04046111
C        6.74512948      13.44422331      14.22734161
C        5.14276048      14.95791398      12.47588156
C        8.38092499      15.30649919      14.54158012
C        5.60310505      12.92797291      13.66305142
C        4.79287002      13.63616709      12.75904621
H        6.67372407      16.45597247      12.65720420
H        7.21145412      12.83139933      14.93278591
H        8.42354054      16.35442070      14.63270333
H        8.46832675      14.95280920      15.53488924
H        9.39588251      15.01628997      14.13116580
H        5.28047489      11.94401338      13.97702927
H        3.86594683      13.36027772      12.35598737
H        4.42169358      15.54685373      10.70831306
O        5.72788559       3.46835982      11.12249657
C        9.04978983       5.06050405      10.49447047
C        8.01044488       4.18272804      10.94317875
C        8.71888789       6.11581754       9.60603550
C        6.71250198       4.32593009      10.68361515
C       10.49085445       4.68034275      10.81754705
C        7.39700428       6.21409201       9.21360767
C        6.37807368       5.34097071       9.74661625
H        8.32941841       3.23038062      11.47589356
H        9.51955816       6.64866833       9.13759737
H       11.23584233       5.24501020      10.26528449
H       10.70306425       4.92673445      11.83283878
H       10.74809385       3.63847903      10.60047128
H        7.19690853       6.91701272       8.50712313
H        5.40057277       5.35576217       9.41201781
H        5.98435267       2.99992122      11.94366830
O       14.69673522       5.09103712       2.37913817
C        0.58917260       4.83710241       1.95185649
C       17.02391064       5.35387040       2.05896620
C        0.86223665       3.52360633       2.33320613
C       15.89562786       4.55180671       2.45676346
C        1.78760774       5.68519081       1.54860253
C       17.49882368       2.70642840       2.78454882
C       16.16410113       3.21324312       2.84215464
H       16.96703067       6.39381700       1.78649271
H        1.85749359       3.09148954       2.28640132
H        1.65448231       6.04179951       0.53771642
H        1.91994317       6.57491705       2.25755389
H        2.64939829       5.00366123       1.55514450
H        0.04125685       1.72301985       3.02113336
H       15.32219276       2.54930948       3.16395829
H       14.67974964       6.02642124       2.14804100
O       15.37553920       0.47810635      13.12877115
C       15.82926257       0.34054659      16.83907916
C       15.42784029       0.05350954      15.52701310
C       16.56402884       1.51006458      17.00269929
C       15.74243235       0.83783858      14.38627218
C       15.60541306      17.32917860       0.43912768
C       16.85240852       2.34371126      15.90942736
C       16.50949196       1.94697824      14.60635508
H       14.93589578      16.86095163      15.30640376
H       16.81212798       1.82411146       0.29176709
H       15.41440425       0.22409297       1.33937921
H       14.78123093      16.57694619       0.39823978
H       16.54405874      16.70902992       0.61615296
H       17.36315225       3.30054292      16.04054748
H       16.77399075       2.58214046      13.75766555
H       15.67183110       1.12107895      12.52926634
