512
Lattice="17.7128441229 0.0 0.0 0.0 17.7128441229 0.0 0.0 0.0 17.7128441229" Properties=species:S:1:pos:R:3 pbc="T T T"
O       13.38244352       3.80237863       1.58525300
C       11.66901881       2.95024956       4.85753707
C       12.33751309       2.77787247       3.55140426
C       11.71429421       4.26045063       5.39023719
C       12.78130522       3.87693712       2.81458252
C       11.05635429       1.88625998       5.74404215
C       12.06541022       5.29506812       4.53522635
C       12.64485870       5.13542093       3.30754351
H       12.46703296       1.74614073       3.16963367
H       11.27282453       4.51317509       6.31546155
H       11.77722169       1.44190479       6.39768969
H       10.22488359       2.18474534       6.33532175
H       10.82043738       0.97850321       5.09235962
H       11.88604367       6.31801881       4.86714297
H       13.00320762       6.00313782       2.66665470
H       14.03042811       4.47316707       1.53467221
O        4.38052187       6.58572091       4.18683735
C        7.47655948       4.58274626       4.77761646
C        6.29091074       5.09921491       4.18497924
C        7.87640732       5.15304037       6.01462335
C        5.54587898       6.14085200       4.76358294
C        8.34400759       3.51631939       4.17201641
C        7.20607920       6.20774108       6.65181590
C        6.00409840       6.62057456       6.01255635
H        5.95740040       4.77485565       3.27217579
H        8.72087580       4.72004903       6.58932663
H        8.52752841       2.67712402       4.93383272
H        7.82155863       3.02298616       3.25905938
H        9.29248457       3.87676969       3.85483705
H        7.48439047       6.50216783       7.64797745
H        5.43536784       7.33083929       6.50867451
H        3.85052738       7.16619975       4.72429245
O       17.50555116       2.23972801      10.97817540
C       15.61770561       3.10390951       7.94939089
C       16.64189340       3.01761853       8.89970376
C       14.36074056       2.48955896       8.29197695
C       16.49712733       2.27192265      10.07131574
C       16.01400193       3.81505295       6.64503691
C       14.23430118       1.72353482       9.47405405
C       15.33474618       1.63853260      10.38755675
H       17.58559365       3.43905396       8.56486034
H       13.55708055       2.62423189       7.54358961
H       16.19880647       3.02721340       5.85304900
H       15.19528526       4.51880374       6.30945917
H       16.88644816       4.48363019       6.68870383
H       13.26173143       1.17645558       9.70741722
H       15.22568855       1.14511642      11.29775790
H        0.04819130       3.17745771      11.06834009
O        3.94281281       3.12750305       8.95183717
C        2.82167105       1.15733563       6.09334567
C        2.72276588       2.03259766       7.17193630
C        4.07292859       0.77268915       5.56517585
C        3.90313430       2.56506159       7.72020210
C        1.51562141       0.45655230       5.68180922
C        5.23710926       1.29319122       6.17549876
C        5.15546791       2.24336570       7.16515862
H        1.78349723       2.18243056       7.63853666
H        4.21672356      17.66981159       4.85521629
H        0.89577175       1.11861866       4.99337047
H        1.88599555      17.27682527       5.21607791
H        1.09050749       0.29827758       6.65029957
H        6.16880224       0.99587894       5.80390949
H        6.16134454       2.56329522       7.48392032
H        4.68509192       2.73090552       9.50968196
O       10.05731333      10.18499930      11.63037709
C       13.51471208      11.20390465      10.91541502
C       12.13284964      11.21818798      11.15715479
C       14.23507240      10.02058014      11.00622729
C       11.42938294      10.03812979      11.44499732
C       14.26757573      12.52979661      10.70427714
C       13.54180820       8.79834267      11.32399989
C       12.15123626       8.80903265      11.55087490
H       11.53186148      12.17441363      11.04448326
H       15.35309983      10.06551924      10.89004504
H       13.61165209      13.28301622      10.20534613
H       14.78343909      12.81852315      11.58051883
H       14.98301700      12.23287090      10.00287273
H       14.08284069       7.86232832      11.28163337
H       11.60508052       7.86214068      11.62600594
H        9.56925033      10.65346329      10.98079855
O       15.71340277      12.34201385       2.63622260
C       15.39932823      15.89518944       3.71400804
C       15.26652342      14.71411855       2.92561674
C       16.37879661      16.02732094       4.76410625
C       15.94166506      13.55471164       3.29603334
C       14.40828766      17.00640748       3.50090359
C       17.21057067      14.90437786       4.98562056
C       17.02115278      13.69649186       4.23507975
H       14.43900575      14.63507834       2.20341399
H       16.41090348      16.88189278       5.43244007
H       13.67479239      17.04028785       4.31810486
H       14.79695586       0.31798645       3.43954650
H       14.03800893      16.89298376       2.49235231
H        0.25149837      15.04733200       5.73533917
H       17.67405047      12.84700695       4.36568165
H       14.87868754      12.41036170       2.11401085
O        2.13974683      10.42244535       4.51071021
C        5.39972820      11.73735688       5.42260338
C        4.40627005      10.80077388       5.14962937
C        5.19207824      13.05912933       5.25146559
C        3.16570990      11.26300835       4.70053761
C        6.79648018      11.40711254       5.87573800
C        3.95143347      13.54519026       4.84226245
C        2.95873836      12.58879217       4.49724466
H        4.51008785       9.72727176       5.36735108
H        6.09011224      13.68904268       5.52327706
H        6.93261844      11.98775226       6.82377917
H        6.89579622      10.33460488       6.09336539
H        7.63537340      11.58516724       5.19850786
H        3.80232567      14.64079846       4.71314340
H        2.08768119      13.08388940       4.01189994
H        1.53876836      10.76052525       3.82540748
O        3.06979930       5.59841446       9.22680317
C        0.57753327       7.72271228       7.49798655
C        1.45107340       7.29060321       8.48455239
C        0.67307166       7.21187200       6.24553128
C        2.27220562       6.18681836       8.24523775
C       17.32086555       8.82980872       7.77562441
C        1.59115201       6.20749169       5.89131891
C        2.31373759       5.60400770       6.92930758
H        1.34337481       7.62664897       9.53876681
H        0.04166993       7.54423743       5.46431891
H       16.39578062       8.48530113       8.21720618
H        0.06531208       9.52162018       8.48119763
H       17.05718199       9.43568002       6.90538400
H        1.78224587       5.91166012       4.85222724
H        2.90471159       4.73773823       6.84996064
H        3.47751956       4.78287488       9.06957489
O        0.53466448       5.03109661      10.62815010
C        0.49241359       5.72267348      14.23650446
C        0.20024639       5.70851776      12.80902084
C        1.65615308       5.08178390      14.65244269
C        0.96414083       5.04404095      11.85974517
C       17.32303263       6.46435333      15.19045546
C        2.41993050       4.29206164      13.67156005
C        2.09699295       4.27556761      12.28118990
H       17.07583056       6.35354549      12.60634924
H        1.89690337       5.10192254      15.66476290
H        0.13509250       6.58482557      16.15001649
H       17.06167430       7.49227381      14.78555962
H       16.40238224       5.82131249      15.26067234
H        3.27979314       3.74218246      13.93625087
H        2.81813145       3.91981447      11.56330886
H        1.23532536       5.19080016       9.99214285
O        7.22133090       0.87255468      12.16375112
C        4.40146059       0.11272660      14.43053874
C        5.19812542       0.70081696      13.44708878
C        4.96333760      16.84436575      15.23115378
C        6.52663823       0.34260061      13.21586388
C        2.89784887       0.48231136      14.60139017
C        6.28321632      16.43304745      15.01785388
C        7.07209402      17.10211151      14.03272781
H        4.87967445       1.36076239      12.69667384
H        4.34134785      16.29243514      15.86803247
H        2.79319762       1.05447446      15.52259159
H        2.61414861       1.03861957      13.67256052
H        2.27669333      17.21724746      14.59119572
H        6.58295813      15.54689812      15.57147327
H        8.06425853      16.60585037      13.82018660
H        8.13859243       1.09273063      12.40672575
O       17.59532726      12.77017403      13.56944381
C        1.75285772       9.82132549      14.81872410
C        1.18741181      11.07434895      14.66933021
C        1.64663614       8.92698794      13.76648532
C        0.46369365      11.54274639      13.59231223
C        2.46595546       9.37354974      16.07202020
C        0.95763758       9.40315727      12.60562556
C        0.39183792      10.67677642      12.48740631
H        1.35088580      11.77301931      15.44000629
H        2.01960091       7.91307167      13.91515230
H        3.56622311       9.24036238      15.89913122
H        2.22202028      10.13998066      16.90520158
H        2.04162380       8.44421433      16.41452010
H        0.78072620       8.59682497      11.81949873
H       17.68536583      10.97737429      11.50555582
H        0.18165902      13.28937269      12.87439717
O        9.41934533      13.79776991      10.81782225
C       11.62309008      14.59873133       8.01016929
C       10.98994822      13.85155246       9.04955208
C       11.50502666      16.04296751       7.85963873
C       10.12400209      14.53577072       9.89235195
C       12.58077612      13.95932917       7.03570514
C       10.59675570      16.69278656       8.69626799
C        9.91997947      15.95782688       9.69541829
H       11.05338026      12.78216744       9.04015503
H       11.95374767      16.60489945       7.03118945
H       13.53230480      13.69784814       7.50990463
H       12.13777532      13.06270221       6.52944766
H       12.74464246      14.55426722       6.09474637
H       10.52370653       0.04345006       8.53757112
H        9.15086403      16.51865719      10.29832137
H        8.75928688      14.31073662      11.31604783
O       10.37232123       8.51365158      16.86926302
C        7.56898233      10.07163057       0.98002498
C        8.88729143       9.79434788       0.56577912
C        6.49590341       9.48285366       0.27247952
C        9.09009404       8.95528952      17.18619847
C        7.33569091      10.85920689       2.30182955
C        6.73087427       8.69256008      16.84074683
C        8.01383144       8.34462099      16.48383944
H        9.71714565      10.21643016       1.12567004
H        5.47433319       9.68843803       0.60388208
H        8.29692979      10.89908585       2.90796545
H        7.00748451      11.86943606       2.15655736
H        6.58255583      10.42937232       2.93295771
H        5.91130749       8.20928131      16.32901473
H        8.25397409       7.66743215      15.69418699
H       10.54365850       7.67451352      16.46703219
O        9.57796944       1.65874244      13.03207220
C       12.04827320      16.69728021      13.37675887
C       10.89332729      17.41891940      13.05157558
C       12.98831030      17.32458608      14.18392492
C       10.69445382       0.99446218      13.47664219
C       12.06645640      15.24215323      13.07282992
C       12.81843338       0.97063699      14.60709123
C       11.59523260       1.59246892      14.30098742
H       10.16930005      16.87643814      12.48627362
H       13.87820070      16.79755828      14.45493852
H       13.07927917      14.79115851      13.37965342
H       11.21910161      14.74370820      13.53551366
H       11.85154038      15.03355245      12.07086264
H       13.62790820       1.45849694      15.04748218
H       11.60126677       2.62818877      14.54697081
H        9.44433274       2.40605229      13.60385167
O       15.63620351       9.61018739       3.94170500
C       13.65916644       8.34883060       6.74091952
C       14.38166398       8.38631544       5.55607545
C       13.62045323       9.52797927       7.51684489
C       14.91829570       9.53639440       5.08752627
C       13.31955257       7.08095556       7.50339094
C       14.15027788      10.74438035       7.07328469
C       14.70606038      10.73057304       5.79989560
H       14.41041854       7.51866190       4.95819825
H       13.18500254       9.46570852       8.53349590
H       12.56599701       7.34379443       8.33101413
H       12.95942379       6.34410459       6.77053879
H       14.15908120       6.70525732       8.06828954
H       14.09729140      11.60606469       7.72727313
H       15.09786563      11.72383883       5.48504737
H       15.79246530      10.53471274       3.70527484
O       12.58302631       9.94362000       2.43378004
C       10.38288635       9.27745265       5.22452137
C       11.30138065       9.88143820       4.40113232
C        9.68337565       8.13941486       4.83534308
C       11.65629032       9.33488161       3.20074094
C       10.17432277       9.94173385       6.51421374
C        9.88879195       7.57668749       3.57516390
C       10.91619636       8.17470465       2.75524960
H       11.75167729      10.81216441       4.70584659
H        8.96237515       7.74581215       5.49167427
H       10.67127154       9.35822486       7.25321244
H       10.60058698      11.02669162       6.60478909
H        9.04598806       9.86576172       6.72564300
H        9.34298562       6.67510098       3.36385943
H       11.06243005       7.81069523       1.77636458
H       13.16441682       9.24237960       2.02990493
O        9.42324687       3.81729560      14.87845477
C        6.25741651       3.44431677      16.86324359
C        7.28503346       3.27555033      15.87549625
C        6.55952361       4.18922880       0.27277170
C        8.47337683       3.96442493      15.85152280
C        4.84495840       2.87451626      16.75569092
C        7.78730954       4.91608768       0.28460618
C        8.67506334       4.84481310      16.95864604
H        7.08821235       2.48354484      15.19789292
H        5.81745718       4.36732516       1.03950869
H        4.30897663       3.30319913      15.95979448
H        4.89980643       1.77835894      16.58457337
H        4.21140943       2.90365655      17.70175671
H        7.98672562       5.69027278       1.04308479
H        9.60778810       5.43808536      16.87984515
H        9.97230903       4.60050200      14.86039078
O        6.14491750       1.25925531       1.95374466
C        2.85740094      17.26164564       1.77431883
C        3.79953930       0.59121057       1.93199539
C        3.24384241      15.93381655       1.94735979
C        5.15960485       0.26676642       1.93596908
C        1.40071733      17.69050998       1.49406016
C        4.60621133      15.59439280       1.99099787
C        5.59071991      16.63324099       2.03677498
H        3.41790592       1.63943533       1.85026443
H        2.46687321      15.09234303       1.89102322
H        1.19158487      17.54591290       0.41508215
H        0.69006755      16.99021408       1.95897737
H        1.21960454       0.94966789       1.86337459
H        5.00773170      14.58474299       2.06982574
H        6.60460533      16.39574355       2.19561246
H        5.93976927       2.02633450       1.43283315
O        9.44708440       7.93826278      12.93760059
C        5.78895740       8.73400001      12.86773684
C        7.16483689       8.92714812      12.66516619
C        5.33404747       7.52487468      13.30318745
C        8.05704780       7.91085968      12.95053558
C        4.90050591       9.82353714      12.54618231
C        6.13515397       6.42369254      13.52213925
C        7.54870672       6.65042101      13.33798755
H        7.56788086       9.86916892      12.27559776
H        4.23426057       7.40822880      13.42593796
H        4.08841458       9.51769383      11.82803147
H        4.33828374      10.15061539      13.37026082
H        5.49916176      10.64998320      12.19096877
H        5.76020916       5.54926475      13.99038511
H        8.23254326       5.81374962      13.53163201
H        9.75553856       8.84432776      12.62933018
O       14.62606500       7.72015625       2.23500286
C       14.55212530       8.51053093      16.34049559
C       14.18206338       7.99151986      17.55283156
C       15.57622720       9.43817270      16.24169038
C       14.92543609       8.32576640       1.04612323
C       13.70258255       8.27426568      15.09282457
C       16.37932421       9.76247603      17.35920509
C       16.05535591       9.14435051       0.88419068
H       13.34880221       7.30734345      17.61008267
H       15.82286958       9.89400996      15.26996503
H       12.70760022       8.08929949      15.38084565
H       13.64781710       9.21656317      14.42806686
H       14.27454065       7.50373555      14.63295962
H       17.25259571      10.36668536      17.28053044
H       16.70322814       9.27292484       1.73237624
H       15.16409393       8.20395514       2.83921819
O        8.58735433      11.35229492       9.29057321
C        4.89874177      11.20085256       9.23850173
C        6.21684817      11.76570357       9.33077692
C        4.77172561       9.83371317       9.12145407
C        7.34549417      10.90689814       9.33886158
C        3.63590967      12.05308912       9.13147019
C        5.91096285       8.97476817       9.17458124
C        7.16327146       9.53263660       9.20213045
H        6.29183297      12.83152798       9.40347258
H        3.85980363       9.33213059       8.85475073
H        2.75638794      11.45927337       9.57957235
H        3.56484304      13.00358323       9.52282146
H        3.49557126      12.12846679       8.06176294
H        5.72321262       7.93215403       8.97108975
H        8.02535811       8.93148470       8.93610306
H        8.58924535      12.24070511       9.53090518
O        0.76341557      11.20172295       2.20626330
C        1.66816045      13.62490030      17.31739385
C        0.89631169      12.82008272       0.54453823
C        3.08769157      13.45267261      17.27072780
C        1.56994010      11.88313559       1.32165583
C        1.00352250      14.69602696      16.46216080
C        3.76764506      12.53776019       0.47215133
C        2.96222977      11.83805306       1.33855242
H       17.52983523      12.93866500       0.53565193
H        3.66956241      14.14290739      16.64038003
H        0.01050780      14.54650094      16.14859995
H        1.17087158      15.43502649      17.11386092
H        1.57539509      14.83466827      15.54424042
H        4.81888506      12.51665089       0.55164095
H        3.40775951      11.11768347       2.06894444
H       17.59623305      11.55762015       2.13381760
O        0.08044317      15.06134814      12.16673794
C       16.92032231      13.84620451       8.76048268
C       17.57582624      13.99917904      10.03092046
C       15.88882391      14.73271680       8.42026377
C       17.12750272      14.98573841      10.92659952
C       17.39733566      12.72964340       7.79779457
C       15.50442408      15.73276919       9.27566983
C       16.06613176      15.81745943      10.60935754
H        0.62687207      13.32369045      10.38750144
H       15.59852407      14.70877070       7.41748857
H        0.75076398      12.82491097       7.44671822
H       17.10459799      11.75563023       8.10991812
H       16.96722727      12.81214188       6.78474484
H       14.70760813      16.35617558       8.96973190
H       15.72603717      16.54298180      11.36331360
H        0.00332026      15.97159732      12.54458093
O       13.05132868      12.34809129       1.49068589
C       11.93242034      11.73913519      15.68968032
C       11.96164802      11.71773016      17.05936945
C       12.99611821      12.31061888      14.91053739
C       13.02468849      12.37564517       0.09693341
C       10.78748669      11.29209472      14.83415445
C       13.98604168      13.06705541      15.60784198
C       14.00999775      13.02460634      17.00283853
H       11.11850574      11.16276583      17.47945412
H       12.96316394      12.31821575      13.80279121
H       11.28007001      10.66252004      14.07693539
H        9.99433754      10.73817876      15.30705690
H       10.26011976      12.15378266      14.37619264
H       14.75108141      13.60519945      15.05819834
H       14.76774136      13.60711857      17.45436805
H       13.02758154      11.51578992       1.90220995
O       10.69081091       6.38120995      15.22048244
C       13.66020381       4.79507171      13.64314586
C       12.43161237       5.45899042      13.77940250
C       14.19945791       4.09404971      14.73493817
C       11.86968083       5.67425908      15.06558579
C       14.22474877       4.64821896      12.22892170
C       13.58890977       4.28521928      16.00890932
C       12.41892689       5.01715819      16.11134929
H       11.89267032       5.83131623      12.93620470
H       15.06210945       3.52585840      14.54377071
H       13.61404186       4.05746851      11.52929662
H       14.31187702       5.60802252      11.74800408
H       15.24153934       4.28188993      12.45108581
H       14.02562185       3.88814023      16.91882385
H       12.10004647       5.22689753      17.12587389
H       10.45471178       6.88870732      14.44946926
O        6.58010744      15.65061675       9.16046977
C        3.12944838      16.83854797       9.84872710
C        4.54793347      16.71993806       9.88556221
C        2.46738389      16.14688981       8.80088912
C        5.28288148      15.85618855       9.02810755
C        2.32208765       0.05418207      10.73428599
C        3.20132125      15.26483706       7.97200924
C        4.55449712      15.08378198       8.08012174
H        5.09804355      17.11777331      10.75342741
H        1.43660521      16.15818062       8.73258398
H        1.64673565       0.65678922      10.17601379
H        1.76111529      17.00763301      11.32151700
H        2.85189572       0.63196797      11.43075520
H        2.70775957      14.82027414       7.16862451
H        5.07096859      14.44127835       7.48689912
H        7.02127287      15.28494289       8.37565524
O       13.05759441       1.43216920       0.47078083
C       10.41218665      16.76569163      17.49831524
C       11.66608541      17.32532742      17.62736136
C        9.28515475      17.54499583       0.10497235
C       11.80057649       0.93480367       0.40680936
C       10.25305899      15.30488625      17.12244407
C        9.42136170       1.06335479       0.64925308
C       10.69617122       1.62352158       0.91091626
H       12.52668451      16.80221282      17.32344594
H        8.25440549      17.17902116       0.04453482
H       11.23762226      14.87943329      16.93139389
H        9.62226226      14.69906213      17.68453592
H        9.76196487      15.32629791      16.20118875
H        8.50162202       1.61728275       0.89615983
H       10.69084089       2.48874709       1.46572268
H       13.18345526       2.34814945       0.77224153
O        8.11064088      14.31966496       7.47277360
C        9.88252975      14.98572897       4.26328097
C        9.47093208      14.39139467       5.46440718
C        9.24079354      16.24074474       3.88496539
C        8.40251182      14.94956985       6.24646872
C       10.86177083      14.37097052       3.31907238
C        8.19615699      16.77984202       4.67184129
C        7.71315668      16.05186220       5.77740919
H        9.92838960      13.47047266       5.80206602
H        9.54587058      16.71410824       2.96145052
H       11.44502473      13.62639864       3.86262627
H       10.30136415      13.95086522       2.47440416
H       11.61286286      15.13215286       3.02142942
H        7.79975618      17.70055129       4.26744002
H        6.82046344      16.30495917       6.24521391
H        8.90110564      14.04360216       7.88255126
O        7.03009503      14.76500030      11.67373376
C        6.03901927      12.61519378      14.46406509
C        6.82095747      13.33890961      13.56298634
C        4.58214672      12.57090832      14.32496581
C        6.28489642      14.09948935      12.55683263
C        6.68684663      12.11553086      15.80133307
C        4.00271507      13.23485609      13.21750144
C        4.89123244      13.95835763      12.32903539
H        7.82185435      13.53411749      13.71554061
H        3.97691846      12.11440816      15.05469358
H        7.44381478      11.38441218      15.60709904
H        7.24488023      12.74941630      16.36121111
H        6.01810385      11.47528370      16.32442101
H        2.95713350      13.19209041      13.00609607
H        4.45552920      14.39402831      11.38296787
H        6.41688739      14.95819500      10.90177572
O        6.27399638       2.60480706      10.34414405
C        9.55669191       4.02651809       9.94221771
C        8.47081776       3.09650781      10.00973454
C        9.31677330       5.37956606      10.22432838
C        7.17307754       3.52878627      10.20285663
C       10.84956581       3.44774766       9.68237018
C        7.96285809       5.87537563      10.27993054
C        6.91064003       4.96035355      10.30605645
H        8.55539378       2.07274806       9.89174612
H       10.05555557       6.17084251      10.30289732
H       10.76645152       2.64249170       8.97078356
H       11.68344778       4.16693773       9.46291692
H       11.06010901       2.80809842      10.59084632
H        7.85840389       6.91809843      10.51257937
H        5.82557171       5.23291816      10.23744965
H        6.61260399       1.88366550      10.88277958
O       15.85299050       5.30841734       1.61826702
C        1.81124496       5.37632101       1.43123246
C        0.49260504       5.81340342       1.24007902
C        2.12428364       4.28346305       2.25685729
C       17.16506541       5.03975481       1.82179418
C        2.91042036       6.06906322       0.60763230
C        1.07826247       3.52514383       2.83704374
C       17.47004794       3.92997712       2.61176759
H        0.25247815       6.79487465       0.76114177
H        3.15938230       4.00450065       2.44951083
H        3.94759517       5.73958067       0.92559732
H        2.74507674       5.80223061      17.36451300
H        2.68758219       7.18152405       0.74981007
H        1.27961427       2.63021650       3.44515912
H       16.63105346       3.34142693       3.02424547
H       15.60601434       6.17932866       1.47889601
O       17.66262209       0.22107389      12.78050004
C       16.05800265      17.56462340      16.04941715
C       16.58284276      17.20901147      14.75309971
C       16.12225032       1.13568669      16.61369150
C       17.19924105       0.53074693      14.00989975
C       15.44316648      16.48505344      16.97832997
C       16.79437451       2.13789058      15.86186828
C       17.30555314       1.87030143      14.56981053
H       16.41925454      16.21942550      14.35721723
H       15.77469503       1.32753109      17.62401498
H       15.17317200      16.94611442       0.19886958
H       14.50492897      16.18184849      16.49067850
H       15.86340692      15.46223352      17.12161155
H       16.83964398       3.20155351      16.16904257
H        0.02915794       2.71221517      14.03996161
H       17.67300232       0.95526390      12.14287869
