512
Lattice="17.7128441229 0.0 0.0 0.0 17.7128441229 0.0 0.0 0.0 17.7128441229" Properties=species:S:1:pos:R:3 pbc="T T T"
O       11.72817132       3.74432308       4.00984294
C        9.21916197       4.32969348       6.50055150
C        9.84205081       4.02954610       5.31700630
C        9.97126704       5.04316549       7.50292380
C       11.14523833       4.31970572       5.08119146
C        7.88001401       3.74082890       6.63944129
C       11.28074452       5.55152559       7.20335113
C       11.91904977       5.15282147       5.99799798
H        9.36897967       3.35741987       4.62210977
H        9.46613654       5.32309721       8.44888319
H        7.06816464       4.44319712       6.35263349
H        7.88159601       2.82522730       6.09284165
H        7.64216640       3.55798708       7.72121424
H       11.82843630       6.23351109       7.91844740
H       13.01233757       5.48222634       5.82214947
H       12.61755492       4.06635256       4.06383975
O        5.57870357       3.33947295       3.26545149
C        8.14273443       5.86860941       2.78901846
C        7.41458730       4.68291221       2.64743919
C        7.70986494       6.92519990       3.64318570
C        6.28960669       4.44540300       3.45056024
C        9.32850463       6.08312871       1.92669893
C        6.61743642       6.62380152       4.44722321
C        5.88666649       5.44343421       4.34741423
H        7.70189693       3.92213122       1.96373977
H        8.15650053       7.83783127       3.75213988
H        9.48389391       5.21063804       1.32450432
H        9.24100765       7.04821643       1.36199596
H       10.28903632       6.17645265       2.55040037
H        6.31462311       7.22483271       5.28688281
H        5.13971928       5.22472150       5.05534040
H        5.92188978       2.83312425       2.50099497
O       16.97502694       2.33391416      11.30793325
C       14.44858939       2.88567384       8.65630397
C       15.72617411       2.78144279       9.29265836
C       13.29814177       2.52405680       9.43465483
C       15.78619985       2.49684267      10.63591283
C       14.45181259       3.00537550       7.13501502
C       13.42706974       2.13359532      10.74706599
C       14.65581850       2.13236833      11.31978957
H       16.59696731       2.93322152       8.70215173
H       12.30282022       2.56350450       8.95491558
H       15.00602675       3.88908458       6.82732094
H       14.78932408       2.16790119       6.55003390
H       13.40931427       3.12081607       6.68831915
H       12.56163964       1.90284549      11.28870278
H       14.79807608       1.79749679      12.33133425
H       17.55901231       3.05574328      10.98646408
O        3.16413763       2.56072690       9.39022511
C        1.93489884       3.57563829       6.10159773
C        2.12342968       3.42669030       7.49355021
C        2.87024437       3.03269859       5.22969191
C        3.09459631       2.60142340       8.00229722
C        0.82149730       4.38133631       5.50044107
C        4.00183042       2.44969287       5.81227768
C        4.16437375       2.21892934       7.21002065
H        1.47578171       4.04719170       8.14086569
H        2.60443936       3.04382418       4.21164882
H        1.18396864       5.38773250       5.48514884
H        0.53051989       4.06192074       4.46179925
H       17.62474801       4.34952419       6.08424539
H        4.84553057       2.07575998       5.17318399
H        5.07544845       1.74831215       7.67610930
H        4.06755442       2.57327753       9.71919487
O       12.24705335       8.67586713      10.23563177
C       13.77229785       9.44022179      13.47022419
C       12.83128181       9.10951063      12.51383884
C       15.04579455       9.85336292      13.06708151
C       13.15530000       9.07100623      11.17161720
C       13.38313784       9.40223484      14.94446082
C       15.39706823       9.81241295      11.69379419
C       14.43540058       9.44138447      10.74342095
H       11.93077880       8.76683357      12.86436899
H       15.79247772      10.25856162      13.73382608
H       12.69177781      10.25701338      15.21555624
H       12.90789002       8.48524444      15.30982679
H       14.30771739       9.43873753      15.48461763
H       16.40762253      10.12883212      11.41697100
H       14.71959804       9.46564572       9.73402627
H       11.37300909       8.96726541      10.42879685
O       16.24138497      12.79943069       3.14436009
C       16.56134309      16.05470323       5.03982021
C       16.90587107      14.79919692       4.43116891
C       15.19337249      16.33319354       5.25264667
C       15.92912113      13.98927115       3.83134331
C       17.46694221      17.10099589       5.44999326
C       14.19879807      15.46414172       4.74176291
C       14.58395066      14.39662826       3.89158228
H        0.22270945      14.57103801       4.46820966
H       14.90228020      17.10729615       5.96160216
H       17.38232577       0.21979384       4.73467330
H       17.22088187      17.51034463       6.49100515
H        0.85809639      16.77599252       5.48998028
H       13.13949803      15.65219907       4.81652023
H       13.74588130      13.86289610       3.45992474
H       15.52878850      12.27755202       2.73471462
O        1.64455600       9.38504955       0.16207541
C        2.81056520       6.20268630       1.66393169
C        2.63145824       7.20344060       0.64676518
C        2.28331658       6.40883278       2.93321179
C        1.94551020       8.39232110       1.01398203
C        3.60278383       4.92607407       1.53011867
C        1.52541532       7.51237011       3.29184963
C        1.29179544       8.44717825       2.24961532
H        3.04034981       7.22923282      17.37606995
H        2.56326389       5.66687110       3.68575418
H        3.35233364       4.52302210       0.53088510
H        4.63949596       5.12588243       1.61796930
H        3.27337615       4.21751016       2.20415148
H        0.99978713       7.69409635       4.27843664
H        0.74150353       9.33590738       2.46826396
H        1.73660183      10.23128196       0.43716057
O        1.78400395       9.50158418      10.79128743
C        3.32769721       8.39293144       7.70725767
C        2.75919192       9.22648653       8.64565332
C        3.51923580       7.01518707       8.02575726
C        2.35840712       8.72870384       9.83225723
C        3.76403151       8.79859747       6.30848242
C        2.99858257       6.48901232       9.19894525
C        2.43176176       7.34562037      10.11855594
H        2.69563192      10.22538750       8.39669585
H        3.84919373       6.39565128       7.27000806
H        3.88637873       9.87823391       6.16263876
H        4.82487485       8.47627797       6.03951767
H        3.00998239       8.44732266       5.56328166
H        3.16918462       5.46202049       9.49315495
H        2.10824703       6.95595649      11.12533251
H        1.94263307       9.22001884      11.67744247
O        1.25459701       4.09569503      11.26938593
C        0.14343101       6.11683395      14.21198422
C        0.18306831       5.53536493      12.94944486
C        1.31643970       6.03052966      14.99181650
C        1.27222494       4.75642647      12.52440158
C       16.61725131       6.89180298      14.65673463
C        2.47683419       5.33524173      14.54491261
C        2.43646812       4.58821419      13.30683036
H       16.94714748       5.67186261      12.37941201
H        1.35989523       6.52780811      15.97006152
H       15.90433408       6.99812770      13.79512437
H       16.09415386       6.48952475      15.51280878
H       16.95114401       7.90265481      14.77622090
H        3.40260355       5.17750439      15.13593903
H        3.23486951       3.98303030      12.86600667
H        2.11430983       3.80782247      11.05542081
O        7.04108575       0.43176134      12.35030942
C        4.09865559      16.32315995      13.46016747
C        4.91611279      17.10196889      12.62810396
C        4.62327770      15.58372495      14.52256502
C        6.24140270      17.23115256      12.98553182
C        2.70255273      16.12577891      13.04644553
C        6.03037576      15.70681408      14.79490440
C        6.82842289      16.45403287      13.95628425
H        4.56451642      17.59877007      11.73183000
H        3.98461928      15.04695008      15.21126681
H        2.33559913      15.08480385      13.19144860
H        1.98036685      16.87783368      13.28436742
H        2.70410526      16.18975129      11.94359186
H        6.41078371      15.11363351      15.57633135
H        7.93968504      16.42813732      14.09091746
H        7.84150728       0.56012385      12.87429870
O        2.46783886       8.92262173      13.47424177
C        5.41841880       8.13728120      15.58079366
C        4.14471268       8.66503776      15.15269976
C        6.19062755       7.45898905      14.59899910
C        3.66777470       8.42709115      13.87255945
C        5.93133951       8.32788692      16.95277345
C        5.74153290       7.29767346      13.29339790
C        4.51367460       7.82215187      12.94071134
H        3.44968408       9.23146056      15.66866437
H        7.04779201       6.91162601      14.82792353
H        5.88048913       9.38486442      17.00582886
H        5.27199918       7.92483868       0.04874726
H        6.86344198       7.96562375      17.24805995
H        6.32799921       6.76289486      12.57197354
H        4.28971910       7.82614595      11.89428045
H        1.89584356       9.16038679      14.26425938
O        8.73039667      14.48969517      10.25618247
C       10.54416806      16.96033511       8.12385596
C       10.12022002      15.68575164       8.64838697
C        9.82474901       0.45829223       8.34601016
C        9.01466634      15.64945495       9.53147578
C       11.84997434      17.06239745       7.31166762
C        8.71446559       0.37408496       9.11160891
C        8.33047344      16.83823962       9.74909065
H       10.73748039      14.84388150       8.48653041
H       10.17673643       1.46515350       8.00988371
H       12.61182086      17.68345888       7.79840394
H       12.26871973      16.10034416       6.92499977
H       11.66431745      17.71160192       6.44628312
H        8.12226749       1.20093523       9.47200870
H        7.43086170      16.98098537      10.37306870
H        7.84140466      14.48367058      10.50577754
O        8.86616894       9.66812686       0.73317385
C        6.62284294      11.77936092       2.78908050
C        7.52502426      10.77575885       2.38262683
C        6.17745025      12.73939374       1.81976511
C        7.96933595      10.67577761       1.05796638
C        6.11630123      11.70236108       4.21111172
C        6.59629015      12.63511255       0.43102015
C        7.47829768      11.55867757       0.07654918
H        7.97410506      10.10089983       3.06656464
H        5.36692081      13.38280204       2.20879279
H        5.52090516      10.83520504       4.22116964
H        6.91981497      11.59734131       4.94561464
H        5.63131923      12.62107377       4.31850389
H        6.08602741      13.30067433      17.46485982
H        7.76380168      11.55697077      16.76935096
H        9.14232146       9.68307560      17.51063633
O        9.35791605       1.12068439      13.51547940
C       11.86196883      16.39638862      12.35862303
C       10.65256411      17.01704745      12.63546032
C       13.01484403      16.96307205      12.87538286
C       10.54101703       0.46798427      13.34401073
C       11.90043699      15.03293001      11.67505868
C       12.96563047       0.46864295      13.61902296
C       11.73908458       1.10580285      13.80175151
H        9.80743106      16.54204354      12.19103573
H       14.01482716      16.55581731      12.71732295
H       11.86413167      15.33930035      10.59808573
H       12.81298850      14.42651520      11.87044531
H       10.93743110      14.45929683      11.77727544
H       13.86067809       0.90635244      14.09652505
H       11.60393701       2.05922837      14.37456571
H        9.53248956       2.03517251      13.82608652
O       14.81406019       7.44905631       3.31164553
C       16.23831577       7.65005506       6.71944090
C       15.62149991       7.01699990       5.65050783
C       16.85091928       8.95395010       6.68878707
C       15.49461515       7.79825015       4.44447750
C       16.23640644       6.83282312       8.00873871
C       16.77816325       9.61571159       5.49470735
C       16.10455704       9.08976686       4.36390997
H       15.07491207       6.03924848       5.79293193
H       17.31193533       9.36400344       7.57163596
H       17.09665661       6.15396252       8.08455893
H       15.96939535       7.49937137       8.85528601
H       15.42889945       6.10912683       7.94782586
H       17.26506781      10.58669598       5.37328397
H       16.19616389       9.79882322       3.50544991
H       14.58904169       8.13650852       2.69888590
O       10.43408004      12.18739698       3.14449062
C       12.57777723      11.28184669       6.00863301
C       11.90790115      12.04258073       4.98251189
C       12.67947284       9.89914785       5.82293348
C       11.18590732      11.35008474       3.98343120
C       13.13043915      11.86823196       7.31047943
C       12.03771257       9.25717078       4.71016370
C       11.20446180       9.93883021       3.87481216
H       11.92448205      13.10308992       5.10589090
H       13.29042933       9.39557026       6.54233304
H       12.81415577      11.32087884       8.25923679
H       14.22129932      11.76463465       7.36861305
H       12.77434806      12.95893926       7.33779880
H       12.19841057       8.17586757       4.61768902
H       10.69740749       9.41656399       3.10841595
H        9.71375290      11.75482187       2.70093906
O        9.68912936       3.55918051      14.79754205
C        5.99572005       3.22075343      15.12593576
C        7.29179677       3.20057602      14.57316392
C        5.71021260       3.99871309      16.24913309
C        8.39042623       3.72864434      15.27295235
C        4.75310138       2.57168132      14.42674923
C        6.81513621       4.69698548      16.80101441
C        8.10501962       4.48919965      16.42444621
H        7.51594776       2.78644185      13.64789490
H        4.69603144       4.17676783      16.55644362
H        3.83617973       3.04694852      14.78888917
H        4.90812415       2.41876574      13.37076836
H        4.69804495       1.57664603      14.85457199
H        6.67272029       5.26546299      17.70405456
H        8.89933102       5.09790189      16.86024583
H       10.36067579       3.81875218      15.40313600
O        6.00022884       2.31958320       0.92674502
C        3.71607963      17.48370691       2.18994550
C        4.39603464       0.93748367       1.92670048
C        4.03745473      16.41546395       1.29297306
C        5.35290620       1.14482768       0.93577130
C        2.55752371      17.35222543       3.14355435
C        4.97195742      16.54291661       0.25837027
C        5.76290784       0.02816417       0.09268284
H        4.08813143       1.74967455       2.51876551
H        3.44828440      15.50096285       1.30812758
H        1.66804423      17.21445884       2.58903411
H        2.77789160      16.45809586       3.76400960
H        2.51969396       0.50467109       3.81718449
H        5.12746546      15.66985515      17.38194451
H        6.57350663       0.11377346      17.07337926
H        6.46717393       2.35182383       0.06885957
O       10.27397149      10.18386492      16.24159047
C        9.35861759      10.19108742      12.72500568
C        9.79507224      10.68206899      13.99548944
C        9.02481998       8.86703961      12.51793027
C        9.94637362       9.71748351      15.01294969
C        9.20096805      11.17292045      11.57633126
C        9.16224011       7.95019911      13.58112518
C        9.76346965       8.37378257      14.79199823
H       10.01278166      11.81021001      14.09893708
H        8.66095022       8.54420638      11.59974659
H        9.45462768      10.63697056      10.59249566
H        8.17185640      11.51299769      11.59818079
H        9.94915675      11.98691789      11.78865760
H        8.90701765       6.89224099      13.43266801
H        9.99196903       7.71095849      15.63373252
H       10.82298488      10.95234753      16.27942347
O       14.83469820      11.48968875       1.49702858
C       13.64121113       8.22714619       0.46303858
C       13.66011945       9.56997031       0.90460258
C       14.81098446       7.59064820       0.04300852
C       14.87344315      10.24471116       0.99126934
C       12.40121450       7.50775173       0.43541548
C       16.03763966       8.31633508       0.08700744
C       16.05230399       9.64225413       0.61415044
H       12.81088003      10.06499132       1.33303359
H       14.67669733       6.65185632      17.35258595
H       11.73102493       7.74666779      17.35419723
H       12.59632310       6.46579885       0.46031147
H       11.76901167       7.54411209       1.28859495
H       16.91003243       7.96672250      17.26130254
H       17.03591957      10.06020759       0.62759871
H       13.94157557      11.88780059       1.37192165
O        8.90518508      12.96394998       7.90166386
C        6.83429301      10.16256958       9.22978893
C        7.33616903      11.50798208       9.01067090
C        7.27635445       9.16716265       8.29115274
C        8.35825165      11.70787699       8.09011132
C        5.77703691       9.95936886      10.27764330
C        8.17285259       9.42848107       7.26511036
C        8.77871930      10.69000298       7.20346901
H        6.99812190      12.22449862       9.71507597
H        6.79717472       8.19000415       8.31327519
H        4.91640402      10.65857119      10.05750887
H        5.36047607       9.04368974      10.54668469
H        6.06583325      10.36740845      11.22154712
H        8.33865990       8.69695074       6.51624388
H        9.58342478      10.66259727       6.45546170
H        8.97645439      13.53260999       8.64753312
O        1.10960855      12.17735727       2.06026349
C        0.31056667      12.86297402      16.26552023
C        0.18678927      12.67411616      17.63521890
C        1.55985847      12.76352098      15.69005978
C        1.32649256      12.43714878       0.74182150
C       16.79546877      12.92375484      15.40654161
C        2.73812216      12.76323345      16.51178423
C        2.61414838      12.57404199       0.14630466
H       16.92668473      12.58705977       0.36957319
H        1.65676443      12.76320518      14.58784584
H       16.76998168      12.05940855      14.72828905
H       15.88920436      12.91575090      16.04663422
H       16.80705574      13.91170274      14.84304963
H        3.74964408      12.66815980      16.06435185
H        3.46125185      12.42416895       0.78127133
H        0.21314151      12.26585499       2.35821848
O       16.86573229      15.59026006      12.62090179
C       16.59589468      13.50825548       9.53818860
C       16.94564266      13.87853264      10.88924447
C       15.84038486      14.41974626       8.75303591
C       16.52302777      15.14487801      11.37303506
C       16.99324824      12.18533058       8.95010187
C       15.47315325      15.70430750       9.21547988
C       15.83273478      16.08184134      10.54764130
H       17.51997247      13.31796285      11.62432129
H       15.38323704      14.11565246       7.77732056
H        0.30110437      12.28856285       8.44511412
H       17.12311971      11.41521298       9.75562718
H       16.39782712      11.92277723       8.09813005
H       14.94652932      16.31973794       8.51196975
H       15.68403484      17.12506809      10.89331032
H       16.91533221      16.55616066      12.90434722
O       12.44523127      12.56281181       1.34710350
C       10.61600789      13.48362173      15.91749019
C       10.87885392      13.19624538      17.28023948
C       11.61614743      13.39835855      14.95384924
C       12.14402364      12.81727547       0.06156617
C        9.16810986      13.85766347      15.53578913
C       12.91565987      13.12735428      15.47527506
C       13.10491582      12.75402103      16.81058346
H       10.03186027      13.14002065       0.16586362
H       11.52457824      13.83434462      13.90244959
H        8.75121990      13.12061193      14.77069831
H        8.41214414      13.74857749      16.26562534
H        9.08323412      14.78598407      14.96525173
H       13.78979114      13.21540935      14.84576023
H       14.17396684      12.56612436      17.24586950
H       11.64197136      12.62445213       1.92616601
O       11.42736807       4.02386317      16.99743000
C       13.56133168       4.81059331      14.08302574
C       12.47098775       4.89087871      14.97849591
C       14.63626001       3.92513601      14.42810628
C       12.51696577       4.14410449      16.25323550
C       13.30594624       5.42525676      12.73526917
C       14.65592719       3.19789267      15.65648181
C       13.57591884       3.24225499      16.52305407
H       11.58679458       5.45916665      14.72071752
H       15.42833841       3.78789187      13.63783225
H       12.61241911       4.74115519      12.29679279
H       12.84859664       6.44134058      12.76065354
H       14.22181617       5.51271796      12.08195853
H       15.47732858       2.60493961      15.85044346
H       13.62959625       2.60939786      17.41398517
H       11.55507838       3.87999085       0.21659816
O        5.86903489      16.34876619       7.95263662
C        2.29197664      15.88371028       8.59642388
C        3.63127566      16.34906091       8.51822841
C        2.08065222      14.62355799       8.02694317
C        4.71582766      15.59346704       8.04952467
C        1.23228782      16.80227702       9.08576982
C        3.15944922      13.91718772       7.38796915
C        4.48754800      14.33777370       7.46280205
H        3.91178116      17.28043102       8.90998743
H        1.10155976      14.31683465       7.73591062
H        1.39960342       0.17772571       8.85638300
H        0.38108593      16.52459270       8.50168285
H        1.06126100      16.71917726      10.18219813
H        2.88165710      13.07619476       6.91167514
H        5.24041177      13.68338143       7.09310707
H        6.48262036      15.81986739       7.45434833
O       10.46505744       2.22109818       1.93975392
C       12.66291441      17.45084786       0.05057255
C       12.25823174       0.68710872       1.02973983
C       11.78275136      17.05844373      16.69895812
C       11.00046026       1.35870411       1.02490145
C       14.08889891      16.92171314       0.11774260
C       10.53598184      17.67682773      16.61630384
C       10.14057074       0.94476238      17.64770150
H       12.97645027       0.98478935       1.75235039
H       12.12651806      16.45987839      15.88968553
H       14.84601748      17.66957919      17.51484296
H       14.26286505      16.58206438       1.14424973
H       14.21518001      16.11439016      17.11363368
H        9.89736523      17.45955757      15.74432442
H        9.11428720       1.34408619      17.63011317
H       11.11168051       2.70375148       2.57386986
O        7.40909982      14.34276687       6.06813047
C        9.69496189      16.22406596       3.86879658
C        9.29004172      15.20835137       4.73649032
C        8.76617965      17.18902933       3.38034336
C        7.91250779      15.22405486       5.21126453
C       11.09246960      16.22186781       3.13235292
C        7.41321643      17.19733528       3.91292817
C        6.98819308      16.22782057       4.81383486
H        9.91790340      14.38764732       5.08373166
H        9.08667669       0.21425472       2.61378264
H       10.95074226      16.27397435       2.10464933
H       11.66094459      17.01539127       3.48526471
H       11.66681333      15.29582803       3.27860530
H        6.76283659       0.18681609       3.39413043
H        5.96083055      16.17297288       5.14207288
H        7.93046776      13.71180662       6.47466188
O        5.90776521      14.38842453      10.58789196
C        5.45078156      12.27333484      13.57815446
C        6.01730996      13.05488080      12.53930542
C        4.09812763      11.92412887      13.36571640
C        5.31133511      13.46036334      11.40740195
C        6.21473731      11.62497257      14.71302452
C        3.30582982      12.36492953      12.30152015
C        3.90969185      13.15631259      11.29943825
H        7.03677242      13.44602407      12.58427332
H        3.76934024      11.19802151      14.06397093
H        5.60468105      11.32540325      15.61020959
H        6.81283906      10.80634659      14.37687653
H        6.85549116      12.39390425      15.08386724
H        2.21634700      12.17865203      12.25225500
H        3.31528329      13.39403697      10.42347840
H        5.30372699      14.58630633       9.87049654
O        5.99501220       2.20140587      10.59304274
C        8.59465967       4.81509848      10.81110288
C        7.93453068       3.57100124      10.83839334
C        7.80142838       5.96554018      10.40575656
C        6.57737617       3.45269833      10.50017539
C       10.03015183       4.91681535      11.17125508
C        6.46422829       5.76062427      10.05650403
C        5.84324841       4.50060371      10.14301787
H        8.42120029       2.66570300      11.29661555
H        8.34313153       6.81469739      10.24401915
H       10.59957134       4.14838385      10.56173778
H       10.39941394       5.92857122      11.23159525
H       10.12008663       4.61614508      12.24579952
H        5.70237448       6.57232009       9.77916107
H        4.78151015       4.40019255       9.95242663
H        6.48002024       1.58179555      11.21260939
O       14.12009189       4.95225600       3.72044919
C       16.42793675       3.70367097       1.10276452
C       15.60448810       4.61192077       1.79895841
C       16.42868491       2.31846020       1.41276636
C       14.82626462       4.11087228       2.88398461
C       17.33587219       4.26950183      17.70395611
C       15.58803977       1.84218416       2.50919850
C       14.80512602       2.74370211       3.28655646
H       15.62250598       5.63254074       1.44833336
H       16.94603449       1.56314465       0.81050686
H       16.91410469       5.13089585      17.12875973
H        0.69281474       4.48999981       0.23118741
H       17.43930382       3.48026226      16.94477597
H       15.52084192       0.85002834       2.64963988
H       14.10240814       2.36268245       3.97773721
H       14.37249112       5.91090966       3.62066017
O       16.85798696       0.37881463      13.17251966
C        0.44123791      17.28292387      16.44402723
C       17.44837524      17.19634509      15.20223493
C        1.24317929       0.67048952      16.70654261
C       17.55006178       0.45640928      14.28994875
C        0.33334854      16.15474712      17.48187114
C        1.40900524       1.64299873      15.69343127
C        0.72340407       1.57209917      14.47965073
H       16.81757727      16.35489114      15.07313540
H        1.68552876       0.91531739      17.66550864
H        1.16311324      15.44810424      17.19321901
H        0.68672453      16.51932600       0.71103960
H       17.09322998      15.78504213      17.59839277
H        2.01250430       2.53659727      15.95491445
H        0.81671273       2.32562735      13.73005752
H       16.85332337       1.14390107      12.55364658
