512
Lattice="17.7128441229 0.0 0.0 0.0 17.7128441229 0.0 0.0 0.0 17.7128441229" Properties=species:S:1:pos:R:3 pbc="T T T"
O       12.40171941       3.37924536       5.06337269
C        9.49498902       4.92238008       6.85997678
C       10.29268184       3.98776669       6.24947148
C        9.96562677       6.22615171       6.89181070
C       11.64955899       4.28872683       5.72720229
C        8.06731331       4.68187035       7.21740488
C       11.16196588       6.61818172       6.29554797
C       12.06878182       5.65598798       5.80890195
H        9.85738832       2.96689283       6.03924386
H        9.32354100       6.97293385       7.33664941
H        7.73810742       5.21075428       8.13621679
H        7.43490857       5.02101316       6.44219221
H        7.93797638       3.61412675       7.33807493
H       11.38818644       7.64375276       6.32482361
H       13.02100223       6.01880103       5.47144681
H       13.28538234       3.66921291       4.81308662
O        9.46015576       4.34466849       1.50184134
C        9.98771377       7.65849660       3.08431781
C       10.20742130       6.57167720       2.21009835
C        8.91708424       7.72441342       3.96183780
C        9.29492688       5.40524201       2.30560438
C       11.04120480       8.77855238       3.15482535
C        8.07656143       6.60990654       4.08743497
C        8.26616828       5.42155801       3.29073199
H       11.05719782       6.52777513       1.57257537
H        8.93310456       8.60201770       4.57259108
H       11.53599397       8.83755066       4.05769486
H       11.76813447       8.52305767       2.40881486
H       10.53531070       9.73791619       2.84741563
H        7.25702935       6.57976737       4.74948139
H        7.57134103       4.63683363       3.51699940
H        9.09307619       3.58495439       1.87218420
O       16.18398258       0.66175713      11.07953377
C       14.83480655       3.05410587       8.46595115
C       15.76451130       2.40733502       9.35505325
C       13.54903266       2.49539127       8.36789418
C       15.34298467       1.24903633      10.08326894
C       15.21047698       4.22481077       7.68842547
C       13.11239175       1.42938302       9.13189165
C       14.06214923       0.73097546       9.95663683
H       16.77634924       2.78412156       9.40630687
H       12.90110978       2.93375391       7.56762184
H       14.35494523       4.43783436       7.08804814
H       15.24939539       5.06807626       8.43280948
H       16.18024765       4.15439903       7.14521263
H       12.09205018       0.99400271       9.03697619
H       13.78798714      17.61993134      10.47011157
H       16.80879072       1.21724767      11.47288949
O        3.07957844       2.01689353      10.85202121
C        2.58233715       2.99378202       7.34427059
C        2.32348572       2.70480604       8.64743372
C        3.89476908       3.05598189       6.85718931
C        3.33163627       2.35652436       9.55796712
C        1.44376003       3.37376227       6.40912965
C        4.92137346       2.67562935       7.70194240
C        4.67795194       2.30950380       9.06081410
H        1.34747517       2.83816125       9.13691426
H        4.07732335       3.26316686       5.80255129
H        0.64964911       2.68668268       6.66198986
H        1.15270560       4.33849314       6.71090582
H        1.67073324       3.20465151       5.32509310
H        5.93426309       2.56787311       7.31942641
H        5.45239424       1.94754813       9.70910524
H        3.77364159       1.60200849      11.26607656
O       11.62701263       7.96563804      10.16282073
C       15.26213135       8.83848363      10.44275529
C       13.83611406       8.97789690      10.38483463
C       15.80367427       7.54231460      10.74853980
C       13.00435088       7.84652042      10.41042606
C       16.15728444      10.12464244      10.42469835
C       14.95018849       6.43904348      10.69939705
C       13.49922522       6.52942058      10.54280166
H       13.43312538       9.97048642      10.13829025
H       16.95859099       7.48501125      10.79379092
H       16.18975078      10.52808553       9.42052146
H       15.84251227      10.80149777      11.24943937
H       17.15816816       9.80731507      10.77958909
H       15.46878080       5.47616156      10.70094644
H       12.81909156       5.74072035      10.53698874
H       11.39465508       8.85430072      10.22980585
O       16.06621977      12.97681640       3.46982554
C       15.09704008      15.80023413       5.76633665
C       15.68046547      14.57567520       5.28565651
C       14.46147942      16.66761808       4.89275016
C       15.60226416      14.15470743       3.93678522
C       15.37631104      16.21489674       7.18950520
C       14.25666116      16.21829415       3.54545357
C       14.66220077      14.85895589       3.18867733
H       16.20655330      13.93192378       6.02375577
H       14.02409580      17.59693350       5.23590604
H       14.35555917      16.45362650       7.59934640
H       15.86253071      15.39750914       7.75718523
H       16.06108143      17.14641311       7.22520970
H       13.62044984      16.81160694       2.87541303
H       14.57010045      14.51792425       2.14263628
H       15.33840928      12.65572532       2.91728273
O        3.25791120       9.28858371       1.04758014
C        3.22442025       6.23467812       3.10691273
C        3.64154357       7.15367521       2.11500729
C        2.00599788       6.45059016       3.80182111
C        2.85199131       8.33367752       1.86222231
C        4.01711303       4.92218320       3.44491886
C        1.22219894       7.57352731       3.56427560
C        1.70205221       8.56293923       2.59857909
H        4.59142252       7.03958273       1.53000841
H        1.69112869       5.72367328       4.58495944
H        3.48756355       4.03406490       3.14979931
H        5.00392008       4.92479041       3.04416378
H        4.16867908       4.81596857       4.48832868
H        0.32033203       7.66957169       4.17717359
H        1.17293122       9.51776616       2.63672567
H        2.83897897      10.09451633       1.18415761
O        1.71509891       7.61111404      11.62417296
C        2.30849379       9.11193165       8.29962888
C        2.13575116       9.05303530       9.69947982
C        2.57741659       7.95951016       7.54826460
C        2.11552922       7.73553869      10.32792000
C        2.36757425      10.45023523       7.60856647
C        2.58747202       6.74336803       8.23299178
C        2.30272888       6.58770604       9.56993167
H        1.94574757       9.99236119      10.24756218
H        2.91838788       7.98748063       6.50740230
H        2.09454694      10.39996847       6.61388339
H        1.73402682      11.25426643       8.07225404
H        3.39459532      10.73211236       7.71030052
H        2.84314463       5.84466347       7.73294003
H        2.28992028       5.60638832       9.97489559
H        1.64995752       8.48862614      12.07912035
O        0.55822745       2.18903933      11.74011827
C       16.76133164       4.85663615      13.89864297
C       16.90743077       3.77094536      12.92233683
C        0.21927384       5.46551578      14.40919060
C        0.48530711       3.24982780      12.61989666
C       15.35007709       5.34758371      14.41300819
C        1.45837709       4.81739146      14.17444996
C        1.59728029       3.81840679      13.22976686
H       15.98296701       3.35712613      12.60036441
H        0.17873425       6.26901039      15.18799803
H       14.66660551       4.48435782      14.68254666
H       15.44310635       5.94473691      15.39291969
H       14.93681828       6.07285098      13.77629695
H        2.39522906       5.24986435      14.60561550
H        2.62253302       3.50287262      13.02466890
H        1.45855948       1.92192352      11.60604304
O        6.61715147      16.93726342      12.69843360
C        3.32744965      15.89098410      13.67682225
C        4.33115933      16.46719649      12.90204459
C        3.52526786      15.34769161      14.94562107
C        5.63922102      16.47168799      13.43060215
C        1.93839934      15.97614845      13.13295461
C        4.80798066      15.24975705      15.41870302
C        5.86750829      15.88075104      14.71935894
H        4.07335439      16.78188785      11.88075590
H        2.68664140      15.00656620      15.54561308
H        2.01939823      16.23395541      12.06321963
H        1.33730501      15.07722269      13.31325870
H        1.43509605      16.75646434      13.81051839
H        5.15451273      14.90987548      16.36750361
H        6.87744210      15.70239166      15.00594725
H        7.21417474      17.23195577      13.36078618
O        2.82291604       9.59888531      15.69186237
C        6.04917637       7.75457804      15.69733198
C        5.03968858       8.72283500      15.99967019
C        5.85619237       6.76367634      14.66700710
C        3.82310749       8.66154437      15.35119722
C        7.33873796       7.76756323      16.45830276
C        4.61866786       6.77378596      14.00154883
C        3.59395054       7.71198051      14.38351328
H        5.17090068       9.46537195      16.85980490
H        6.62264470       6.13145409      14.43086577
H        7.51544610       8.56844788      17.18404301
H        7.40229703       6.90019896      16.96908604
H        8.18382491       7.78645188      15.79649629
H        4.37611059       6.00562638      13.33040884
H        2.71278188       7.71962069      13.86270829
H        2.98981459       9.78353871      16.62207507
O        7.30540347      13.93049655       8.56188135
C        9.84850818      16.13547329       7.30300176
C        9.11886058      15.02905843       7.64411384
C        9.31938209      17.43969249       7.75365347
C        7.96427384      15.09750856       8.37065096
C       11.22397556      16.08613885       6.62808613
C        8.11289851      17.50524276       8.49939130
C        7.46546433      16.31804973       8.85140619
H        9.48489849      13.98484834       7.49071614
H        9.80990351       0.67432865       7.63129152
H       11.92384862      15.64798591       7.35240551
H       11.21841976      15.45975540       5.72090731
H       11.58029641      17.06972733       6.36619636
H        7.86230823       0.74806106       8.80147900
H        6.50751751      16.36104321       9.39180423
H        6.77459291      13.99189167       9.32791718
O       10.72465382      10.27336730      16.51054352
C        8.04871629      11.39335544       0.91691686
C        9.06420216      10.52656487       0.37009099
C        7.89361353      12.69126975       0.40957332
C        9.74304678      11.04025256      16.99917183
C        7.17150152      10.88334255       2.02980383
C        8.71319097      13.20492521      17.17048913
C        9.69232322      12.39033735      16.54781021
H        9.30525970       9.53621574       0.77759402
H        7.16106586      13.34864229       0.88429947
H        6.73984532      10.02501846       1.71521970
H        7.75629091      10.73712603       2.96910188
H        6.39347605      11.60222444       2.25560692
H        8.54243279      14.28378075      17.02041282
H       10.43460994      12.78682671      15.82950518
H       11.22857271      10.73856144      15.85466443
O        8.20422785       0.49363603      14.25001963
C       11.46056697      17.29605086      12.80922113
C       10.13889865      17.17005609      13.35967406
C       12.13950967       0.79078915      13.01566281
C        9.51983050       0.54564633      13.93145428
C       12.06715642      16.17820603      12.12998703
C       11.55485397       1.85259562      13.78106585
C       10.18630222       1.74051233      14.19787419
H        9.56104079      16.24920935      13.16180189
H       13.12583760       0.87562279      12.65521753
H       13.02846855      15.89031061      12.62966000
H       11.48166884      15.28915883      12.16779387
H       12.10838984      16.38449302      11.06497683
H       12.16762039       2.73573388      13.94741618
H        9.66846726       2.60049061      14.48963967
H        7.99744947       1.21815066      14.81630431
O       14.66130868       6.90829401       3.28363884
C       16.26961219       8.28585680       6.24160557
C       15.38229906       7.53622288       5.46229921
C       16.77873529       9.49623025       5.68001374
C       15.18326262       7.81920629       4.08226086
C       16.73667168       7.70355566       7.57840945
C       16.42597486       9.94687446       4.38161942
C       15.73171552       9.02987632       3.60762460
H       15.01952691       6.67252318       5.92233443
H       17.44968071      10.19108477       6.20181805
H       17.05417511       8.54312502       8.20120410
H       15.86752045       7.23710477       7.98005968
H       17.57305016       6.94999841       7.61915164
H       17.00732597      10.76659658       4.03264816
H       15.58860364       9.35847167       2.57565398
H       14.74408425       7.07577653       2.36876408
O       10.71671141      13.07688524       3.23241125
C       12.49475404      11.82790537       6.15426102
C       12.19766308      12.44152676       4.91522438
C       11.48292064      11.35951218       6.98069745
C       10.89872009      12.64742876       4.49666369
C       13.96467739      11.61017978       6.52593935
C       10.16936582      11.48217349       6.43786007
C        9.84045231      12.12957662       5.24407827
H       13.06806510      12.72192319       4.32351007
H       11.54658789      11.02800502       7.96997226
H       13.89749018      11.06258428       7.45334389
H       14.49965476      10.94310033       5.85669872
H       14.46455315      12.52152951       6.75526302
H        9.36965397      11.20462698       7.03925122
H        8.79919553      12.22784615       4.90105808
H        9.82911363      12.78009564       3.01753877
O        7.49056417       2.25787357      16.14660463
C        3.77824472       2.14821280      16.15922657
C        5.07598939       1.76872024      15.91809145
C        3.50951576       3.41354620      16.72479060
C        6.16281351       2.59177331      16.30281550
C        2.61688260       1.25780942      15.72417267
C        4.55518583       4.22785417      17.08509537
C        5.87113471       3.77740313      16.94521634
H        5.25675830       0.84228610      15.45329364
H        2.50533318       3.79003181      16.90323084
H        2.21673962       0.67554091      16.55108988
H        1.75847536       1.79374059      15.19955856
H        2.95047428       0.64549378      15.00546453
H        4.35249880       5.26734253      17.38288874
H        6.69575516       4.28936769      17.26729997
H        8.19322616       2.84910416      16.42851401
O        8.32082035       2.43481928       3.20756642
C        5.52596031       0.65137710       4.80675776
C        6.77792351       1.04717876       4.42956933
C        4.44645317       0.93115544       3.96744924
C        7.05623556       1.92077569       3.41133656
C        5.28571077      17.47229704       5.95483803
C        4.69636863       1.77283398       2.81906752
C        5.93779085       2.30851526       2.59750135
H        7.68811843       0.73084487       4.97827610
H        3.48251517       0.57817003       4.07519137
H        6.07743653      17.61656586       6.69995941
H        4.36924259      17.68221045       6.46830566
H        5.42927629      16.44615064       5.62202329
H        3.92396603       1.97661142       2.07008979
H        6.03161986       3.09798729       1.82374121
H        8.97490095       2.05356960       3.85060885
O       12.10830646      11.31552171      14.51980972
C       11.88580880      12.26303783      11.01932604
C       12.37782307      11.97841334      12.24500738
C       10.46723756      12.05466887      10.84070668
C       11.55769874      11.50154132      13.27389139
C       12.77879398      12.79913687       9.85008452
C        9.65197780      11.61488779      11.83876438
C       10.19507783      11.35001323      13.08143915
H       13.39074436      12.20067912      12.58595520
H        9.97235636      12.29608129       9.94839654
H       13.66215106      12.24959786       9.82072359
H       12.29796539      12.84675902       8.88066014
H       12.89023372      13.85586123      10.14425242
H        8.58003280      11.46510227      11.70505841
H        9.53278231      10.93883876      13.92332797
H       13.03461437      11.32877598      14.52358110
O       14.29890411       7.83700615       0.84965810
C       15.70445670       8.96215511      15.35041051
C       14.76596068       8.73308963      16.38688785
C       17.04494826       8.67238288      15.52860944
C       15.18943370       8.11587289      17.58704149
C       15.36401814       9.43723946      13.98746332
C       17.47836349       8.05024982      16.74467345
C       16.52823051       7.77871615       0.03003787
H       13.75596419       9.04395380      16.17797656
H        0.01522450       8.77078992      14.71804668
H       15.12154311      10.46423609      14.17861131
H       16.22708244       9.32453421      13.32660281
H       14.51684467       9.08993353      13.53035676
H        0.74033554       7.56766775      16.95079404
H       16.79007190       7.16695393       0.92395144
H       13.42090224       8.09823144       0.68070044
O        6.27406441      13.28235568       6.22582473
C        6.32795236       9.62267174       6.81991502
C        6.52902797      11.01110396       7.05632336
C        5.68800936       9.25295459       5.60621138
C        6.04348311      11.94623429       6.12482442
C        6.55535071       8.65741339       8.02989523
C        5.07239353      10.22562204       4.74593649
C        5.22297708      11.60681642       5.00366026
H        7.19335110      11.40389979       7.79921910
H        5.51119487       8.17963398       5.47838452
H        5.91270091       8.84604659       8.88728978
H        6.46563979       7.67660580       7.71369644
H        7.63561359       8.55009019       8.36854600
H        4.53023832      10.02461929       3.83810047
H        4.86510047      12.31506043       4.30771678
H        6.94521459      13.58425428       6.93206877
O        1.82599232      13.37978423       3.36842275
C        1.16900023      12.61362552      17.45583572
C        0.96947156      12.97430511       1.11170001
C        2.54378773      12.41580803      17.04174597
C        2.00802447      13.00450380       2.04928599
C       17.61909168      12.60425263      16.61574340
C        3.65655178      12.45012592       0.20969698
C        3.30632429      12.73686535       1.57747374
H        0.00115765      13.23643047       1.49049164
H        2.83949287      12.24219174      16.01018400
H       16.87610998      13.33309169      16.81571861
H        0.25165974      12.88659501      15.56741482
H       17.26188021      11.59375064      16.51445560
H        4.70311203      12.39982609      17.63602444
H        4.07817505      12.81785038       2.28495171
H        0.90997436      13.33983678       3.50558064
O       15.27013918      13.74813920      12.57868016
C        0.98406249      12.69101586      11.79283621
C       17.45455472      12.81897957      12.48883572
C        1.15113529      13.24010575      10.55617521
C       16.46535247      13.59035295      11.90308556
C        2.21259144      12.11928474      12.51715773
C        0.10790258      14.03490068       9.93978610
C       16.62947323      14.18403729      10.64938120
H       17.39123219      12.34333014      13.50726637
H        2.08275922      13.04358896      10.03174722
H        3.06251733      11.85692838      11.89491549
H        2.57154148      12.85041359      13.16782330
H        2.00178048      11.23478686      13.15720898
H        0.13037273      14.31711528       8.88006116
H       15.73427784      14.78791210      10.27330521
H       15.18346720      14.64725090      12.86270167
O       13.09780278      12.09803060       1.99607565
C       12.74224704      14.54737767      17.07328169
C       12.53241349      13.85240666       0.58104921
C       13.53355426      14.02992176      15.98308574
C       13.21833842      12.69894585       0.79351469
C       12.14675621      15.87372230      16.87183690
C       14.13714640      12.77682863      16.18912852
C       13.96211345      12.09948987      17.40404964
H       11.80829636      14.15540570       1.23985615
H       13.73684297      14.41310550      15.00517679
H       12.58519694      16.60414765      17.54954113
H       12.15298969      16.15246802      15.79784822
H       11.10085802      15.87994643      17.20886422
H       14.71528537      12.27546256      15.46409251
H       14.39369777      11.16834224      17.58201072
H       12.17343480      12.35709212       2.28329271
O        9.56098246       4.17007118      16.47185535
C       10.14291467       6.81872329      13.98412149
C        9.61575388       5.73906662      14.71211810
C       11.42232491       7.18307417      14.33446570
C       10.25913892       5.16387084      15.78738913
C        9.30433797       7.59947105      12.94954974
C       12.14156805       6.58270032      15.36514375
C       11.59270598       5.54865534      16.09967754
H        8.64172979       5.36176701      14.48692158
H       11.86205329       7.91817490      13.73164342
H        9.21030809       8.67015100      13.26515680
H        9.83288480       7.62078327      12.03220010
H        8.34068318       7.08883999      12.74506903
H       13.15521583       6.92717261      15.56851159
H       12.23625220       4.98087856      16.82954803
H        9.90670148       4.01667500      17.34433319
O        4.43939837      13.97542798       7.89445913
C        1.79725826      16.52867473       7.87518823
C        2.76044621      15.62105626       8.32233272
C        1.60229806      16.72281927       6.51821684
C        3.36359224      14.73317466       7.43821446
C        0.95630812      17.30534809       8.92000384
C        2.24731651      15.81287373       5.61287119
C        3.03149438      14.77279322       6.10040790
H        3.03940573      15.57576835       9.30993274
H        0.90396197      17.50595804       6.09552841
H        0.56061896       0.48994804       8.51751231
H        0.14048162      16.73973565       9.42594616
H        1.54040127      17.50766275       9.80459043
H        1.95211800      15.87989338       4.59486771
H        3.40347321      13.99827003       5.42635347
H        4.98637301      13.58255373       7.23003296
O       10.89942629       1.33549478       3.65947700
C       13.09459228       2.32049384       0.81704551
C       12.68550904       1.98502830       2.14091895
C       12.24564269       2.13895901      17.43813252
C       11.36294783       1.58585901       2.39458826
C       14.47586037       2.94664003       0.64354087
C       10.98972903       1.54986622      17.65372274
C       10.54100212       1.34733631       1.27044950
H       13.43457600       2.07603223       2.91759121
H       12.69765913       2.31470834      16.46414140
H       14.50299902       3.94062579       1.17164681
H       15.19817230       2.25810293       1.07406450
H       14.64746783       3.26474155      17.32107997
H       10.44540996       1.23871296      16.83247739
H        9.56410857       0.93363272       1.48461206
H       11.45913613       1.67531089       4.36741456
O        4.02831184      15.69027169       2.61705554
C        7.75035971      15.99160723       2.17625865
C        6.55662574      15.57763185       2.76723868
C        7.77061808      16.69564324       0.97363215
C        5.33673551      15.80948626       2.11560972
C        9.05634187      15.92395161       3.07483025
C        6.59001897      16.89558219       0.26307282
C        5.38207875      16.46758511       0.83389308
H        6.59478339      15.20042688       3.77823061
H        8.70019228      17.20162793       0.67995582
H        9.12838121      15.06744141       3.73996353
H        9.96481812      16.21814886       2.58525419
H        8.89416601      16.63750917       3.84263660
H        6.57600888      17.34879349      17.02417405
H        4.56444896      16.65862279       0.25486659
H        4.01986195      15.41514671       3.53420014
O        5.50974183      13.45756714      10.38511048
C        6.37186192      11.20417493      13.23514802
C        6.14631491      12.39866339      12.53234395
C        6.23320350       9.94076986      12.66322191
C        5.73568837      12.35484801      11.17630082
C        6.82805737      11.20930548      14.67420452
C        5.76928216       9.93259413      11.35109981
C        5.55565578      11.08343469      10.57112869
H        6.30775550      13.26623528      13.14310035
H        6.31944465       8.95882858      13.15561176
H        7.43322700      10.29467354      14.96842287
H        7.52640354      12.07333261      14.65164634
H        5.90096772      11.31903232      15.34740700
H        5.63521580       9.01516942      10.91010133
H        5.25701757      10.97997805       9.56608965
H        4.95735416      13.34096742       9.59966774
O        5.75145207       1.63295596      12.28265283
C        8.50313472       3.84054655      11.07065956
C        7.83890079       2.64307395      11.42319053
C        7.83409559       5.03692400      11.12722407
C        6.43421533       2.80067457      11.81587287
C        9.98295989       3.83738164      10.66078151
C        6.43449734       5.18459848      11.42497348
C        5.73518518       4.08239422      11.79268135
H        8.14948751       1.61463016      11.47786549
H        8.44071896       5.95715989      10.93501120
H       10.23993284       2.92781911      10.17716364
H       10.23706832       4.66619088       9.97824957
H       10.66326821       4.02298691      11.45527245
H        6.03042058       6.22564016      11.35490453
H        4.65313438       4.22564237      12.05059954
H        6.40941213       0.94855801      12.32836034
O       15.01135616       4.51954777       4.40979988
C        0.01327493       3.13686486       2.35849855
C       16.80438574       4.04948208       2.88392668
C        0.14028737       1.84081765       2.93341561
C       15.87468481       3.64098324       3.93517676
C        0.97421356       3.69459632       1.27395089
C       17.11201447       1.56141626       4.08181980
C       16.05975312       2.38796236       4.57415689
H       16.68441998       5.09689824       2.58376685
H        0.94077119       1.09229348       2.62118808
H        1.87149599       4.25614295       1.62763087
H        1.35752305       2.78724996       0.78444530
H        0.48795349       4.27579890       0.47164085
H       17.17039767       0.61834548       4.62517215
H       15.39780259       2.08500778       5.42422994
H       15.14291213       5.42772957       4.19904331
O       15.66007276      16.35923450      12.96184673
C       16.77271556      16.78917134      16.57694970
C       16.12005857      16.19618711      15.42082757
C       17.05929076       0.45412659      16.57143437
C       15.97421458      16.89760452      14.19933151
C       17.10174217      16.02702834       0.11691687
C       16.70567813       1.17654106      15.39691868
C       16.20819071       0.53648644      14.26989467
H       15.94341957      15.15598384      15.43248480
H       17.54169199       1.07714123      17.39313945
H       16.22280636      15.37382307       0.17043676
H        0.30870713      15.52488809      17.63281380
H       16.98902700      16.70550231       0.93075289
H       16.92733093       2.26470812      15.35371931
H       16.10480719       1.08477921      13.32570898
H       16.02059657      16.86225745      12.18520383
