512
Lattice="17.7128441229 0.0 0.0 0.0 17.7128441229 0.0 0.0 0.0 17.7128441229" Properties=species:S:1:pos:R:3 pbc="T T T"
O       15.15517928       3.31522566       3.22325900
C       12.31911837       3.57241614       5.68932802
C       13.29667329       3.01694378       4.82635785
C       12.23117464       4.96840392       5.82101863
C       14.17372854       3.84235143       4.08333773
C       11.36819157       2.68724934       6.30839413
C       13.03138782       5.78223005       5.02028885
C       14.02680809       5.22995565       4.19574042
H       13.28052224       1.97941036       4.76646921
H       11.39092264       5.36444918       6.38922347
H       11.89008392       2.02620920       6.98855845
H       10.57875280       3.20595993       6.86960044
H       10.96469837       2.03700097       5.42752781
H       12.91917326       6.84465583       4.93436966
H       14.59123459       5.98262072       3.60503807
H       15.67348243       4.06016963       2.73624957
O        6.50513569       9.00337971       2.98304092
C        7.93681678       5.74214198       3.91110895
C        7.68631023       6.83783774       3.10057921
C        7.37143392       5.58217308       5.18329833
C        6.81845009       7.83573748       3.66233198
C        8.95428423       4.75169608       3.47880556
C        6.41759055       6.54516122       5.63951692
C        6.19357082       7.69799776       4.88795165
H        8.16830266       7.06110455       2.08036393
H        7.54640843       4.64324765       5.63318260
H        9.39430082       5.00561691       2.51822208
H        9.69391174       4.88399987       4.24400782
H        8.50603386       3.73642429       3.41059691
H        5.83891729       6.27533991       6.50220221
H        5.29810126       8.26164782       5.22895692
H        5.72156516       9.40753312       3.35614739
O       16.99657727       4.01145653      12.45622727
C       14.61836305       5.52212045       9.99845921
C       15.20611555       5.15510913      11.19488463
C       15.33363493       5.26910393       8.82714347
C       16.36055193       4.38717343      11.25721435
C       13.29764181       6.24522973       9.97399787
C       16.50449797       4.50796572       8.84630957
C       16.99063562       4.00254568      10.04321323
H       14.68348914       5.34057058      12.14196206
H       14.85357081       5.62418807       8.01745824
H       13.32922005       7.10571197       9.31739424
H       12.64451978       5.44927802       9.61949383
H       12.89112871       6.52326368      10.90514241
H       16.91580702       4.18532748       7.99129398
H        0.22258531       3.46378589      10.05380098
H        0.25460314       3.95552307      12.32499590
O        3.41268486       2.48860614       9.24452074
C        1.53345128       1.97056023       6.08592540
C        1.90749878       2.46724223       7.39532684
C        2.46152562       1.26885150       5.35208439
C        3.17733987       2.11585691       7.96646406
C        0.14463806       2.43082861       5.47386221
C        3.74887172       1.01023406       5.84931439
C        4.07602089       1.44580033       7.12674004
H        1.25598105       3.02177191       7.99025501
H        2.11371424       0.99690562       4.33530968
H       17.35309224       1.62367715       4.98626114
H       17.35600309       2.71124956       6.34832330
H        0.25658031       3.19970886       4.71107996
H        4.51378790       0.60044034       5.18917519
H        5.01890321       1.21255537       7.64419093
H        4.22939562       2.10577897       9.57410581
O       11.25566557       9.85875293      12.35473421
C       13.92353795      11.49749174      10.42963075
C       12.61312885      11.22731560      10.97415813
C       15.01891623      10.60618494      10.61111278
C       12.46104755      10.06158028      11.69948518
C       14.24602831      12.86426710       9.68771463
C       14.82342415       9.52059616      11.46326588
C       13.53966268       9.23344982      11.96926768
H       11.77456074      11.89253038      10.79174100
H       15.99102550      10.76538279      10.16439835
H       14.68260479      13.61313476      10.36604429
H       14.98877476      12.86238170       8.89212146
H       13.32548795      13.21203451       9.08164563
H       15.62375843       8.93388673      11.81040952
H       13.35951717       8.48287054      12.67406800
H       10.55837401       9.92477032      11.71939359
O       14.88040469      12.80558590       2.30228967
C       15.47200592      16.28097935       3.25338130
C       14.84857945      15.13067381       2.79830993
C       16.81985006      16.21957763       3.65348789
C       15.55821225      13.91299056       2.75322047
C       14.77630857      17.61060129       3.21500653
C       17.52373396      15.05479672       3.40287154
C       16.94468114      13.81744566       3.07354083
H       13.84206846      15.18840430       2.62739772
H       17.30152899      17.09024152       3.97781435
H       15.44592778       0.70060875       2.99279455
H       14.05812795      17.53584733       2.36360764
H       14.29600654       0.20135420       4.12466705
H        0.87788442      15.07661809       3.68368380
H       17.62123465      12.95756391       3.02881532
H       13.91027976      12.90562973       2.32416428
O        4.04128542      10.23051202       3.33449486
C        4.57122278      11.43627076       6.75572923
C        4.81130403      10.98159378       5.45415740
C        3.22212479      11.79634126       7.15051087
C        3.78672217      10.80991965       4.48195913
C        5.70879973      11.41201705       7.64664211
C        2.20651651      11.59483687       6.16012083
C        2.45453660      11.07607085       4.93663029
H        5.84518012      10.70404398       5.25908385
H        2.95565963      12.08154265       8.17458022
H        5.91221988      10.36211639       7.88023826
H        6.57171960      11.82610238       7.14041383
H        5.53238610      12.12764627       8.53844973
H        1.28550308      11.72560188       6.60179906
H        1.56794854      10.82132145       4.33139939
H        3.29951194      10.31746935       2.72852017
O        2.87546852       4.96637273       9.74217439
C        1.54196476       8.08487423       8.19341450
C        1.81402012       7.03484528       9.18074747
C        2.01648410       7.92177985       6.89114151
C        2.52467861       5.83526201       8.77932214
C        1.02319330       9.40996926       8.68563503
C        2.71852359       6.70697960       6.49387088
C        2.98198936       5.68432189       7.42276858
H        1.48637566       7.17938088      10.17984163
H        1.83152757       8.69870612       6.18169527
H        0.66797962      10.04059087       7.89935369
H        0.05341923       9.34065849       9.21304439
H        1.80160539       9.89713180       9.24914371
H        3.08114953       6.60847058       5.41843174
H        3.52425432       4.85453377       6.96316091
H        3.26858096       4.17295507       9.32927394
O        1.92027836       4.04033046      12.24602907
C        2.72037049       6.73403109      14.66226228
C        2.47431899       6.05084610      13.46467100
C        2.57976580       6.10751313      15.90357067
C        2.20527908       4.68298842      13.42474697
C        2.94395052       8.20482955      14.56388749
C        2.30184042       4.69564912      15.86906462
C        2.07618636       3.95404662      14.62338885
H        2.56222314       6.64237292      12.59764813
H        2.75859782       6.71035108      16.79032580
H        3.94994060       8.31712411      14.88678367
H        2.84873376       8.62836045      13.59732534
H        2.36843985       8.77835479      15.26736381
H        2.27628410       4.17758675      16.75490271
H        1.67243838       2.92812996      14.48981493
H        2.32139795       4.22927329      11.41643256
O        6.46508402      17.49107567      12.39957749
C        3.47545588      16.63205255      14.51507909
C        4.29399073      17.32751884      13.60701188
C        3.96909164      15.72994890      15.44937498
C        5.64449015      17.00565477      13.45255708
C        2.00480357      16.96235668      14.56209461
C        5.39076168      15.40335424      15.37501885
C        6.18599904      16.07723163      14.35575849
H        3.86207352       0.34810833      12.90701481
H        3.33761598      15.37097237      16.19967344
H        1.80374426       0.18438405      14.90069901
H        1.50193013      17.04795438      13.62027718
H        1.45627099      16.18429961      15.06601635
H        5.88817569      14.66433196      15.94796425
H        7.27423099      15.81945529      14.28015131
H        7.36716968      17.44281293      12.47234063
O       15.88335855      14.64433280      12.54185795
C        0.21730658      11.56621027      12.41140513
C       16.81513909      12.32255675      12.53919440
C        1.47982056      12.10253161      11.93640039
C       16.91317439      13.73106826      12.26660587
C        0.22395855      10.09400334      12.79047138
C        1.51009830      13.41900892      11.45328299
C        0.36313403      14.21564183      11.58397003
H       15.98118424      11.95689504      13.07281526
H        2.34171125      11.51040878      11.71873913
H       17.70367259       9.43537302      11.95365698
H        1.19966145       9.83702672      13.14437214
H       17.20476773       9.89245032      13.62099725
H        2.34654281      13.74976479      10.95968190
H        0.42639140      15.27099533      11.25206694
H       16.03166419      15.56974158      12.38424243
O        8.62679138      12.67856768       8.81782920
C       11.36521854      13.23894332       6.43334150
C       10.47658881      12.53391444       7.31045597
C       11.47003513      14.68187493       6.55615054
C        9.61400250      13.27103153       8.10294120
C       12.34052778      12.45922478       5.58262180
C       10.62162609      15.40915717       7.38030501
C        9.72080273      14.66603073       8.19989981
H       10.45993012      11.41412376       7.18382422
H       12.22013799      15.17862039       5.97358955
H       12.89712152      13.02267674       4.85587155
H       12.98980754      11.84184312       6.22469245
H       11.73225882      11.78022821       4.93506879
H       10.49746679      16.46645906       7.45410223
H        8.98359291      15.19420365       8.78467019
H        7.96973498      13.29985898       9.23101135
O        9.94244743       8.80086925      17.43203153
C        8.04073416      11.96690251      17.32811040
C        9.10725391      11.05847444      17.40826031
C        6.72263216      11.47062593      17.16091627
C        8.89297394       9.66721817      17.36684678
C        8.33990415      13.46855236      17.46129101
C        6.47024363      10.07210654      17.19979912
C        7.55138406       9.17465663      17.21969505
H       10.12042999      11.41652220      17.65865936
H        6.01872893      12.23480267      17.09286089
H        9.16802227      13.84043379      16.77633799
H        7.46991512      14.12505278      17.31448369
H        8.69655429      13.64005874       0.76387835
H        5.46922548       9.70296264      17.06616573
H        7.32301243       8.09310990      17.18426374
H        9.79429220       7.79579976      17.37709492
O        8.89578744       0.43117189      13.47219305
C       11.43957841      15.75071506      12.45373458
C       10.19896208      16.26075471      12.81259421
C       12.63462519      16.56122066      12.58685856
C       10.08171628      17.53257626      13.32706229
C       11.63469827      14.40446576      11.75607865
C       12.52804489       0.06084683      13.25908805
C       11.24139850       0.50876901      13.54663895
H        9.27827725      15.67973781      12.71133724
H       13.59773573      16.31730852      12.23493614
H       12.67040877      14.27143839      11.83469787
H       11.16539289      13.68748632      12.25275848
H       11.31495210      14.32029507      10.70881559
H       13.42534820       0.72485404      13.30742208
H       11.15748466       1.59889096      13.84674211
H        8.99512242       1.14908537      14.17398984
O       16.46350441      10.82311130       3.12961989
C       16.48953583       8.22382944       5.72380207
C       16.72959612       8.89806532       4.52207918
C       15.97089662       8.94002032       6.80716699
C       16.36282376      10.24141109       4.35327499
C       16.87443172       6.77864707       5.78000510
C       15.55377841      10.29934053       6.68397238
C       15.81580301      10.91457061       5.41481146
H       17.09410680       8.33992949       3.69492880
H       15.83666464       8.34039154       7.71349400
H       16.59393147       6.42976714       6.73112766
H       16.35124168       6.09456281       5.18147407
H        0.25032410       6.62665833       5.67338076
H       15.10798513      10.94476796       7.45281519
H       15.51649499      11.92334785       5.27245778
H       15.86524189      11.51910108       2.82333831
O       11.54655741       9.89504355       1.83568142
C       11.02321090       9.13172552       5.47628571
C       11.74191727       9.30274086       4.26355318
C        9.62989907       9.42596655       5.53261838
C       11.06207159       9.69562867       3.09831120
C       11.77651785       8.74185732       6.68830809
C        8.98079635       9.97150526       4.41891820
C        9.66946011      10.01469307       3.17903925
H       12.76527421       8.98829682       4.34000479
H        9.10412069       9.44775307       6.47096534
H       12.73382469       8.32053853       6.56548662
H       11.85220199       9.70450886       7.30955571
H       11.16377364       8.04246362       7.20701324
H        7.84391039      10.22960939       4.48291369
H        9.10449909      10.47610745       2.36437364
H       10.83834857       9.63916068       1.23300379
O        9.04259500       2.13778480      15.45620843
C        5.57045514       2.26213241      16.69207888
C        6.67652948       1.97240374      15.81704182
C        5.76912206       3.04730774       0.09969525
C        7.94832109       2.47338178      16.16619090
C        4.20339456       1.55837372      16.50234908
C        7.09549481       3.58236894       0.36462071
C        8.15821258       3.40453088      17.19795612
H        6.49741065       1.34896299      14.97323975
H        4.95470814       3.23755311       0.81309506
H        3.80989209       1.67451932      15.49194605
H        4.26138069       0.53991165      16.81390170
H        3.51261108       2.11421923      17.14921585
H        7.14604592       4.21811118       1.28508110
H        9.14379423       3.76974748      17.50720390
H        9.83954253       2.54493565      15.81241891
O        6.29300002      17.26501018       2.96443547
C        3.02892354      16.59820683       1.44169572
C        4.07165811      17.34055248       2.00347006
C        3.07461066      15.19017687       1.24543720
C        5.23347119      16.60688978       2.44092972
C        1.83504811      17.37740901       0.95859271
C        4.24002592      14.47619949       1.66735538
C        5.28193124      15.20551370       2.37291896
H        4.00928288       0.69295138       2.02988882
H        2.17298648      14.67355904       0.91819532
H        1.84376375       0.73374177       0.96304184
H        1.43562371      17.12814715      17.65291684
H        1.03090458      16.97777738       1.50338443
H        4.31466136      13.40600739       1.50130886
H        6.20415483      14.68970699       2.70649177
H        6.74184897      16.79952820       3.63924438
O       10.89161219       6.70998953      12.82493733
C        7.43802560       5.78402736      13.79331557
C        8.61764317       6.57182003      13.61185078
C        7.33949711       4.47438186      13.44752416
C        9.71729363       6.00333884      12.97218134
C        6.22276548       6.30693981      14.50730227
C        8.47444463       3.86965893      12.88151998
C        9.62713315       4.66415262      12.51860326
H        8.74811500       7.55153435      13.96162007
H        6.38292068       3.99092482      13.68808147
H        5.66931960       5.50855162      15.01458968
H        6.57779939       7.10020197      15.17560294
H        5.60670279       6.85058635      13.75722865
H        8.51924131       2.78410714      12.68052469
H       10.51137879       4.21548772      12.07991710
H       10.84820778       7.65997630      12.96649822
O       15.76303540       7.81229700       1.52114083
C       15.57531711       7.16289188      15.63800469
C       16.07361233       7.33325050      16.93888248
C       14.18062277       7.33753025      15.40711871
C       15.30849859       7.75719355       0.30189313
C       16.47526251       6.69566191      14.53110376
C       13.38950603       7.93044663      16.45212848
C       13.89027838       7.95242226       0.01572262
H       17.07409962       7.07404479      17.20013315
H       13.79419009       7.20312203      14.39877103
H       16.46583542       7.24583952      13.65264600
H       17.49545362       6.65006722      14.80605519
H       16.23208335       5.65740374      14.25587198
H       12.31032492       7.99931951      16.23538174
H       13.27313680       8.18773143       0.81587367
H       15.15621519       8.20904554       2.10293479
O        9.26315752      10.33027674      10.25718591
C        5.95848898       8.64528394      10.58461524
C        6.92678177       9.68131588      10.34113996
C        6.40180438       7.31147459      10.69096424
C        8.31332517       9.34425850      10.28850987
C        4.45359156       8.93833241      10.52478765
C        7.78570165       7.00814256      10.66794101
C        8.75029896       8.01200429      10.48434133
H        6.66170838      10.67868100      10.17716725
H        5.73036955       6.47987048      10.71513735
H        4.05465210       8.71356005      11.45431118
H        4.23947939      10.02867386      10.31062671
H        3.99576820       8.25170065       9.79428324
H        7.99376645       5.92601388      10.79686159
H        9.78550509       7.77721033      10.41502705
H        9.05728199      11.10251883       9.65842891
O        1.43563007      10.70394345       1.83754819
C        0.20967674      12.55856442      16.60093187
C        0.32871781      11.93708553       0.18589873
C        1.30937978      12.66268214      15.79478084
C        1.50502309      11.33909250       0.65236862
C       16.51080341      13.02223662      16.17324343
C        2.52093880      12.23356446      16.35545878
C        2.62684223      11.50947663      17.58354773
H       17.06869921      11.80519410       0.61888570
H        1.33257246      13.15382191      14.78932982
H       16.56271643      13.55285409      15.25596296
H       15.87037439      12.19774581      15.91058947
H       16.10296100      13.51810848      16.99514493
H        3.44482266      12.49002670      15.74587409
H        3.64829038      11.20644074       0.14439472
H        0.55832170      10.90033791       2.12988399
O       16.17693084      17.19673395      11.93670533
C       15.03361578      16.92710754       8.45142555
C       15.62285980      16.58886691       9.72180611
C       14.38449919       0.39702678       8.27633542
C       15.55998463      17.53372774      10.76632508
C       15.09023865      15.91936654       7.34058838
C       14.41767758       1.37600032       9.29498912
C       14.87780353       1.01398418      10.58308061
H       16.12486304      15.62496478       9.65022490
H       14.08830674       0.63498273       7.32674650
H       14.35141079      15.11987778       7.63757606
H       14.62000933      16.26063344       6.40362301
H       16.07611611      15.42098949       7.32791629
H       13.97067279       2.28039502       9.07333978
H       14.78454650       1.69272198      11.35897085
H       16.03886477       0.27257135      12.54902231
O       12.37173931      12.58508787       1.73448458
C       13.10343527      12.06586983      15.86739237
C       12.97066466      11.81662529      17.23783361
C       13.15805157      13.30150157      15.25952881
C       12.77099026      12.90177007       0.41518981
C       13.19456308      10.81076382      14.99983472
C       13.00739805      14.44155361      16.17192634
C       12.70423290      14.23243640      17.51813074
H       12.88521135      10.75143578      17.52284860
H       13.21897723      13.39087628      14.14897966
H       13.30257473      10.95214274      13.92799120
H       14.02198893      10.13280497      15.21057866
H       12.33296086      10.18276424      15.10683985
H       12.81735584      15.43667882      15.82843857
H       12.39984596      15.12537066       0.37576923
H       12.24543331      11.63173397       1.79384818
O        9.54944908       6.11000144      16.82609235
C       12.49374344       4.15486885      16.06496102
C       11.33173447       4.85198031      15.96540543
C       13.21136107       4.17256798      17.29049172
C       10.76777271       5.45904656      17.01955206
C       13.06887378       3.49153303      14.86603646
C       12.72465648       4.99174146       0.61150658
C       11.46941796       5.62408970       0.51450144
H       10.74110087       4.92898701      15.01151437
H       14.20503377       3.76850812      17.43676706
H       14.11610140       3.79300666      14.58292852
H       13.15811059       2.34557954      14.94420679
H       12.62168011       3.77816935      13.94743460
H       13.31848202       5.12279370       1.50422456
H       11.09274702       6.13755671       1.35549859
H        9.15585706       5.65869713      16.07593094
O        4.85467236      15.11580927       8.28153771
C        2.11442224      17.08715365       9.66909025
C        3.32633255      16.39825864       9.58632662
C        1.13526570      16.91181686       8.66586918
C        3.62241148      15.67269527       8.42693310
C        1.78346694       0.44146847      10.67409428
C        1.36493657      16.03423654       7.63345206
C        2.60562159      15.37274776       7.46173714
H        4.06630394      16.50375765      10.28526165
H        0.13384558      17.44796138       8.77012459
H        1.00124117       0.03235436      11.36730397
H        2.65120899       0.68932967      11.23297002
H        1.36901979       1.31760211      10.37769807
H        0.57126262      15.88879183       6.91818863
H        2.79881712      14.70016930       6.61782519
H        4.89507459      14.54197057       7.51727691
O       13.14925675       0.82473490      17.32134706
C        9.60681334       0.59947641       0.66904546
C       10.82397301       0.35632023      17.62920645
C        9.52781964       1.55915711       1.72570216
C       11.98345791       1.04318451       0.32710492
C        8.32824026      17.55259880       0.29009915
C       10.69571747       2.20258871       2.16859182
C       11.96286511       1.94821836       1.41564379
H       10.90265286      17.26819603      16.88167321
H        8.55876032       1.68733526       2.21116379
H        8.39446917      16.53556147       0.63319812
H        7.50442072       0.37916383       0.76976449
H        8.21725973      17.29598288      16.97189891
H       10.71892331       2.85262669       2.97995380
H       12.80805303       2.48292957       1.76894476
H       13.90218417       1.20560314      17.62331349
O        6.11233794      14.37862037       5.99198376
C        9.12502453      15.55516136       4.34025594
C        7.97301822      14.75312521       4.58955640
C        9.17953377      16.90973380       4.81592555
C        7.01126753      15.26600123       5.49261572
C       10.15658239      15.13432712       3.35484198
C        8.21312824      17.39693133       5.75700239
C        7.12445643      16.52829823       6.09555344
H        7.98419721      13.77962553       4.21418211
H       10.03203501      17.54482743       4.64438461
H       11.12835694      14.97542046       3.76008944
H        9.80745392      14.19268211       2.70240253
H       10.21253118      15.94826738       2.61036159
H        8.45022071       0.60048715       6.34688136
H        6.46686067      16.73547986       6.85303089
H        6.39254837      13.45448717       5.82769543
O        6.87473672      14.35716088       9.93097087
C        7.48032799      12.39134839      12.96741007
C        7.68799492      13.09802037      11.76287654
C        6.16200881      12.00430353      13.29438676
C        6.61130293      13.44695478      10.90405618
C        8.62443138      12.16603894      13.94344333
C        5.07309509      12.24227581      12.41494173
C        5.27241354      13.01888425      11.24981079
H        8.68690972      13.50070121      11.51111825
H        5.91190353      11.55033887      14.17229363
H        9.44363332      12.02582652      13.27896983
H        8.83174906      12.98403307      14.68109323
H        8.51640515      11.26202894      14.55197303
H        4.12394902      11.93134383      12.83553764
H        4.47700511      13.22722511      10.53780310
H        6.03867913      14.76952155       9.68496305
O        5.76113560       1.46449815      10.39986093
C        9.27362798       2.10883461       9.70217234
C        8.10264291       1.46681506      10.11222442
C        9.14989878       3.36369140       9.06366591
C        6.87234451       2.07479416      10.01917989
C       10.54452071       1.35998868       9.93024277
C        7.90788819       3.99744647       9.01107015
C        6.77458348       3.35438053       9.45314658
H        8.10549942       0.39625360      10.48974003
H        9.96948190       3.98411684       8.74522081
H       11.02853379       2.10289446      10.54696333
H       10.48055610       0.36949425      10.39745716
H       11.04065681       1.21433500       9.00711803
H        7.79645750       4.96459905       8.47880386
H        5.77868186       3.72958614       9.33589287
H        5.81909738       0.91594122      11.16208262
O       16.80570181       5.30111132       2.35850559
C        2.69709944       5.96588957       2.41582702
C        1.35185641       6.15855461       2.48696472
C        3.21809120       4.64048637       2.35669451
C        0.46801568       5.06788188       2.38935732
C        3.69618686       7.10134732       2.61546547
C        2.33648695       3.52753531       2.19691338
C        0.94794963       3.79912096       2.30533184
H        0.97843309       7.20189765       2.68682361
H        4.30032047       4.39924021       2.35433542
H        3.90999111       7.64759356       1.71576711
H        3.33838326       7.94217346       3.24679622
H        4.64423783       6.74211128       3.03391825
H        2.62561830       2.49122179       2.09717273
H        0.22621999       3.02216176       2.26590085
H       16.68140025       6.21290134       2.18288619
O       15.85258107       1.66862613      13.71104821
C       16.25216362       0.25187293      16.93121699
C       15.88546737       0.40492399      15.55626554
C       16.83342510       1.37465628      17.67997107
C       16.13496061       1.61705616      14.97701548
C       16.00042044      16.61618331      17.54099127
C       17.07315999       2.58402078      16.99104107
C       16.77817438       2.65633657      15.63406442
H       15.42893864      17.31853265      14.99063269
H       17.04208658       1.28642015       0.98468004
H       16.43911278      16.64142737       0.76053296
H       14.96541862      16.37810343       0.07525422
H       16.50924548      15.73981659      17.08749026
H       17.59860294       3.41903038      17.48709236
H       16.89685388       3.69427413      15.26368337
H       15.96092701       2.52003428      13.38747769
