512
Lattice="17.7128441229 0.0 0.0 0.0 17.7128441229 0.0 0.0 0.0 17.7128441229" Properties=species:S:1:pos:R:3 pbc="T T T"
O       11.76991046       3.77201169       4.88411405
C        9.46313301       3.27577206       7.75433340
C       10.03814674       3.19050579       6.48825528
C        9.97517272       4.22695707       8.66890441
C       11.14605880       3.98077270       6.07593802
C        8.31525158       2.36083294       8.11177112
C       10.99840488       5.11697188       8.22588294
C       11.65651726       4.89891921       7.02312301
H        9.49177231       2.65302227       5.67476475
H        9.61686051       4.38805746       9.64962245
H        8.49977806       1.37484676       7.66174496
H        7.99669361       2.23510905       9.17612273
H        7.41101273       2.83480630       7.77317457
H       11.30049724       5.92570770       8.91825301
H       12.38918165       5.59319456       6.70616679
H       12.18401634       4.55278286       4.61217407
O        6.80662010       4.82750248       2.45866837
C        9.46483114       6.96533418       3.83137642
C        8.62409384       6.33674616       2.84104190
C        9.22681057       6.79870889       5.21057433
C        7.66255967       5.41211073       3.29280479
C       10.70757106       7.65249329       3.36145827
C        8.24090514       5.95574379       5.59010865
C        7.39847499       5.27627452       4.66608885
H        8.83742686       6.65677194       1.81070226
H        9.95921335       7.27932651       5.88922159
H       11.09879398       8.41755917       4.11956378
H       11.41721442       6.91562960       3.21920703
H       10.60577969       8.10035501       2.38128245
H        8.15759595       5.94332524       6.65563940
H        6.73406774       4.47269386       5.03021204
H        6.35492060       4.32825735       3.08794195
O       17.02530190       1.42197321      11.08708884
C       15.27946200       1.88130298       7.86481667
C       15.88905009       2.19644879       9.10168150
C       15.53665744       0.66622100       7.22501987
C       16.64578470       1.18473541       9.78014207
C       14.52318119       2.88309763       7.05465061
C       16.46348127      17.47448033       7.78896592
C       16.96540282      17.71197811       9.06211659
H       15.77902343       3.18402368       9.51112924
H       15.09703859       0.44960931       6.22566366
H       14.59443386       3.94959638       7.33469788
H       14.95276147       2.73705700       6.03185217
H       13.47778819       2.75879307       7.02858638
H       16.73472122      16.51461121       7.30612884
H       17.51859743      16.87253360       9.39607241
H       17.24754036       2.35146548      11.34534096
O        2.53585939       4.35694016      10.96169179
C        2.32007857       3.12290242       7.52588888
C        2.05436164       3.33904874       8.88116050
C        3.51064200       3.58600908       6.92531928
C        2.89501554       4.15820761       9.65717978
C        1.23725764       2.41294029       6.67896576
C        4.33760094       4.43920491       7.68622588
C        3.94390012       4.74543089       9.01909155
H        1.20132416       2.91702025       9.33244971
H        3.69523507       3.34791055       5.88228340
H        0.56734050       3.01604294       6.12946446
H        1.77825334       1.78827427       5.97118985
H        0.63967551       2.00572833       7.37557614
H        5.21818562       4.89354531       7.20341367
H        4.60269706       5.44475239       9.56452449
H        3.32263485       4.24429257      11.51941029
O       11.02447392       8.48800195      13.16283000
C       13.46771452       8.83393936      10.58482830
C       12.59546274       9.10529996      11.58799800
C       13.69684418       7.49217951      10.19613652
C       11.92331589       8.08289543      12.23735710
C       14.22550563       9.94381235       9.90245752
C       13.12098642       6.41241059      10.93490174
C       12.14916902       6.74609575      11.92268498
H       12.52127053      10.11568602      11.85254346
H       14.48138192       7.32365648       9.55558398
H       13.47101438      10.72960581       9.83470752
H       15.04025238      10.42348184      10.42294494
H       14.38347349       9.65674275       8.83001988
H       13.57806382       5.50059347      10.62032859
H       11.68055102       6.01909775      12.54385955
H       10.67020274       9.34987748      13.10517689
O       15.67877597      12.59733602       2.78383484
C       16.00934983      13.44366284       6.37126880
C       16.13123177      12.67642732       5.18014286
C       15.20369646      14.55670698       6.45694074
C       15.45703372      13.13826865       4.03058561
C       16.74741584      13.03067544       7.62426917
C       14.47566201      14.99022489       5.32568547
C       14.63429042      14.30956470       4.08751294
H       16.75335565      11.80827765       5.08392878
H       15.08189176      15.07123848       7.37411851
H        0.00823386      13.58036762       7.64360489
H       16.15978585      13.32012805       8.46235475
H       17.01504452      11.93669959       7.63305146
H       13.74293103      15.79600290       5.36813093
H       14.12571362      14.68009148       3.18136595
H       15.05584337      12.94024668       2.12454594
O        2.87508998      10.26415579       2.40865193
C        2.84872765       6.68670318       3.40482099
C        3.23945641       7.96690170       2.88783451
C        1.56053570       6.57313573       3.85248175
C        2.39573956       9.08705652       2.82934970
C        3.84190243       5.57610123       3.36694167
C        0.76289912       7.67510753       3.88029377
C        1.10749250       8.89453298       3.36128398
H        4.27014145       8.03824270       2.53207609
H        1.16645362       5.67837102       4.27815781
H        3.44459355       4.56641392       3.30464972
H        4.52412405       5.74640967       2.56684908
H        4.41145724       5.47316493       4.28049867
H       17.41143791       7.52281741       4.09339804
H        0.35352056       9.68450592       3.40994621
H        2.25951626      11.03817261       2.57957502
O        1.99012291       7.64816107      10.23316418
C        2.43968914      10.42205041       7.93142810
C        2.18564941       9.77344087       9.11213315
C        2.39604236       9.82331195       6.65071020
C        2.15183547       8.36664500       9.10494108
C        2.69345721      11.88282605       8.03873706
C        2.34211577       8.38640301       6.63443998
C        2.27961614       7.71074566       7.84847497
H        2.16848195      10.39690793       9.95484396
H        2.45244448      10.44393709       5.70465411
H        3.71010028      12.15277959       7.77178693
H        2.01729322      12.53744359       7.43020776
H        2.62443821      12.18258355       9.13557055
H        2.58325768       7.73642941       5.84768575
H        2.23103864       6.60559591       7.67836692
H        2.36128788       6.75467150      10.18242118
O       17.58129103       4.30312740      11.40333621
C       15.28920189       5.08206731      14.26761518
C       15.74272378       4.61769606      12.98926892
C       16.19430107       5.68698963      15.10999450
C       17.12739357       4.74687336      12.60153865
C       13.84910716       5.03813051      14.67392229
C       17.54334556       5.91079894      14.77028823
C        0.32367989       5.40733040      13.55677415
H       15.13961170       4.09277961      12.25213722
H       15.75086231       6.27593817      15.90802070
H       13.54755006       4.59888340      15.60520607
H       13.43825984       5.98816371      14.80894370
H       13.16144553       4.53545471      13.95068858
H        0.46251281       6.50098895      15.42669892
H        1.40556168       5.44067685      13.33278651
H        0.81242817       4.43218823      11.31797626
O        6.97175769      16.96883117      12.77291068
C        4.31610545      17.15891136      10.14928979
C        5.22331012      16.58384690      11.13808169
C        4.53415319       0.74758105       9.74032263
C        6.21798752      17.39283812      11.72312088
C        3.10867477      16.37859744       9.69845542
C        5.57243471       1.50269640      10.30427942
C        6.57210360       0.94578246      11.15355951
H        5.05615524      15.56925901      11.50052157
H        3.82965337       1.33606143       9.10480630
H        3.25869155      16.14631309       8.64711946
H        3.00330088      15.48185758      10.36693394
H        2.24917844      16.95479351       9.73719031
H        5.49809495       2.56183925       9.92865022
H        7.30738687       1.59314555      11.60073015
H        7.83573127      17.38182017      12.62089176
O        1.72916092       8.95671451      17.42962432
C        5.08810027       8.08895731      16.17445229
C        4.02010768       8.45375206      17.03574577
C        4.86303818       7.82720712      14.83252507
C        2.67901660       8.54710333      16.56474926
C        6.54844328       8.06944260      16.67188986
C        3.54601550       7.89805806      14.35691479
C        2.45706079       8.27897136      15.20739140
H        4.17194801       8.54495366       0.38269832
H        5.79368900       7.60289599      14.22617299
H        6.66556816       8.59722817      17.58294133
H        6.97078638       7.03474012      16.87386760
H        7.18817973       8.43233799      15.87659361
H        3.38941435       7.65904075      13.30803264
H        1.46306110       8.35745528      14.75017356
H        2.04151729       9.23671805       0.56973948
O        8.30295796      15.90597222       6.25993527
C       11.05012441      16.40160716       8.54117440
C       10.35910376      16.30062567       7.31470492
C       10.41306597      16.04711879       9.73061336
C        9.05053882      15.89880195       7.34250772
C       12.47781294      16.88267444       8.47345704
C        9.08819131      15.84375560       9.78391753
C        8.39134950      15.72022203       8.59876056
H       10.86494940      16.59239338       6.37678955
H       10.98699192      16.21390191      10.69286792
H       12.48299332       0.24833681       8.41488030
H       13.06269938      16.49243235       9.30998469
H       12.87035403      16.66556743       7.51919742
H        8.59520335      15.69451684      10.72936524
H        7.30136783      15.56273218       8.68716998
H        7.46948281      15.50715686       6.49422450
O        9.90115036      10.80180707      16.65841567
C        7.31272851      10.29446586       1.61465234
C        8.42770789      10.12895050       0.81293138
C        6.40803216      11.30950018       1.23946714
C        8.72770006      10.95633049      17.37378538
C        7.05966009       9.53691122       2.90681840
C        6.66420502      12.11111341       0.09348661
C        7.81627708      11.97871309      17.04113998
H        9.07875562       9.28695242       1.13265075
H        5.46513212      11.49434472       1.73311327
H        6.62783045      10.16919267       3.63770198
H        6.36435454       8.75346990       2.74172639
H        8.00043938       9.07176274       3.31506172
H        5.85795689      12.75957804      17.53197144
H        8.02883761      12.62468408      16.22868148
H        9.85714570      10.82732871      15.73484718
O        9.14339654       1.29344477      13.95172151
C       12.69934062       0.34908613      13.33159087
C       11.31852946       0.48899989      13.10709908
C       13.23106095       0.66058329      14.58752521
C       10.45499147       1.04699019      14.14891256
C       13.64943666      17.62924615      12.21009160
C       12.33448806       1.03660441      15.62211154
C       10.96140979       1.20003708      15.40612383
H       10.78458103       0.18432829      12.23024418
H       14.29473827       0.59252632      14.75396232
H       14.15238470      16.78757683      12.53587691
H       13.15256876      17.31882853      11.26801857
H       14.32795361       0.72888553      11.91067018
H       12.64777902       1.20021918      16.72538105
H       10.23203645       1.41523033      16.12496558
H        8.70238178       1.81768535      14.68818585
O       14.03654716       7.08330846       3.91161155
C       15.86837659       6.99729332       7.08065400
C       15.01757559       6.59139802       6.04691166
C       16.15983894       8.34088582       7.27956101
C       14.56495853       7.48643076       5.10606531
C       16.55434315       5.98437138       7.95027468
C       15.63208732       9.26524074       6.35337931
C       14.85547138       8.85323164       5.26145416
H       14.81847051       5.58470548       5.93413852
H       16.85175754       8.76625180       8.03478650
H       17.51408797       6.31884666       8.34875395
H       15.93310249       5.73285757       8.77324652
H       16.51656453       5.14382970       7.30999951
H       15.75092814      10.30262330       6.53201258
H       14.56112048       9.67715190       4.62994158
H       13.78850046       7.83181401       3.30326691
O       11.16651390      10.85905028       1.79871033
C       11.71077011      12.44928444       5.01105993
C       11.86318846      11.61602110       3.88161889
C       10.58189213      13.28924689       5.07794612
C       10.95594435      11.65131602       2.84226614
C       12.56208465      12.32954143       6.21418055
C        9.66031117      13.36010306       4.03323304
C        9.84230920      12.48935528       2.89857892
H       12.68034752      10.87739532       3.80183401
H       10.41459894      13.89844209       5.91696485
H       11.92359096      12.00886261       7.09191954
H       13.52529470      11.83752405       6.10213813
H       12.73942819      13.33033500       6.57092452
H        8.93271839      14.16831181       4.15099953
H        9.06710857      12.55275337       2.17581630
H       10.37516512      10.87656671       1.21439631
O        7.78316188       2.42607009      16.01963909
C        4.25793689       2.00470791      14.99187994
C        5.68176613       1.85942824      15.04976830
C        3.67865970       3.05398197      15.70717387
C        6.45690258       2.63432565      15.92917913
C        3.49372492       1.20830055      13.97809282
C        4.47196976       3.84476308      16.45331652
C        5.84969197       3.63868314      16.68224673
H        6.10364910       1.09566413      14.42237397
H        2.59956420       3.22905206      15.63685330
H        2.41631043       1.35587306      14.17133692
H        3.80502145       1.35776071      12.92633290
H        3.57760339       0.09864425      14.08934246
H        4.03196816       4.63829825      17.13997778
H        6.35704067       4.18540514      17.50326673
H        8.23404674       2.54170791      16.85090139
O        8.75506999       1.60356228       2.73268577
C        5.78204717       1.00715343       4.79391552
C        7.12784862       1.09910961       4.46269691
C        4.79964275       1.15710804       3.82069942
C        7.45972196       1.56538675       3.13930763
C        5.30311468       0.70552458       6.30206439
C        5.14953374       1.53366128       2.51347872
C        6.45604970       1.67091537       2.12890029
H        7.90726955       0.98276927       5.25201236
H        3.73399522       1.06035735       4.13718867
H        5.65788454       1.50263501       6.90249358
H        4.24141807       0.39388138       6.47493679
H        5.92609759      17.55566029       6.65149518
H        4.45554239       1.78217571       1.74439005
H        6.64050122       2.10087649       1.09674105
H        9.40410123       1.47575698       3.39332924
O        9.34312779      11.63548779      13.79893782
C       12.37430746      12.78229107      12.06238908
C       11.51011371      12.45687397      13.06623493
C       11.88834347      12.77175020      10.72974812
C       10.17851560      12.12551946      12.82636981
C       13.81705753      13.08111837      12.41687513
C       10.55397873      12.49253189      10.37779925
C        9.74557138      12.06804678      11.47195639
H       11.89925442      12.37297413      14.05479487
H       12.59199523      12.88051160       9.94194743
H       13.80434547      13.71898153      13.35053201
H       14.32562006      12.18161543      12.62816264
H       14.17284263      13.49561170      11.49477440
H       10.13826909      12.45637905       9.37627242
H        8.71308756      11.73385884      11.35931756
H        8.47483699      11.30570938      13.50486071
O       12.96751690       8.91089679       1.89844480
C       14.19065227       9.71138088      16.22945176
C       13.28672848       9.52587793      17.30241868
C       15.55043115       9.29199030      16.45155115
C       13.78446328       8.98817014       0.78729462
C       13.71120022      10.21516401      14.86956745
C       16.05054192       8.73001578      17.62324808
C       15.13657135       8.64438498       0.95193281
H       12.24326139       9.74578459      17.39156077
H       16.20074994       9.42516853      15.52512815
H       12.82050447       9.78373084      14.62859467
H       13.62171613      11.24964618      14.68031891
H       14.38909153       9.98211014      14.02979653
H       17.06074602       8.36469076      17.63744840
H       15.48807331       8.48389202       1.98010618
H       12.28238193       9.56558680       1.79495000
O        8.06125733      11.40646334       5.42314217
C        9.35614539       9.12563598       7.95188976
C        9.31724757      10.14219120       7.01938939
C        8.15808277       8.35638866       8.15623559
C        8.10322198      10.37863385       6.30629042
C       10.66343182       8.88991864       8.74789983
C        6.95317946       8.53758743       7.42769033
C        6.99256921       9.47509927       6.45596045
H       10.19439475      10.78292447       6.90785206
H        8.30640981       7.49848976       8.80068701
H       11.21457399       9.82940381       8.86075049
H       10.46723208       8.68659160       9.73923802
H       11.32333161       8.06292300       8.40855032
H        6.07274685       8.08331482       7.84956974
H        6.08125299       9.77814558       5.90431551
H        8.77019465      12.03053679       5.22641678
O        0.77163799      12.36979888       2.32332694
C        0.54958315      12.51631371      16.36971690
C        0.11980669      12.39785791      17.68572468
C        1.92759902      12.79863831      16.06265365
C        1.12355631      12.54832179       0.98735527
C       17.34286120      12.22310764      15.24847387
C        2.86764299      13.00611498      17.03828466
C        2.49118261      12.80211167       0.65299226
H       16.78933956      12.11647115       0.18812401
H        2.12273734      12.86580164      14.97284691
H       17.44379858      12.79144727      14.35100307
H       17.42598183      11.22066363      14.91747153
H       16.32023318      12.30340378      15.63813044
H        3.83991782      13.33457416      16.70699211
H        3.23437127      12.83469168       1.35548738
H       17.52449980      12.33026745       2.36122791
O       16.62466527      14.73484570      11.25429561
C        0.47308216      11.49656009      11.93528893
C       17.26594731      12.46762534      11.50559929
C        1.73978001      11.86901085      12.47484161
C       17.61023602      13.87289191      11.54375422
C       17.60904531      10.07022945      12.01488913
C        2.09941365      13.28523325      12.39045728
C        1.21925806      14.24945308      11.93876603
H       16.34322636      12.10761359      11.13634377
H        2.37402876      11.08775275      12.84384677
H        0.37037816       9.55333445      12.83467741
H       16.53751093      10.01088160      12.23492729
H        0.17287216       9.59518660      11.02702843
H        3.11686859      13.51605776      12.83702531
H        1.59731134      15.27980484      12.05285061
H       16.92996885      15.55039531      11.63895212
O       13.52740381      12.73008166       1.02701607
C       11.88716577      14.57829829      16.01085730
C       12.02823393      13.71178672      17.09614617
C       13.00298770      15.04914723      15.28740957
C       13.35987707      13.43850816      17.57762024
C       10.47972155      14.95402415      15.60300381
C       14.26563382      14.78578958      15.80763251
C       14.48252852      13.96854754      16.91980010
H       11.18570160      13.52609798       0.07498559
H       12.85724316      15.62233209      14.39333772
H        9.87588044      15.00448267      16.53029192
H       10.38864029      16.02596816      15.16463989
H        9.89692691      14.35618809      14.84506002
H       15.07567826      15.23622795      15.26142322
H       15.49411356      13.77295563      17.13457777
H       12.81413640      12.22668801       1.35372924
O        9.39584387       2.88677546       0.47884971
C       11.04243682       6.06109190      17.27096407
C       10.09495544       5.00046375      17.44845290
C       12.39723845       5.84930958      17.68638326
C       10.43608362       3.80244335       0.32973806
C       10.61964667       7.36187033      16.59115495
C       12.70789767       4.64967547       0.68155375
C       11.70151962       3.71949658       0.92864215
H        9.10564380       5.24070301      17.10786070
H       13.07665788       6.64575479      17.53154586
H        9.54586792       7.24446601      16.11371731
H       10.66909477       8.14937684      17.24240084
H       11.33345724       7.58853523      15.80951467
H       13.79393234       4.47855633       0.96259306
H       11.85984357       2.72538632       1.34376176
H        9.31538182       2.73840544       1.38452755
O        5.90362744      14.19997820       6.90796050
C        2.75636462      14.98578808       5.13145204
C        3.82803296      15.10490283       6.03089852
C        2.62927391      13.87080457       4.25399974
C        4.79110631      14.07085193       6.09990748
C        1.66619489      16.06154110       5.22600525
C        3.60448762      12.80694064       4.40654671
C        4.63703597      12.90290350       5.31749482
H        4.00013546      15.92888983       6.66185791
H        1.74089867      13.90608772       3.65705386
H        1.59471496      16.59941284       4.31773457
H        0.63738416      15.63000825       5.38981064
H        1.81200988      16.74920819       6.06214905
H        3.46675067      12.01809596       3.73855459
H        5.36335652      12.07129702       5.40943794
H        5.81034789      13.47845060       7.49423821
O       11.04487296       1.12265809       4.53385464
C       13.42336441       0.05746444       1.91644850
C       12.85894716       0.78427428       2.99481541
C       12.71902206      16.59568598       1.55873202
C       11.66665670       0.35562868       3.63108857
C       14.69296561       0.46483022       1.18739189
C       11.53646613      16.13445113       2.18505671
C       10.99220008      16.91464145       3.17205655
H       13.44257560       1.62592126       3.25242004
H       13.11639513      15.85869524       0.78554747
H       15.50232727       0.17004647       1.78325618
H       14.67780351       0.02733216       0.21415125
H       14.71010228       1.53317056       0.95906532
H       10.91595824      15.32929342       1.77331886
H       10.06085700      16.65135343       3.51204382
H       11.48509661       1.94466590       4.78476707
O        5.21864075      15.92863075      15.44196171
C        6.05717560      15.37142901       1.34935438
C        5.37895375      15.48275825       0.15888962
C        7.39378751      15.89617177       1.31021427
C        5.95117842      15.95736182      16.64711372
C        5.31686938      14.98600861       2.61502669
C        7.97695392      16.51256579       0.15654988
C        7.17262738      16.52803270      16.68072023
H        4.34397263      15.20311194       0.01792620
H        8.04630568      15.85449694       2.11783735
H        5.34831705      13.91916172       2.75227739
H        5.71421716      15.54998846       3.45769648
H        4.30669880      15.31843352       2.40697062
H        8.91618167      16.93861480       0.15760019
H        7.61719377      17.05507804      15.81438802
H        5.71701398      16.37805930      14.79298048
O        6.17223865      11.80345743       8.71673913
C        5.85405131      12.28956276      12.42472392
C        6.02262190      12.64876420      11.03880551
C        5.40451780      10.99502053      12.80474993
C        5.84435481      11.60382959      10.06377394
C        5.98746486      13.40980655      13.44632414
C        5.10934345      10.05277567      11.83124028
C        5.32412860      10.35232486      10.46506479
H        6.44943924      13.63891337      10.79315041
H        5.48989239      10.80693217      13.85724126
H        6.51908373      14.34950541      13.04502413
H        4.98124299      13.77866667      13.84986175
H        6.57076963      13.07407652      14.28795391
H        4.80952585       9.05640095      12.19568112
H        5.04665405       9.59520780       9.77154469
H        6.58551258      11.05131258       8.35214461
O        4.45992893       4.53629060      12.79522815
C        8.01491352       5.33518469      12.54193114
C        6.78699623       4.68688603      12.88747882
C        8.01559129       6.45347853      11.68607473
C        5.56193522       5.24903158      12.43865872
C        9.29485923       4.88387182      13.14172715
C        6.77308360       7.03008993      11.29583777
C        5.57835106       6.54262771      11.81478020
H        6.75447578       3.83051167      13.63966005
H        8.98642268       6.86132120      11.41044426
H        9.80985940       4.57151057      12.23047453
H        9.80707739       5.64218484      13.69915342
H        9.16978733       4.07015736      13.91126542
H        6.67538439       7.96755124      10.69650745
H        4.67668037       7.01890124      11.42524590
H        4.77476368       4.05184613      13.56700544
O       14.70055624       4.24388927       3.46189703
C        0.01164885       4.70129942       1.31560282
C       16.55482987       5.04185233       2.10107342
C        0.56281455       3.35981362       1.54543980
C       15.88314558       4.07066181       2.90864766
C        0.69226991       5.65891243       0.34644262
C        0.00694196       2.52841552       2.46295501
C       16.55015376       2.81774400       3.09299319
H       16.11301246       6.02627502       1.94566107
H        1.57886909       3.15119078       1.19682001
H        1.33129793       6.38610317       0.81531699
H        1.20385005       5.21837309      17.18643014
H       17.59205740       6.23132829      17.69471050
H        0.35437363       1.49103771       2.56777163
H       16.04016619       2.08999956       3.73627472
H       14.49799124       5.18238997       3.54496763
O       17.10952338      17.18086383      12.93612207
C        0.54607500      17.36918363      16.43992545
C        0.37487369      16.86977937      15.14958037
C        0.02104390       0.94835724      16.76555222
C       17.41941227      17.67334071      14.20797953
C        1.03600166      16.56386341      17.58488934
C       17.19543694       1.79791455      15.79587148
C       16.97416473       1.30412184      14.52111979
H        0.70887163      15.82220029      14.83068500
H        0.24347023       1.34716940      17.70557196
H        0.18406415      16.14266342       0.43356172
H        1.62967419      15.67883895      17.33581552
H        1.55905440      17.17119673       0.62295166
H       16.82510171       2.69657845      16.13574192
H       16.34503418       1.78908276      13.80381126
H       16.94061871       0.20202908      12.34410991
