512
Lattice="17.7128441229 0.0 0.0 0.0 17.7128441229 0.0 0.0 0.0 17.7128441229" Properties=species:S:1:pos:R:3 pbc="T T T"
O       13.11559633       2.84443544       3.42406360
C        9.92013729       3.14408126       5.39647151
C       11.02000886       2.62029064       4.59418413
C       10.04130458       4.49039791       5.72714918
C       12.16190701       3.42790098       4.20160021
C        8.80136296       2.26226180       5.82293075
C       11.08885935       5.31404068       5.19014608
C       12.08185425       4.82475917       4.32723063
H       11.01498698       1.49085382       4.50128132
H        9.28563170       4.91520885       6.37134923
H        8.71832110       1.52867627       5.03743251
H        9.11499673       1.71281024       6.76424279
H        7.81509224       2.79298811       5.80650828
H       11.09107862       6.41641241       5.34659438
H       12.85657369       5.47229240       4.01510092
H       13.78109288       3.50257679       3.22655846
O        3.81397094       7.85237721       2.50561269
C        6.74718065       5.64443070       2.53622359
C        5.81093733       6.56877895       2.12526694
C        6.60415552       4.99263228       3.79585445
C        4.71109275       6.90419847       2.89521423
C        7.92654884       5.11356716       1.68409510
C        5.56148490       5.41940330       4.63983294
C        4.62919485       6.29708306       4.12352020
H        5.89750071       6.93529086       1.16598966
H        7.31579933       4.30855502       4.02562798
H        7.51409200       4.21333793       1.18228942
H        8.14085995       5.86036981       0.91088080
H        8.70875681       4.69494860       2.28290213
H        5.48423029       4.92568415       5.53202520
H        3.86909260       6.61017680       4.80049954
H        3.21285740       8.07502129       3.20696261
O       17.65411643       2.17203392      11.37951041
C       16.19070407       5.43710825      10.36241543
C       16.48138409       4.37319117      11.19717364
C       16.32808801       5.34822423       8.98323733
C       17.13830035       3.20585025      10.61560951
C       15.65151319       6.67872727      10.94045311
C       16.62015868       4.12947821       8.42705740
C       17.15234329       3.11393641       9.21368120
H       16.35740918       4.65301552      12.21811983
H       15.91523007       6.13838584       8.30349659
H       14.59104544       6.67618736      10.72987994
H       15.80784970       6.70193152      12.04271265
H       16.20449342       7.47099428      10.46158107
H       16.56243196       3.99683751       7.33387329
H       17.42001757       2.14925455       8.85770196
H        0.91009292       2.16166212      11.25929329
O        4.15641532       3.07615776       8.98013841
C        2.42210309       1.00646894       6.41383309
C        2.78051140       1.58957708       7.65145294
C        3.36311148       0.89463386       5.37069882
C        3.98338992       2.26480858       7.87488524
C        0.98242652       0.42383706       6.29982119
C        4.59381217       1.53902683       5.56176662
C        4.89629224       2.23637801       6.78689398
H        2.00720599       1.48283152       8.41254101
H        3.08197887       0.34681343       4.48512425
H        0.96482766      17.57697331       5.38857461
H        0.56143631      17.58469709       7.13349852
H        0.29512976       1.25405217       6.28796332
H        5.40736570       1.36606884       4.81929325
H        5.86219038       2.67089132       6.98091767
H        5.04410443       3.07697863       9.35018679
O       11.18877137       9.44036314      11.18788630
C       14.06901424      11.67534971      10.97182247
C       12.72867449      11.21678742      10.81171168
C       15.06404222      10.88689327      11.59456044
C       12.41867460       9.95328863      11.30458147
C       14.28577224      13.16690969      10.67858340
C       14.65832062       9.60797967      12.14201893
C       13.36609967       9.13774651      11.95704578
H       11.96374276      11.79507092      10.43578101
H       16.09849917      11.23115095      11.82804676
H       14.68299574      13.31441588       9.62840267
H       13.37523449      13.62448442      10.50295973
H       14.82215999      13.72586074      11.36753736
H       15.38231432       9.00628454      12.70725157
H       13.07518884       8.21266744      12.44531102
H       10.58338506       9.97374974      10.66710553
O       14.17884060      12.59309598       3.43005885
C       15.18070812      16.15302381       3.73550282
C       14.35056600      14.99739473       3.63828620
C       16.60700727      16.03218554       3.85608772
C       14.93677343      13.71094337       3.62976942
C       14.66863773      17.52822557       4.19375225
C       17.18123727      14.71979591       3.93201836
C       16.33649145      13.61125737       3.85148950
H       13.23706114      15.08600147       3.62374118
H       17.19730090      16.91941776       3.85528805
H       15.43240611       0.41685535       4.75944916
H       14.57953527       0.39298045       3.31471298
H       13.75766433      17.38616642       4.75209418
H        0.47417534      14.47280234       3.94779916
H       16.82498083      12.65781884       4.03749769
H       13.41142996      12.74624079       2.82860135
O        2.26623891       9.59152363       3.83870669
C        5.32007446      11.25717097       5.10311643
C        4.35016902      10.29798364       4.82628470
C        5.19402929      12.52191076       4.50848668
C        3.20245312      10.57032235       4.11171068
C        6.68351431      10.87760618       5.78176312
C        4.01338665      12.85545251       3.80344444
C        3.01528021      11.89811527       3.59246879
H        4.50646425       9.31751335       5.20169927
H        6.02892411      13.23746864       4.51330885
H        7.49441055      10.73109795       5.01189844
H        7.08102928      11.65755542       6.39853633
H        6.65632237      10.06834678       6.55104443
H        3.97528322      13.86449897       3.41164919
H        2.10269986      12.09341207       3.00052362
H        1.57812005       9.98054938       3.36014196
O        3.89650211       5.45433169       7.84083419
C        1.41902931       7.96237792       6.68823608
C        2.56407626       7.40691517       7.40193437
C        0.75403687       7.21525944       5.65993081
C        2.89169279       6.03860026       7.13064403
C        0.99712485       9.39203781       7.10127241
C        1.13783933       5.87292401       5.41175870
C        2.10424088       5.26684454       6.30233111
H        3.05729243       7.80858100       8.20926282
H       17.61021640       7.58057242       5.11001940
H        1.82056401      10.13775379       6.98174725
H        0.19413465       9.81995986       6.60977899
H        0.74106903       9.38686713       8.12392566
H        0.59017540       5.42414099       4.70481440
H        2.27966835       4.25030877       6.13983213
H        3.84103258       4.47538110       7.94530329
O        2.46509704       2.99231197      11.29529207
C        2.17523789       6.60695966      12.02505012
C        2.30648775       5.40859608      11.34425915
C        2.06095850       6.61661301      13.47598852
C        2.38920551       4.14372071      12.00256393
C        2.19073179       7.85224985      11.25424248
C        2.15257476       5.31208150      14.14765672
C        2.36163543       4.13569180      13.41394383
H        2.40677155       5.44498718      10.24298177
H        1.94160934       7.49884699      13.95547887
H        1.81768382       8.81966396      11.69782118
H        3.18032842       8.13734038      11.03671421
H        1.55259875       7.73991930      10.44076030
H        2.13519490       5.41774682      15.23184367
H        2.45519964       3.26496419      14.00877718
H        2.85213203       3.05912687      10.40711984
O        6.66318245       1.44240568      12.93679386
C        3.42026876      17.63378978      13.95285780
C        4.27498383       0.82632882      13.27738617
C        3.95088430      16.56450176      14.67601410
C        5.69423220       0.56427303      13.38022883
C        1.90814505       0.12327197      13.81917879
C        5.30876606      16.36249160      14.80400723
C        6.22314400      17.24896922      14.14917266
H        3.74398404       1.71598835      12.86722279
H        3.29058959      15.79287752      15.08875971
H        1.66674783       1.00243946      13.30360349
H        1.53747832      16.93203760      13.37672096
H        1.52383520       0.26817786      14.85698627
H        5.74077907      15.59065063      15.44189450
H        7.27943254      17.08540951      14.21428046
H        7.52579242       1.19937508      13.28630721
O       16.53047706      13.99952863      13.25493936
C        0.66613559      10.83956773      14.19403943
C       17.39169782      11.86183109      14.15596288
C        1.78518907      11.00566869      13.40795359
C       17.52682332      13.04520443      13.39180066
C        0.43917930       9.55468057      14.95254257
C        1.95754398      12.15984157      12.70634581
C        1.00741937      13.15091898      12.66414416
H       16.50315856      11.54793241      14.67232183
H        2.62167744      10.24908304      13.43241866
H       17.41002015       9.82368328      15.67258741
H        0.04133654       8.84201924      14.29564876
H        1.25892217       9.18867732      15.57557126
H        2.86184034      12.20368351      12.06715751
H        1.15439904      14.05009502      12.04187093
H       16.75693429      14.69385388      12.71451048
O        9.50679306      14.30827898      10.23930572
C       12.10460902      14.56500092       7.63667188
C       11.20411383      13.99291392       8.57840104
C       12.38057631      15.96952685       7.66019786
C       10.47574158      14.84172602       9.41895360
C       12.94320296      13.68461876       6.72173485
C       11.70047919      16.77930600       8.57035789
C       10.74531138      16.22653891       9.41929437
H       11.04667452      12.97020033       8.60976647
H       12.96359680      16.41008464       6.90363042
H       13.22093569      12.81481922       7.28283968
H       12.41490376      13.58992571       5.74415883
H       13.83586174      14.18876268       6.34586115
H       11.72338287       0.17636628       8.53051159
H       10.12003125      16.95327660       9.95901386
H        9.06162294      15.03402750      10.61820008
O        9.93593373       8.61017388      17.51529107
C        6.67494333      10.20189816       0.49524825
C        7.99028889       9.75764691       0.65672701
C        6.03761653       9.99828571      16.96980080
C        8.63419879       9.03054899      17.36854236
C        5.98791594      10.77756646       1.71377553
C        6.59710038       9.22081612      15.94728042
C        7.93365256       8.84657172      16.10875908
H        8.41226161       9.97962082       1.62649268
H        5.01798375      10.36711829      16.83721859
H        4.93131310      10.65451094       1.50647223
H        6.23593271      10.26257782       2.62267961
H        6.12953661      11.91572051       1.78160886
H        6.00247176       9.05268744      15.02279866
H        8.30641146       8.22766455      15.30020582
H       10.29222503       7.98937466      16.84849071
O        8.99002176       0.94484637      14.37924020
C       12.06927328      17.15724679      13.20415864
C       10.76408570      17.59832891      13.19400663
C       12.96399843      17.31494243      14.28786729
C       10.32484597       0.63427196      14.29656378
C       12.60277219      16.33780133      11.99778229
C       12.53226279       0.35280528      15.39624598
C       11.23386406       0.91887515      15.43889231
H       10.11330444      17.23482140      12.44659412
H       13.90915512      16.96023368      14.14155430
H       12.08141190      15.46989569      11.63493731
H       12.65314550      17.05082165      11.15432183
H       13.58107901      16.07502297      12.21407488
H       13.35995333       0.55930517      16.11210576
H       10.87045931       1.49030021      16.26232921
H        8.77521423       1.60688324      15.06950609
O       14.85068532      10.07917208       4.22636721
C       14.01790252       8.43365119       7.41279526
C       14.12631039       8.67115210       6.05965469
C       14.58704437       9.27158473       8.38011037
C       14.66398598       9.86809357       5.58073295
C       13.18718603       7.22350078       7.83641278
C       15.09293520      10.55717791       7.93128783
C       15.11331391      10.82308493       6.53606134
H       13.98212132       7.88591202       5.39854658
H       14.43956054       9.13399322       9.40286859
H       13.05180367       7.31557436       8.92060287
H       12.26881240       7.29155785       7.19780241
H       13.67206145       6.26905861       7.58952080
H       15.32168465      11.26185021       8.71286874
H       15.46879014      11.75523503       6.18632352
H       14.66670962      11.03771365       4.12970454
O       10.80878583       9.72297574       2.15271312
C       10.48577538       9.38100484       5.77396790
C       10.96789210       9.75476634       4.49409295
C        9.52733419       8.32503485       5.90070460
C       10.41034388       9.22047604       3.36888519
C       10.99861705      10.10200813       6.99467719
C        8.98498862       7.79790294       4.72443096
C        9.36972590       8.22021701       3.44117458
H       11.67916999      10.59205065       4.32250670
H        9.19339075       8.04836060       6.85611830
H       10.17524543      10.61601174       7.26333867
H       11.22069463       9.50032151       7.82998996
H       11.70052986      10.79627415       6.72006609
H        8.22097666       7.04395496       4.78507487
H        8.89578400       7.80266980       2.54839807
H       10.62955209       9.05189251       1.49132404
O        9.07323484       3.63708095      15.84279212
C        5.51484018       3.21271699      16.68632352
C        6.84533726       2.93225891      16.38119339
C        5.09380085       4.55601758      16.70983265
C        7.71406430       3.96754767      16.01965985
C        4.51001141       2.16554588      17.10738000
C        5.93594695       5.59510610      16.28727468
C        7.26772240       5.28040101      15.96645796
H        7.15230060       1.93799022      16.40150698
H        4.03780843       4.85329743      16.92478931
H        4.89688901       1.23151126      17.35325341
H        3.90245192       2.33280206       0.22426771
H        3.80515584       1.91307389      16.37297172
H        5.59404317       6.59448141      16.24705479
H        7.96130874       6.05167624      15.66357436
H        9.61157751       4.42266835      15.50399826
O        6.59811597      16.64629819       3.71236569
C        3.94188781      16.23084408       1.23150175
C        4.64025569      16.55188973       2.39456696
C        4.56547355      15.19551915       0.42702444
C        5.91556937      16.10957545       2.67320651
C        2.57872693      16.75856613       0.90458317
C        5.82728423      14.64313748       0.66964678
C        6.51257729      15.15298272       1.84036679
H        4.23081520      17.29144765       3.12578215
H        4.07197491      14.76031636      17.27457666
H        2.45445745       0.09680467       0.76845886
H        2.17794432      16.22592976       0.00916471
H        1.85250930      16.57726803       1.70651379
H        6.26637976      13.89276872       0.04150325
H        7.50182279      14.72675383       2.20171036
H        7.48584692      16.40062005       3.75233696
O       10.64598666       7.60793954      13.11550860
C        6.95498712       7.94529866      12.73406737
C        8.34437592       8.30634419      12.72372803
C        6.57175961       6.57190559      12.76258452
C        9.31743339       7.28475630      12.96982509
C        5.97876627       9.03548084      12.59585112
C        7.52172209       5.58012638      12.84715271
C        8.91595506       5.92441523      12.93485433
H        8.58630689       9.34401910      12.80664641
H        5.50371095       6.29495756      12.78649026
H        6.34483940       9.97979998      12.91436126
H        5.71659843       9.09054624      11.56049104
H        5.13935148       8.84261297      13.22347255
H        7.20300286       4.58418586      12.80448729
H        9.69763984       5.20039156      13.03257531
H       10.88776143       8.39268182      12.62553329
O       15.06789194       7.45176941       2.41198995
C       15.33329963       7.08881798      16.46217709
C       15.23598917       6.77227594       0.08173802
C       14.90826763       8.35521604      16.01083445
C       14.87411584       7.77902104       1.05287407
C       15.76167085       5.97421054      15.54627470
C       14.49918384       9.33612579      16.95906516
C       14.47090971       9.07483208       0.64663171
H       15.59013866       5.77740742       0.37808545
H       14.94017067       8.56892772      14.99755988
H       16.79162157       5.98057719      15.26401675
H       15.66500833       4.97655418      15.98419422
H       15.13534077       5.85338359      14.66386467
H       14.27355342      10.31197870      16.62965149
H       14.19084843       9.87625369       1.26292131
H       14.89596984       8.12417475       3.00383373
O        9.63145707      11.31046865      10.11147441
C        6.04871782      10.70141436       9.35885086
C        7.25355497      11.33881898       9.77416496
C        6.10474011       9.34349993       8.99624709
C        8.47849072      10.64327466       9.71607026
C        4.78444110      11.52234920       9.29465255
C        7.34324855       8.68386249       8.88997100
C        8.51963233       9.30471244       9.17948013
H        7.03527057      12.43583502      10.00333771
H        5.25385090       8.69937338       8.68178839
H        4.34566641      11.40993725       8.30599496
H        4.18202622      11.03840390      10.04089794
H        4.75398768      12.57282607       9.44827272
H        7.54083033       7.67625081       8.53643602
H        9.42169907       8.72450657       9.13126310
H        9.52422717      12.16787377      10.47048050
O       17.65860480       9.27921685       2.23359581
C       17.49618883      12.42149824       0.23372772
C       17.07720956      11.31915746       0.99516797
C        1.07556833      12.34787790      17.37285995
C        0.29515229      10.24275374       1.37006355
C       16.52969326      13.56441852      17.69967272
C        1.99113950      11.21477579      17.58518276
C        1.56514548      10.19785644       0.74261648
H       16.13477928      11.34232809       1.42921410
H        1.59048652      13.00076918      16.69408206
H       15.50163299      13.28871446       0.09764489
H       16.81467395      14.29793549       0.77885134
H       16.59239747      13.89806279      16.62830348
H        2.99614959      11.17123929      17.21838701
H        2.29679034       9.42274741       0.96837046
H       16.77886994       9.23551629       2.60521253
O       16.93777332      16.29130476      11.78933044
C       16.93305688      15.01072185       8.31209737
C       17.02419099      15.12298191       9.74449940
C       16.25834896      16.00126567       7.66765497
C       16.61113803      16.24524424      10.45950082
C       17.50182837      13.89417446       7.55029645
C       15.83470662      17.17634953       8.39287120
C       15.93846510      17.29198881       9.77310324
H       17.56640941      14.30648350      10.12255315
H       16.21385041      16.11380932       6.60332129
H       16.68367833      13.41980966       6.96640416
H        0.71047300      13.98380110       6.86583962
H        0.10885436      13.00097958       8.18142019
H       15.34507074       0.28957329       7.94989173
H       15.61069854       0.46607485      10.24841816
H       16.55939334      17.08212560      12.19942369
O       12.11410039      12.19206509       1.68231318
C       12.65194987      12.19742810      15.70056792
C       12.28618991      11.71831981      16.99607631
C       12.99692609      13.58374849      15.59264772
C       12.37522586      12.60501324       0.39799962
C       12.79375530      11.34234547      14.41938233
C       12.84218199      14.51485429      16.56922638
C       12.57137762      14.01263169       0.12609414
H       12.04298730      10.66931403      17.15116863
H       13.24655912      13.86840958      14.60200232
H       12.56235842      10.24800417      14.59103245
H       12.26540672      11.83934933      13.59904421
H       13.84090730      11.44455533      14.02755774
H       13.05319014      15.54410960      16.39531443
H       12.49504696      14.74529670       0.89273967
H       11.83001928      11.27119797       1.76085987
O       10.50064835       6.96071530      15.71977009
C       12.87268664       4.24316251      14.99517327
C       11.96481442       5.30282720      14.78641796
C       13.13403011       3.76033450      16.29242227
C       11.38807651       5.94197300      15.95220180
C       13.53434323       3.53348218      13.75431568
C       12.62817385       4.40558374      17.40706680
C       11.79406853       5.58851411      17.18784067
H       11.76878184       5.60569864      13.74862809
H       13.78471251       2.93104283      16.40389540
H       14.58759389       3.82629236      13.79569929
H       13.70785389       2.46427363      13.86399240
H       12.98697976       3.73181596      12.81820799
H       12.89772158       4.01399733       0.63998492
H       11.39639642       6.03703286       0.37877213
H       10.40187166       7.19149859      14.82977360
O        7.30867747      16.42407963       8.87869019
C        3.60234357      16.05827803       9.36543493
C        5.01016154      16.28414635       9.64881626
C        3.27297694      15.51158031       8.13910774
C        5.94995545      16.15200926       8.62282059
C        2.51740339      16.36250640      10.37012239
C        4.18874548      15.38883571       7.10491072
C        5.56440167      15.70507900       7.30280091
H        5.30532438      16.88526363      10.51788363
H        2.21310530      15.31373955       7.96133294
H        1.55904300      16.59710765       9.91760309
H        2.36339158      15.58499455      11.13940962
H        2.95463378      17.13742356      10.99680904
H        3.82179238      15.21442777       6.13020936
H        6.26735462      15.68522383       6.49932493
H        7.95592660      16.21870707       8.16415648
O       12.29147451       1.12262653       1.59810412
C        9.49940908      16.80417801       0.17459790
C       10.78017804      17.25197860       0.59821717
C        8.38020395      17.58002128       0.60980485
C       10.98780501       0.75773640       1.27176190
C        9.37011057      15.42172092      17.25369697
C        8.56633144       1.10231945       1.22901543
C        9.91720393       1.56098847       1.51031083
H       11.70900293      16.66348461       0.19513539
H        7.40449026      17.17274756       0.42032961
H       10.02191967      15.21108169      16.38503104
H        9.66814668      14.62813550       0.20664126
H        8.30733158      15.19567830      17.02096790
H        7.71649747       1.75994030       1.43455013
H       10.00432911       2.57273996       2.01219473
H       12.65284495       1.91385996       2.05744408
O        8.66541335      15.24000607       7.10070880
C        9.34222514      13.87390778       3.67312302
C        8.79364372      13.91055744       4.95819103
C        9.91162104      15.00756096       3.10069758
C        8.99936397      15.10028905       5.74823936
C        9.29208589      12.58257172       2.89275629
C       10.08978584      16.17329691       3.88735873
C        9.53999130      16.24031771       5.16189231
H        8.44299437      13.11646877       5.58297172
H       10.51904107      15.00553228       2.17549013
H       10.15577083      11.89847804       3.12311371
H        8.31848893      12.01477925       3.10488421
H        9.18560123      12.59290966       1.80834963
H       10.67118663      16.95111848       3.53165681
H        9.78130186      17.21871311       5.74305592
H        8.57066577      14.38432552       7.65462007
O        7.44992403      15.36533899      11.77676277
C        7.80697016      12.95433083      14.53710721
C        8.13398007      13.91837167      13.56861460
C        6.42018953      12.49349706      14.52582926
C        7.17183674      14.34902673      12.59985635
C        8.82943662      12.43940426      15.54162385
C        5.48157789      12.94459903      13.54187097
C        5.85270024      13.90987593      12.55023370
H        9.11761073      14.29097196      13.68840867
H        6.30001838      11.65612304      15.18093610
H        9.90094575      12.70714025      15.35461043
H        8.37773069      12.75838061      16.45678645
H        8.84580243      11.36616932      15.49699188
H        4.44445998      12.62203815      13.70248769
H        5.12857227      14.26626608      11.74545841
H        6.77901219      15.62074530      11.22866205
O        6.43044112       2.88485180      10.56894896
C       10.23879226       2.93846257      10.20430043
C        8.90471252       2.59204805      10.63437195
C       10.34765218       4.07103717       9.42033296
C        7.75276431       3.25087182      10.19072772
C       11.45023772       2.11962669      10.48703575
C        9.21053278       4.84568547       9.04177535
C        7.90147609       4.43946634       9.43733007
H        8.76703172       1.69333872      11.19754690
H       11.33940656       4.43123499       9.02866683
H       11.59732958       2.25007897      11.59563202
H       11.08020639       1.10317787      10.43880776
H       12.35871002       2.21279575       9.85405159
H        9.43659163       5.65189268       8.50051805
H        7.06910734       4.94129473       9.04634266
H        6.35890478       2.36115664      11.35893457
O       15.36379219       4.70484279       3.09926675
C        1.16820802       4.68042653       1.94625458
C       17.59751069       5.12845305       2.23201446
C        1.53176275       3.47347407       2.46948079
C       16.66898328       4.27757592       2.91210447
C        2.05266798       5.61321805       1.08980723
C        0.65458474       2.59840468       3.16228687
C       17.07828936       3.02962589       3.40694080
H       17.28788881       6.16795831       2.00502469
H        2.55548912       3.17462974       2.27990258
H        1.95545117       5.25206661       0.06864684
H        1.75645630       6.62313115       1.25171945
H        3.13023606       5.52063190       1.37898527
H        0.86867578       1.61346097       3.50994757
H       16.42817453       2.47542456       3.97517670
H       15.34415552       5.61636720       2.81291588
O       16.40305772       0.96183154      13.32739009
C       16.45708230       1.06237430      16.98238076
C       16.30837539       0.62260190      15.65433544
C       16.93289475       2.33389271      17.25152917
C       16.56964158       1.46237700      14.62450883
C       16.09768299       0.10108729       0.40150960
C       17.19249051       3.15038289      16.13611445
C       17.06621878       2.70606304      14.86404796
H       16.14523161      17.34018924      15.38715593
H       17.16133405       2.66324103       0.55990093
H       16.62769941      16.88207256       0.36396423
H       16.25060653       0.59061226       1.41022811
H       15.07870748      17.62938953       0.28002793
H       17.69553985       4.07949542      16.32590335
H       17.32651219       3.46532995      14.19167221
H       16.44238906       1.58538700      12.60312435
