512
Lattice="17.7128441229 0.0 0.0 0.0 17.7128441229 0.0 0.0 0.0 17.7128441229" Properties=species:S:1:pos:R:3 pbc="T T T"
O       11.86132109       3.58595631       5.72493694
C        9.97418815       4.38585402       8.77861723
C       10.42012634       3.61794042       7.62413123
C       10.65138142       5.52635873       9.14953661
C       11.53224025       4.09430679       6.92940396
C        8.71023723       3.88616999       9.49556837
C       11.79475877       5.91359055       8.54784341
C       12.24941700       5.20450467       7.39577411
H        9.92357286       2.69536759       7.43044712
H       10.20954148       6.17349458       9.88960025
H        8.81612253       2.76655725       9.50828189
H        8.46053601       4.44914476      10.40427783
H        7.84260338       4.03524226       8.86507392
H       12.21171569       6.85527811       8.86791578
H       13.09681455       5.55183698       6.85712962
H       12.29933717       4.26944075       5.26494300
O        6.74460468       5.17043156       2.44715703
C        9.09108298       7.27928241       4.49802871
C        8.39075342       6.73449569       3.37158046
C        8.92546411       6.60540543       5.75934842
C        7.47623804       5.61458599       3.47667874
C        9.91297057       8.53346224       4.31104506
C        8.09041029       5.45599348       5.84077301
C        7.33590601       5.00424340       4.73565623
H        8.59909076       7.14557108       2.38826188
H        9.31902969       6.89995764       6.70801662
H       10.74129275       8.36406199       3.64557892
H        9.39431715       9.42987463       4.02064021
H       10.37016904       8.86849682       5.16742550
H        7.97496604       5.12876315       6.87606206
H        6.67480826       4.16066384       4.87995933
H        7.25757594       4.61663166       1.84179646
O        0.39359392       1.00803813      10.99856345
C       15.50565332       1.24071084       8.38851687
C       16.09524713       1.38654426       9.65113375
C       15.87761079       0.12640929       7.62502199
C       17.22442091       0.61776098      10.01263200
C       14.42921643       2.21628526       7.86895277
C       16.93959318      16.90997308       8.07049219
C       17.66381183      17.26392826       9.25054331
H       15.92860179       2.24912709      10.27100831
H       15.53693233       0.07903572       6.62107295
H       13.70382842       2.24130336       8.66143863
H       14.85124186       3.21234206       7.80619958
H       14.11851402       1.91375643       6.89896767
H       17.25382321      16.02319574       7.48198253
H        0.82800117      16.65244924       9.51057072
H        0.63962811       1.95696785      11.07528689
O        2.86219455       4.26363034      10.46515521
C        2.58567365       3.02371728       7.02715198
C        2.39693120       3.18895175       8.42480240
C        3.64526501       3.74036442       6.44282385
C        3.20725950       4.08579971       9.17647537
C        1.80979053       1.94501495       6.30905085
C        4.41666166       4.63230269       7.19004591
C        4.15049310       4.80762186       8.54973278
H        1.63058314       2.71581575       8.99613520
H        3.86779749       3.67476175       5.41815161
H        1.90988472       1.07146436       7.03313299
H        0.81795789       2.35004425       5.97763446
H        2.36802309       1.74398012       5.34033605
H        5.13170743       5.33390664       6.71165220
H        4.63247287       5.64425865       9.06998340
H        3.61833432       4.30564038      11.01450376
O       10.67957076      10.21395369      12.67869169
C       13.29829102       9.07048761      10.31281930
C       12.32130065       9.93307501      10.87233704
C       13.65949352       7.87608391      10.92161205
C       11.72565400       9.54604960      12.07690815
C       13.99688666       9.53058244       9.07404322
C       13.03432259       7.47767844      12.13664896
C       12.10299524       8.34232091      12.75479843
H       11.96149603      10.76662396      10.33954744
H       14.17153765       7.15099212      10.42711774
H       14.15142697       8.79010258       8.24958270
H       13.38463819      10.19512547       8.44388288
H       14.83744244      10.14770644       9.33417674
H       13.14732998       6.43325658      12.53469921
H       11.65703705       8.04370423      13.69779982
H       10.44418524      10.87430805      12.05948627
O       16.15603893      12.85166526       3.24992799
C       15.72410235      13.79669467       6.76148468
C       16.25974960      13.23809151       5.59439621
C       14.72615114      14.81381669       6.69410567
C       15.73346246      13.53420955       4.36666858
C       16.34425335      13.24372312       8.06795240
C       14.33498917      15.24564011       5.37136787
C       14.75778052      14.51118424       4.24030900
H       17.03598722      12.55127181       5.69901460
H       14.27294242      15.29860767       7.55515650
H       16.50055096      12.16087056       7.94740630
H       17.24916766      13.69678603       8.34817689
H       15.64094855      13.34821403       8.91080927
H       13.56487580      16.04897318       5.21194655
H       14.36146016      14.75052808       3.25624705
H       15.47136660      12.93209416       2.60042783
O        2.58779957       9.39969907       1.90667553
C        2.60504328       5.82015299       2.73534509
C        2.95360571       7.03393805       2.11413611
C        1.66401507       5.79729750       3.74462641
C        2.22697025       8.19875988       2.47471913
C        3.29888517       4.56687311       2.46325327
C        0.81818968       6.88093428       4.00028200
C        1.04377715       8.12996732       3.35429171
H        3.60815866       7.01668476       1.29918764
H        1.48060477       4.91788885       4.24334764
H        3.42214024       4.49762702       1.40527493
H        4.22068866       4.68182030       2.97771085
H        2.83823845       3.65816482       2.83687969
H        0.10050571       6.74588408       4.75724115
H        0.37769031       9.01398841       3.49276984
H        2.09414932      10.21841463       2.03382493
O        2.57251311       7.10546855      10.00304190
C        2.63999493      10.32788953       8.29335839
C        2.63952902       9.34890289       9.34733487
C        2.64222690      10.03313276       6.90803923
C        2.55239844       8.03091975       8.99582710
C        2.67758433      11.73427318       8.79972574
C        2.72152734       8.67404056       6.64413618
C        2.65721856       7.68263665       7.63650126
H        2.72993662       9.68766894      10.35664214
H        2.68839329      10.89767841       6.22882433
H        3.38086841      12.30252607       8.39278070
H        1.71294016      12.23679431       8.71655074
H        2.69872899      11.84761293       9.88939209
H        2.83353621       8.26141384       5.59201633
H        2.55362677       6.67134334       7.21976353
H        2.27933072       6.23839778       9.75920153
O        0.13163019       4.20685929      11.11595611
C       15.49201092       4.62178604      13.73700541
C       16.06019662       4.22729663      12.53564033
C       16.25328379       5.33878750      14.71403224
C       17.37286619       4.53329385      12.27582445
C       14.08049088       4.13283951      14.07771265
C       17.59083262       5.61764440      14.44058943
C        0.43530286       5.23920589      13.20262246
H       15.46863141       3.76000043      11.82625332
H       15.91585437       5.72195656      15.69308198
H       14.13180078       3.68809270      15.13375652
H       13.34980259       4.93078285      13.94527001
H       13.86295051       3.22166731      13.38640054
H        0.60845182       6.06074883      15.16484382
H        1.50075190       5.36690111      13.07553320
H        1.04852986       4.51390589      10.92145528
O        6.03909755      17.27792998      12.96752631
C        4.05066886      16.54712145       9.91803949
C        4.66897388      16.44884853      11.24011400
C        4.31611031      17.60996779       9.10011729
C        5.59280752      17.41452863      11.69137587
C        3.30488123      15.39068574       9.31909184
C        5.31400657       0.79620371       9.54404727
C        5.95002371       0.77724027      10.81779647
H        4.35658538      15.59377469      11.81950868
H        4.15905154       0.07705368       8.03149516
H        2.55553253      15.11969823       9.99197218
H        2.69126407      15.66056393       8.48328675
H        3.90295936      14.51539009       9.04236856
H        5.69715608       1.54754152       8.87720090
H        6.77338334       1.49409238      11.10177487
H        6.79222052       0.16185896      13.08845198
O        2.13972320       9.05316455      16.85844969
C        5.48801068       7.86728347      15.73546302
C        4.44003415       8.44272216      16.50491943
C        5.08811718       7.29028373      14.53974620
C        3.05712907       8.37118009      16.10911558
C        6.94805353       8.05915500      16.18967303
C        3.74202425       7.27222769      14.09803232
C        2.69589097       7.74634899      14.92489476
H        4.76021111       9.01834846      17.41408882
H        5.87859522       6.93968709      13.83553423
H        7.42616691       8.88574319      15.73844713
H        6.89706223       8.19926822      17.30016069
H        7.48728195       7.16406643      16.06471908
H        3.51193137       6.88860378      13.09702752
H        1.69060346       7.76844632      14.54720377
H        2.43307234       9.10171363       0.09400613
O        7.94262193      15.67430385       5.85345232
C       10.19374657      17.02673817       8.43228492
C        9.70998112      16.56639427       7.19226190
C        9.46406325      16.72467630       9.66958685
C        8.45123647      15.96181132       7.09456490
C       11.45308069       0.05952773       8.49607567
C        8.19726918      16.02650301       9.56399083
C        7.71250670      15.70971540       8.31292990
H       10.27398722      16.77274817       6.29419432
H        9.82811069      17.04717581      10.56862119
H       11.61052040       0.65604427       9.36278022
H       12.32493186      17.17668105       8.47725816
H       11.40597749       0.79421602       7.74617690
H        7.57991570      15.86622294      10.46211533
H        6.70571724      15.30792452       8.33883157
H        7.08183841      15.25623268       5.98905962
O        9.92051015      10.99315777      17.04641089
C        6.86244022      10.46898503       1.38660181
C        8.17158489      10.23553493       0.84811038
C        6.09079666      11.54782731       0.92227513
C        8.68971470      11.11756439      17.53676759
C        6.29071648       9.54196638       2.44239178
C        6.59284828      12.27704213      17.51091520
C        7.83398090      12.02998118      16.89368715
H        8.73621348       9.35090675       1.17355994
H        5.16496493      11.82570857       1.37332854
H        5.46427075       9.00059112       1.91177662
H        6.94337224       8.84618114       2.83535061
H        5.85465780      10.14629019       3.28436172
H        6.06291988      13.16053101      17.14199320
H        8.20740113      12.72364628      16.15073677
H        9.98076901      10.73328709      16.16601382
O        8.33469153       1.21560711      14.30424195
C       11.83956261       0.48930311      13.38261116
C       10.46698763       0.81815938      13.30059146
C       12.40948617       0.30846949      14.66420428
C        9.69275399       1.00765544      14.54116522
C       12.65621349       0.37714837      12.07410479
C       11.72667544       0.61683842      15.84597642
C       10.34589341       0.86411071      15.80680818
H        9.99490017       0.78969711      12.30118888
H       13.48344099       0.15544703      14.73283285
H       13.65879366       0.32054819      12.30728215
H       12.52443225      17.28445986      11.44066755
H       12.43651782       1.29243020      11.46253634
H       12.18392241       0.63655417      16.78625913
H        9.72625301       0.74589572      16.74248224
H        8.02049447       1.82868902      14.98364847
O       14.53420956       7.23360642       4.59166001
C       16.57226667       7.24762640       7.61297847
C       15.79920286       6.85591101       6.53695651
C       17.03716260       8.57520575       7.59589111
C       15.35412114       7.71187640       5.54518388
C       16.81261137       6.23924978       8.71278147
C       16.65102152       9.47722076       6.52192318
C       15.77823591       9.01786507       5.52076109
H       15.31765849       5.86299285       6.58475982
H       17.69058713       8.97755789       8.36198346
H       17.12987892       5.26999543       8.40650945
H       17.57134084       6.56164548       9.43331702
H       15.94698513       6.08870055       9.36920198
H       17.08047742      10.48709052       6.55000398
H       15.49152144       9.66788302       4.67337998
H       14.27667096       7.94888353       3.99185732
O       11.03023088      10.65081064       1.77334040
C       11.50486072      12.00646868       5.25672717
C       11.50667025      11.12738112       4.11817323
C       11.09568487      13.35488014       5.08603169
C       11.00964122      11.53924752       2.81714040
C       12.14676209      11.56218185       6.51414881
C       10.43051592      13.66023952       3.86212541
C       10.37448451      12.79374826       2.74696444
H       12.02348270      10.15711624       4.31652749
H       11.20185921      14.15537301       5.84550786
H       12.42315148      10.51966468       6.42122319
H       12.96134754      12.20675645       6.72395875
H       11.44146898      11.57856884       7.33113634
H        9.98830023      14.67598870       3.75011318
H        9.95733232      13.19926808       1.76748929
H       10.50562466      10.91674078       1.01937262
O        7.39882140       2.78958822      16.09997786
C        4.08783099       2.82692304      14.59101415
C        5.36166827       2.44028596      14.97415398
C        3.52773994       3.86884451      15.34137415
C        6.12825319       3.18079162      15.89260131
C        3.29291133       2.06891053      13.51358624
C        4.22722472       4.59650816      16.26259726
C        5.52561933       4.30698134      16.54696189
H        5.82148305       1.62953627      14.62266149
H        2.44069849       4.10881109      15.13045544
H        2.30847940       2.41662941      13.20283130
H        3.95729865       1.88791635      12.66618697
H        2.96009380       1.05630997      13.82938351
H        3.68949218       5.30203947      16.89232809
H        6.06350783       4.85785724      17.26735178
H        7.87786310       3.06343286      16.83951944
O        8.89338289       1.07144737       1.95329682
C        6.48137475       1.38684306       4.84988647
C        7.67475118       1.29000614       4.09113174
C        5.28861716       1.33573295       4.15946883
C        7.68299967       1.19813924       2.63488789
C        6.41197576       1.57636092       6.34331781
C        5.25778331       1.15262442       2.75359825
C        6.45580408       1.08878657       2.00797439
H        8.49736426       1.28782124       4.69007445
H        4.39879179       1.35884193       4.70386902
H        6.06239599       2.58223018       6.52860059
H        5.61062033       0.87912587       6.67960633
H        7.42654306       1.51189574       6.87462144
H        4.34863894       1.19849863       2.24389290
H        6.52824963       1.11308301       0.86557862
H        9.57598947       0.72671185       2.57064112
O        9.08181870      12.29793811      12.03875563
C       12.13653994      13.92674132      10.97320293
C       11.07852994      13.55300283      11.79805473
C       11.92406942      13.96142701       9.56416817
C        9.92599392      12.99127220      11.25346028
C       13.56393305      14.19200267      11.47587261
C       10.63745529      13.72685686       8.99538086
C        9.69678991      13.17381911       9.87349388
H       11.11901858      13.51158639      12.87992584
H       12.69073987      14.48074180       8.95778228
H       13.52150425      14.62463369      12.58269439
H       14.18335015      13.28936376      11.60329629
H       14.24105565      14.98426793      11.06458244
H       10.45843012      13.89538945       7.94673815
H        8.74968043      12.95445002       9.52574121
H        8.24202819      12.74446966      11.89883224
O       13.72043718       8.80699847       2.29487647
C       15.03935734       9.31408522      16.53974901
C       14.18603462       9.38785763      17.67106427
C       16.33122490       8.79711775      16.67227058
C       14.58894599       8.84796397       1.20793325
C       14.61992869       9.83692639      15.17755120
C       16.73927449       8.38553964       0.22455577
C       15.92248565       8.35951932       1.32376361
H       13.21050869       9.85123823      17.65617910
H       17.07396845       8.76709820      15.89682279
H       14.29451311      10.80191761      15.23396354
H       15.41271147       9.70497689      14.39598179
H       13.69521180       9.39061328      14.81049555
H       17.68906161       7.87365352       0.34893792
H       16.33222038       7.90726671       2.22614581
H       12.90532226       9.18679869       2.05538397
O        7.00405966      11.86502648       5.32607128
C        8.55793154       9.62936934       7.77187867
C        8.37589232      10.69587840       6.78827328
C        7.56116792       8.53490421       7.94570895
C        7.17672470      10.70260512       6.06409285
C        9.84283679       9.57474316       8.58146044
C        6.42351202       8.68214007       7.14646229
C        6.15168491       9.66550867       6.20038643
H        9.05237409      11.47279327       6.62135014
H        7.55726096       7.85873320       8.76749624
H       10.76046137       9.66135442       8.00911599
H        9.76142990      10.30275228       9.29658371
H       10.00143752       8.57422904       9.05321660
H        5.76759063       7.89493153       7.29918115
H        5.29545610       9.61937543       5.60515684
H        7.87426412      12.15870625       5.03051869
O        0.48945298      11.53690832       2.19467547
C        0.53017837      12.30028661      16.38809349
C        0.06196849      11.96391060      17.62541239
C        1.88141618      12.73480258      16.20479823
C        0.94122343      11.93485245       0.98099096
C       17.24689987      12.36872899      15.18220636
C        2.74919776      12.66639535      17.25765863
C        2.27707493      12.33400392       0.84707162
H       16.72258807      11.57020421       0.07114685
H        2.19839530      13.02865639      15.22676219
H       17.24662433      13.27168760      14.63503090
H       17.39125129      11.62228498      14.49234810
H       16.25109860      12.10347424      15.41781531
H        3.76447720      13.13910866      17.07802753
H        2.85170601      12.19678837       1.77914003
H       17.35915186      11.85322777       2.50631853
O       16.88119811      13.79498165      11.05134028
C        0.46525084      10.50779560      11.86927587
C       17.33213741      11.50543868      11.28588150
C        1.69977946      10.87716915      12.43018928
C        0.01883876      12.84399077      11.44773705
C        0.08516537       9.03959568      11.96805058
C        2.19846078      12.23068460      12.38982256
C        1.26681708      13.18529999      11.96084302
H       16.29848573      11.28300579      11.02185693
H        2.22737253      10.07223758      13.01055503
H        0.58858175       8.43546957      11.27069528
H        0.34718411       8.77745795      12.95059885
H       16.70649140       8.92557905      11.76909243
H        3.20785423      12.58871529      12.75202171
H        1.61512027      14.20644072      11.96928758
H       17.06868572      14.49982307      11.62131478
O       14.08138384      12.37433630       1.60603876
C       12.65490319      14.09009149      16.38113779
C       12.73510281      13.28622916      17.53843816
C       13.77505834      14.84146432      15.92870906
C       13.95900233      13.28674899       0.56131102
C       11.34726405      14.19469001      15.58894149
C       15.02474809      14.74976917      16.58224652
C       15.09456490      13.98707233       0.09373833
H       11.91876727      12.68342338       0.18924751
H       13.70467214      15.49992694      15.04552956
H       11.31029710      13.36833104      14.90369461
H       10.59189809      14.11454297      16.39508773
H       11.16619890      15.14620726      15.04235953
H       15.86814506      15.27346858      16.12764637
H       15.96208920      13.96175614       0.69516202
H       13.29059133      11.92433458       1.71764265
O        8.65264876       3.35651777       0.66282058
C       10.67237933       6.43594813       0.04320163
C        9.72243090       5.45372385      17.61548354
C       11.74216066       6.11828330       0.87121428
C        9.68332118       4.22542063       0.57002090
C       10.70632671       7.59539519      16.79680451
C       11.82290240       4.85989073       1.49466571
C       10.77907091       3.83460362       1.36157839
H        8.90263775       5.67936121      16.99183693
H       12.60984148       6.82522890       0.91563642
H       10.64567475       7.38464523      15.71269745
H        9.91868672       8.30811864      16.91426470
H       11.58993696       8.13225079      16.78925582
H       12.62729075       4.55909788       2.18140356
H       10.78330834       2.91352588       1.98289236
H        8.85213760       2.58398775       1.19261693
O        5.45128234      14.37570397       6.43010875
C        2.35370659      15.34514075       4.48426622
C        3.57213812      15.44597317       5.22823963
C        1.94182690      14.12273570       4.05516790
C        4.33035966      14.30944379       5.59030330
C        1.68295582      16.59336610       4.12336592
C        2.61108217      12.97351304       4.35947696
C        3.85908704      13.03338463       5.09504345
H        4.03715896      16.30071250       5.68173519
H        1.06984712      14.06286226       3.46658697
H        2.34054660      17.40658570       3.87704076
H        1.01635545      16.35485463       3.25853950
H        1.04683462      16.90891587       4.91470221
H        2.19379493      12.01707715       4.10823479
H        4.32601699      12.07898447       5.30678940
H        5.78857764      13.54672646       6.70103228
O       10.97632054       1.36045061       4.79516813
C       13.18001809       0.37252475       2.06929443
C       12.59928792       1.10653669       3.14035526
C       12.69190689      16.82606850       1.76840398
C       11.54869025       0.60860533       3.83704641
C       14.27626706       1.01277963       1.25783843
C       11.49664119      16.40202677       2.42789125
C       10.92496347      17.11978686       3.46547364
H       12.93052638       2.09122653       3.40853416
H       13.14088166      16.14957783       0.97166815
H       15.29637495       0.74626154       1.68158317
H       14.17456681       0.78521979       0.18230694
H       14.08916133       2.10628418       1.22654202
H       11.05323488      15.47087034       2.08974199
H        9.97757240      16.77485039       3.96186147
H       11.48142485       2.19274520       4.99419254
O        4.80701292      16.80288514      15.60708401
C        6.24156139      15.43468215       1.03536264
C        5.30373405      15.82981997       0.06598937
C        7.58422349      15.29753125       0.67040823
C        5.74868838      16.35022978      16.48381237
C        5.83264624      14.99422042       2.42293992
C        8.03726614      15.79280065      17.13657076
C        7.09220058      16.30349096      16.18756865
H        4.26399469      15.82427544       0.29792184
H        8.29919388      14.70831643       1.28682224
H        5.39691547      15.84128046       2.98539692
H        5.02476854      14.25736806       2.33371337
H        6.61179356      14.57915911       3.04520385
H        9.04318608      15.91784469      16.85457499
H        7.45878896      16.75181929      15.23129636
H        5.15582622      16.91412381      14.66033355
O        6.24967690      12.21869996       9.24106500
C        6.09152168      12.77200090      12.89568249
C        6.03032713      13.00529968      11.51898879
C        6.40516719      11.51381249      13.50337197
C        6.32241758      11.95929008      10.62090415
C        5.88255758      13.99166398      13.85447492
C        6.51586853      10.45724393      12.57692517
C        6.43353133      10.64647729      11.17077562
H        6.05748875      13.97743078      11.08698648
H        6.53169865      11.34542998      14.53831273
H        6.60985725      14.76821432      13.56537243
H        4.85838604      14.39899880      13.63619286
H        5.95608893      13.75919616      14.85559657
H        6.64352323       9.44992338      13.00751689
H        6.64441035       9.81716760      10.53120470
H        6.13080128      11.36063943       8.78506006
O        4.88585830       4.46211037      12.16966459
C        8.26818753       5.09069125      12.95869784
C        7.10485913       4.38164920      12.74635719
C        8.48533532       6.37104701      12.41627935
C        6.07356114       5.02937892      12.09951945
C        9.32617061       4.58483098      13.89709175
C        7.43488218       7.00365269      11.68104195
C        6.21638212       6.32823137      11.53898464
H        6.97721632       3.45310780      13.13936272
H        9.39655434       6.86407180      12.65995918
H        9.46943927       3.56879914      13.56846562
H       10.22546290       5.13813897      13.88137244
H        8.88934502       4.70263184      14.90997544
H        7.60016917       8.03036175      11.29673488
H        5.43775945       6.72481353      10.92551774
H        4.66970799       4.45259935      13.08212866
O       14.49384163       4.53073638       4.11284346
C       17.37274768       4.01001485       1.76075181
C       16.29069798       4.58894025       2.42701675
C        0.29478262       2.92122752       2.48224698
C       15.73399155       4.09706643       3.60267640
C        0.26452026       4.47458997       0.46444369
C       17.45885802       2.30487987       3.60349126
C       16.25771729       2.88203492       4.15258885
H       15.84568882       5.36395135       1.88543445
H        1.21568627       2.52156824       1.95008628
H        0.85543855       5.37105449       0.64030366
H        0.93271975       3.77227472      17.62051825
H       17.15381261       4.75394345      17.47270418
H        0.07800668       1.35142904       3.96357172
H       15.81781554       2.50891580       5.06249395
H       14.50716183       5.48788376       3.97478898
O       17.41549243      16.54820452      12.34759410
C        0.52128191      16.71239538      15.88339747
C        0.56531287      16.31961730      14.54331858
C       17.27093792      17.62715921      16.30200100
C       17.43645658      16.97493845      13.62151377
C        1.35393686      16.11390125      17.02636154
C       16.52344154       0.64540995      15.37158687
C       16.53386463       0.28205992      14.07147359
H        1.13386726      15.41832624      14.17644396
H       17.16635180       0.16517532      17.37324001
H        1.67044285      16.91205995      17.63095493
H        0.76920660      15.47061755      17.59990611
H        2.21603275      15.57414317      16.62512432
H       15.94517155       1.49797662      15.74188540
H       15.83794950       0.76236687      13.42542985
H        0.00880338      17.24685051      11.77582779
