512
Lattice="17.7128441229 0.0 0.0 0.0 17.7128441229 0.0 0.0 0.0 17.7128441229" Properties=species:S:1:pos:R:3 pbc="T T T"
O       13.91955437       3.33109467       3.12434805
C       10.87457552       3.29602103       5.12876534
C       12.00272989       2.85002557       4.47365512
C       10.56047757       4.66628299       5.17717029
C       12.87834989       3.79631654       3.86125067
C       10.02989187       2.37826984       6.03478078
C       11.44794291       5.62471850       4.61667936
C       12.53362078       5.24839110       3.82114897
H       12.19712484       1.80848665       4.42434767
H        9.65035676       5.02957003       5.72249543
H       10.56078486       1.43258059       6.11845008
H        9.95258934       2.82881400       6.96841482
H        9.13363927       2.15670712       5.51666445
H       11.15578021       6.65404305       4.85515182
H       13.07538982       5.89704907       3.16221632
H       14.51155583       4.05010301       2.83133815
O        4.35594364       8.12292342       3.09413920
C        6.46350640       5.26989504       3.56081593
C        5.69029060       6.22780472       2.98244740
C        6.67279830       5.35090355       4.96919445
C        5.11301122       7.25180710       3.72293702
C        7.35523046       4.28710674       2.73097251
C        6.09769479       6.39527293       5.75519436
C        5.23602334       7.32034549       5.09750066
H        5.59293562       6.16646180       1.86940938
H        7.21124841       4.58358818       5.44416757
H        7.20245279       3.37038810       3.39227667
H        6.95637644       3.89669407       1.73490469
H        8.32942372       4.70920558       2.57230376
H        6.18024642       6.47611905       6.84748571
H        4.63175462       8.07824651       5.66589198
H        4.05594173       8.78686568       3.73954047
O       17.03020113       1.49459232      10.44522450
C       15.45944979       3.46362177       7.82739540
C       16.43876090       3.04436125       8.70726398
C       14.33913901       2.69587294       7.58751743
C       16.17259120       1.84117966       9.49142044
C       15.63874193       4.82283403       7.18866386
C       14.12354889       1.47368059       8.21526468
C       14.99560185       1.08852170       9.22425583
H       17.36843717       3.57801459       8.94944028
H       13.64485495       3.06840389       6.83035431
H       16.44640078       4.95111574       6.52819109
H       14.76675604       5.21393098       6.64316672
H       15.84308941       5.54182418       8.01599012
H       13.14178142       0.98032852       7.93978165
H       14.94158930       0.16714551       9.75098882
H        0.10867587       2.09821806      10.54187761
O        3.98292813       2.96702599       9.02874541
C        1.66002068       1.89979011       6.21140115
C        2.20064244       2.62961035       7.37450255
C        2.63913879       1.17547494       5.46446140
C        3.53112302       2.47575121       7.76719708
C        0.16916393       1.83164816       5.77654428
C        4.00178619       1.09765911       5.76649463
C        4.42621508       1.60316339       7.01551851
H        1.49346186       3.15573447       8.00415106
H        2.49071914       0.49561355       4.64416249
H       17.42774244       2.88539008       5.86833352
H       17.68962160       1.54084897       4.74602575
H       17.26910478       1.19916804       6.43001511
H        4.64954892       0.48102101       5.19566429
H        5.44036396       1.50351766       7.33944106
H        4.94257784       2.87928385       9.13119499
O       10.64616154       8.53351149      11.02892279
C       13.55150449      10.55171135      11.93838404
C       12.21642019      10.17231336      11.62938443
C       14.61478177       9.57979311      12.10478775
C       11.94517941       8.84643614      11.41907937
C       13.82670263      11.99566985      12.24074798
C       14.23762598       8.30152749      11.90676673
C       12.96397912       7.94692180      11.55828318
H       11.45188484      10.89861653      11.62787670
H       15.57799632       9.78033488      12.40956933
H       13.08718987      12.73132123      11.75848211
H       13.91299914      12.15217054      13.31095182
H       14.83989915      12.20752936      11.87001232
H       14.96747381       7.55681632      11.99987258
H       12.67978435       6.93239526      11.53049498
H       10.15659689       9.38213103      11.08437082
O       15.50805073      12.83081787       3.09268522
C       14.74544685      16.16666664       4.33498967
C       14.72253691      15.04007508       3.50571497
C       15.87172827      16.36238234       5.13248275
C       15.74141496      14.07306143       3.66899152
C       13.62394665      17.21550591       4.22151303
C       16.91466001      15.48333549       5.27991374
C       16.90359984      14.38257443       4.41494321
H       13.84695470      14.89764800       2.89617027
H       15.87830792      17.15743061       5.79052927
H       12.73094717      16.88561916       3.69721247
H       13.36931616      17.65338858       5.11191237
H       13.86683301       0.39100105       3.73364261
H        0.00773789      15.80176401       5.97639605
H       17.58614280      13.58712231       4.38506829
H       14.66658258      12.75901404       2.55443668
O        1.46372943      10.88975656       4.14127964
C        4.93552477      11.76256419       4.99739948
C        3.74171511      10.99591309       4.88070947
C        5.02921921      13.02635937       4.41062122
C        2.65489003      11.58630563       4.18379405
C        6.12130282      11.13309422       5.69971638
C        3.92491544      13.54069775       3.67485133
C        2.77107616      12.79731267       3.55704537
H        3.57830662      10.03906447       5.47906225
H        5.93161970      13.65276109       4.48632654
H        6.90667881      10.67272211       5.04293460
H        6.60606012      11.91220820       6.35541100
H        5.81331531      10.36078594       6.37716669
H        3.91729228      14.49913919       3.29793725
H        1.98365190      13.20831441       3.02282094
H        0.95080243      11.10615124       3.40731350
O        3.77866500       5.97257583       8.87655612
C        1.13994347       8.41470032       8.42547528
C        2.09669015       7.57037740       9.04792483
C        0.62941474       7.97364158       7.20173490
C        2.69052959       6.56858391       8.29266987
C        0.41377370       9.45937432       9.18751055
C        1.10600247       6.88880109       6.47928435
C        2.23313343       6.20551614       6.97775013
H        2.36285152       7.80467803      10.04564951
H       17.52546875       8.48025935       6.75637774
H       17.28763753       8.97666701       9.69801212
H        0.85724395       9.96467068       9.96833145
H        0.02140749      10.12797018       8.44486657
H        0.64717724       6.44801911       5.56268854
H        2.69674093       5.42740742       6.49928528
H        3.57372931       5.03263197       9.17678552
O        1.78332181       2.76970655      10.64666019
C        0.98150247       5.88175110      12.40948954
C        1.05976665       4.94594119      11.29968558
C        1.75532719       5.75120428      13.58479718
C        1.76314038       3.73849371      11.51867832
C        0.25511062       7.16933964      12.11995553
C        2.50080094       4.51107666      13.70272550
C        2.55046523       3.58914122      12.65303439
H        0.37135569       5.13280426      10.49100258
H        1.87308111       6.47957977      14.36953801
H        0.10593382       7.35829805      11.06367283
H       16.97440006       7.01318822      12.52401388
H        0.67849415       8.09061911      12.62087926
H        3.18046288       4.36798368      14.53760185
H        3.05457361       2.68814684      12.79857362
H        2.56293884       2.56726542      10.18108777
O        7.32179689       1.07306518      12.56414883
C        4.52920123      17.07014427      14.19108226
C        5.23684232       0.22798988      13.38346272
C        5.24217237      16.23147152      15.10356143
C        6.65186449       0.30645433      13.47867850
C        3.06093729      17.07410920      14.28718497
C        6.62549840      16.28911318      15.17276233
C        7.33390633      17.08033134      14.26720920
H        4.83129409       0.93102097      12.65525724
H        4.78309776      15.45018252      15.67150089
H        2.62776201      16.35807302      13.61552345
H        2.75703999      16.82711379      15.36941529
H        2.57548485       0.32615887      13.93373427
H        7.12718225      15.60738809      15.77790291
H        8.43327713      17.00211467      14.28321134
H        8.10002440       1.35676294      13.03096994
O       17.34468169      12.64385485      13.89946056
C        2.05218561      10.00874489      14.74348662
C        0.90832414      10.82596552      14.75309960
C        2.99042553      10.01589622      13.64306158
C        0.70535366      11.76588199      13.78142617
C        2.25958155       9.02872813      15.96973221
C        2.78617378      11.01935600      12.66489522
C        1.63543418      11.83899018      12.71116984
H        0.09295893      10.86434264      15.52251717
H        3.95012095       9.53911863      13.71433332
H        1.69056487       8.16101987      15.75430122
H        3.30257482       8.75402476      16.02207539
H        1.92640676       9.54285693      16.86222147
H        3.57022410      11.32714276      11.94923435
H        1.57308894      12.64311476      11.96163503
H       17.59608283      13.54724929      13.64187723
O       10.22357260      13.30623814      10.44590580
C       12.23436122      14.04739065       7.33187760
C       11.63660844      13.33466395       8.45927673
C       12.13508936      15.45715338       7.24184413
C       10.80482300      13.99982236       9.38691706
C       12.92679306      13.28267423       6.19592659
C       11.35321277      16.13015764       8.21880423
C       10.68607277      15.42099263       9.28781271
H       11.74687525      12.29338324       8.53356369
H       12.58771456      15.90208480       6.35502232
H       12.70643403      12.21376515       6.43382913
H       12.37251977      13.45531518       5.29342162
H       14.04507182      13.48269435       6.24122024
H       11.22770079      17.19294468       8.18545603
H       10.07931926      15.95050540      10.06803735
H        9.58222200      13.76975767      10.95240923
O        9.68589673       8.58196674      17.20396037
C        6.39934452       9.98848928       0.53022653
C        7.77969788       9.65189420       0.53897667
C        5.61244831       9.69303311      17.12603842
C        8.36319812       9.00182154      17.15418883
C        5.83335334      10.69922404       1.77309543
C        6.17382720       9.11030824      16.00077976
C        7.54662400       8.73960052      15.98696998
H        8.32581596      10.00249043       1.39593208
H        4.58816509       9.94238583      17.15471162
H        5.76093847       9.98417128       2.64583541
H        6.59202763      11.44480903       2.08818976
H        4.85015145      11.11189393       1.69324340
H        5.55804564       9.08803938      15.15235178
H        8.00373574       8.24436680      15.15391369
H        9.95032350       7.88727052      16.62712616
O        9.45868055       1.67064739      14.08402252
C       12.06066031      16.94085139      13.15906869
C       10.85408799      17.64199353      13.11344839
C       13.02530221      17.19483742      14.09678044
C       10.59934667       0.88519026      14.08282513
C       12.25758410      15.87378530      12.12365287
C       12.79893746       0.38168609      15.11065767
C       11.59163855       1.07837020      15.05624190
H       10.17614578      17.53290447      12.27202606
H       13.93976367      16.71675579      14.00612429
H       12.99804370      15.15272993      12.52760092
H       11.32861963      15.32223116      11.96693996
H       12.49341343      16.33927096      11.23184584
H       13.54323892       0.62004916      15.87330286
H       11.41360342       1.86626200      15.78087837
H        9.35020426       2.31942028      14.76338155
O       15.92296022       9.93906908       4.04518766
C       13.91621965       8.98359533       7.11773405
C       14.38925531       8.89178902       5.75283207
C       14.51186143      10.01632857       7.90347995
C       15.35888061       9.87143007       5.28241500
C       12.94672292       8.00303961       7.72047097
C       15.41707735      11.02081503       7.42523021
C       15.86407735      10.93404274       6.11430048
H       13.92883236       8.15328120       5.09854290
H       14.11320915      10.16427465       8.89810056
H       12.33353695       8.51694400       8.47070010
H       12.22826686       7.55719592       6.96995647
H       13.55923752       7.25786204       8.25185195
H       15.84890071      11.77281985       8.07309207
H       16.66364910      11.56580826       5.82184389
H       16.30835131      10.77354256       3.77064720
O       12.00622196       9.79580500       2.47793745
C        9.92207247       9.59856895       5.56819533
C       10.88285803      10.01833858       4.56200568
C        8.93737691       8.65617504       5.20740883
C       10.97788517       9.47098801       3.28662470
C       10.05735123      10.17890614       6.96440295
C        8.99727233       8.11808566       3.89869964
C        9.94658477       8.59618260       2.96946451
H       11.69833416      10.75238973       4.73749317
H        8.14569918       8.32730004       5.87910814
H       11.01709707      10.07452124       7.40577439
H        9.70053735      11.27619075       7.10550442
H        9.46360654       9.61349298       7.68732467
H        8.30702510       7.34207918       3.65014826
H        9.97795235       8.12133368       1.98487578
H       12.30439621       9.03277455       2.06686340
O        8.78490852       3.70556723      16.09406029
C        5.10674807       3.01984322      16.81692707
C        6.49911532       2.82351438      16.48664828
C        4.76829863       4.31925311      17.16808609
C        7.43461009       3.85775365      16.34796299
C        4.10001146       1.88967137      16.74046008
C        5.65867593       5.40163929      17.04361836
C        6.96068045       5.17108988      16.67370006
H        6.84035162       1.78708382      16.49901490
H        3.77464342       4.45500392      17.55110727
H        3.45044030       1.92649073      17.55062852
H        3.43626965       1.95913946      15.88151616
H        4.56615312       0.86354772      16.82432180
H        5.30866321       6.43731648      17.26023148
H        7.70582024       5.95343881      16.49209632
H        9.19666596       4.56792413      15.86284299
O        6.56596035      17.15984831       3.42843370
C        3.36170899      17.27775887       1.66853654
C        4.40729542      17.56020994       2.53499448
C        3.49294293      16.12766901       0.82757785
C        5.59446372      16.77332282       2.53817061
C        2.01094726       0.27496647       1.55863466
C        4.73148886      15.40427636       0.73543298
C        5.73513371      15.67435497       1.66916752
H        4.33955242       0.65866250       3.29089797
H        2.76313714      15.87373177       0.10731037
H        1.60894722       0.38293915       2.55608260
H        1.88181789       1.33290398       1.24993740
H        1.34435673      17.41067945       0.88981480
H        4.83051588      14.64531030       0.01061313
H        6.59963149      15.00503668       1.76916195
H        7.36801707      16.70205522       3.38466230
O        9.94448087       6.49966703      12.65289799
C        6.25429192       6.66190944      12.48324603
C        7.62671613       7.05816047      12.43875166
C        5.92313798       5.32074672      12.81856079
C        8.63649268       6.14723403      12.68450898
C        5.08296269       7.58311303      12.05455177
C        6.97396158       4.41156618      12.94468977
C        8.25780026       4.80811572      12.78337071
H        7.88329221       8.04258550      12.20880282
H        4.92619499       4.93551085      12.94560053
H        5.29037970       8.64768792      12.19312329
H        4.80112990       7.47378903      11.05166264
H        4.15810871       7.29851755      12.52958872
H        6.74360639       3.38278932      13.16168010
H        8.94685247       4.03733210      12.84117702
H       10.17928194       7.27762093      12.11136647
O       15.15904591       8.21412820       2.19275594
C       15.11673431       7.83850602      16.21588055
C       15.06121696       7.49575337      17.54560676
C       15.27572907       9.16591351      15.88942017
C       15.20500024       8.47926430       0.83662086
C       15.00934145       6.76907460      15.08475577
C       15.32031153      10.21184686      16.81141397
C       15.30526367       9.77956545       0.44619599
H       14.96754161       6.45689420       0.01484166
H       15.31392593       9.41075538      14.87117604
H       14.00656398       6.82475933      14.72611361
H       15.74867282       7.10178231      14.30975600
H       15.20134169       5.71976670      15.22181710
H       15.35184391      11.27635793      16.76521771
H       15.49367174      10.47967678       1.15811631
H       15.49714491       8.89558941       2.79623110
O        8.94017477      10.62979976      10.30503860
C        5.42682189      11.27421217       9.38028536
C        6.80852671      11.44243238       9.78659134
C        4.95914955      10.04750628       8.98087802
C        7.65739515      10.36360079       9.92415637
C        4.53222761      12.50579012       9.24672672
C        5.93945114       8.94856006       9.00947946
C        7.27189721       9.11073923       9.35157460
H        7.16321493      12.42282274      10.03796158
H        3.93401588       9.93372128       8.57103414
H        3.82852686      12.49927320      10.14769050
H        4.99552346      13.44644892       9.14012825
H        3.99723418      12.38244098       8.31991953
H        5.76131017       8.02148825       8.57752245
H        7.87436432       8.21416699       9.48757639
H        9.03347443      11.57727319      10.49335560
O        0.12410623      11.79456783       1.87309635
C        0.87741016      14.19587113      16.83050330
C        0.24850444      13.61100843       0.31326695
C        2.06812517      13.63350002      16.42118925
C        0.81873631      12.44919103       0.93826805
C        0.12191170      15.27295305      16.06851407
C        2.74920348      12.60101801      17.20555470
C        2.12531536      11.99503223       0.58651575
H       16.95645028      13.99092577       0.55162218
H        2.69793795      14.00241570      15.62471728
H       16.79466967      14.92934594      16.06215506
H        0.21086548      16.22925946      16.37482349
H        0.63393805      15.25556630      15.05595702
H        3.71449659      12.25086597      16.90142010
H        2.55974847      11.17272894       1.18444799
H       16.96389889      12.19140026       2.10172001
O        0.04990159      15.52403289      12.54166777
C       17.41631704      14.00711165       9.12279093
C        0.28684373      14.44960339      10.37185540
C       16.02789186      14.27997398       8.94419776
C       17.23944222      15.07428859      11.33629273
C        0.54837645      13.21887147       8.13114717
C       15.26450107      14.89611588       9.97714184
C       15.89637076      15.31504624      11.18695382
H        1.32278085      14.32126404      10.56453296
H       15.64356495      13.99292489       8.03552446
H        1.06504549      12.26944826       8.42884908
H       17.48081724      12.93389154       7.38268229
H        1.28423420      13.95188141       7.62814521
H       14.17464457      14.92864563       9.86575433
H       15.22809420      15.60731313      11.96477797
H       17.40650845      16.37288528      12.85837673
O       13.31403904      12.35606756       1.74789590
C       11.88492655      12.27630441      16.07870523
C       12.10101976      12.00761334      17.50661665
C       12.50640049      13.41515544      15.51403013
C       13.00123830      12.74276388       0.50222621
C       11.13384972      11.34506284      15.21854524
C       13.29565091      14.24933780      16.30253139
C       13.53419364      13.92018080      17.67198767
H       11.66973625      11.11714334       0.27880627
H       12.30817389      13.83521660      14.54150715
H       10.31952945      11.76450492      14.66388082
H       11.86309644      11.00996094      14.49888335
H       10.98553387      10.43066410      15.85249947
H       13.64318692      15.23038625      15.96871430
H       14.25993658      14.55099340       0.52865339
H       12.72941405      11.72579636       2.03208988
O       10.33158684       6.05224139      15.31442888
C       13.21118019       3.87957248      15.01546550
C       12.08099524       4.57318000      14.64229786
C       13.68020040       3.77904632      16.34439266
C       11.40082368       5.31904031      15.65442901
C       13.88203703       3.16344113      13.83884252
C       12.98705741       4.51501433      17.31585331
C       11.83902998       5.22068874      16.95591194
H       11.60252814       4.47773972      13.75112668
H       14.57659490       3.25046950      16.55500692
H       14.46820457       3.93353331      13.26838765
H       14.48868652       2.36705443      14.20362722
H       13.13232071       2.64223055      13.20124139
H       13.27371657       4.63952530       0.64330375
H       11.36925753       5.75056433       0.01210875
H       10.22782204       6.21310224      14.32775478
O        7.10753608      16.21312760       9.06927606
C        3.50479651      16.72156639       9.56262948
C        4.90696887      16.69736893       9.74201248
C        2.92688073      16.30792299       8.31427110
C        5.77166286      16.19596715       8.77125611
C        2.61665424      17.32531390      10.62333743
C        3.84232900      15.77036781       7.34616011
C        5.24180889      15.63220781       7.59551678
H        5.45688994      17.00979007      10.72875171
H        1.91060767      16.54300020       8.04606616
H        2.96735748       0.57820424      10.86941986
H        1.55915493      17.41674420      10.26955841
H        2.67686163      16.74895031      11.54212252
H        3.46781320      15.46230816       6.40407855
H        5.86031092      15.32986274       6.74942154
H        7.65441758      15.78215647       8.39517661
O       13.03429157       1.42234108       1.37365305
C        9.94453199      17.40229160       0.18763631
C       11.28995413      17.68174345       0.40457193
C        8.92800944       0.52322068       0.69165715
C       11.69953452       1.16203283       1.14504194
C        9.48025972      16.06028245      17.27721797
C        9.31587493       1.68938001       1.38335231
C       10.69511708       2.00493910       1.66721979
H       11.99764621      17.12898080      17.66072271
H        7.86035485       0.29335744       0.46022951
H        8.71875671      15.51250863       0.05756764
H        9.11973725      16.33722926      16.32385532
H       10.29026001      15.39642383      17.15262103
H        8.61516263       2.31625021       1.94245277
H       10.80419794       2.82936406       2.23622316
H       13.15437936       2.20191452       1.99083321
O        8.06242390      14.40582669       6.78019578
C        9.50306355      14.43983976       3.48083156
C        8.93763858      14.01905461       4.70221775
C        9.97665258      15.73009070       3.38680021
C        8.81976922      14.89517971       5.79005262
C        9.50823764      13.49654190       2.30809132
C        9.89718209      16.62129870       4.44956538
C        9.19167701      16.22377375       5.66729054
H        8.55289674      13.01665729       4.82410010
H       10.49661884      16.00843952       2.53341666
H        8.58861081      12.92758241       2.29787391
H        9.55741507      13.96156687       1.37157010
H       10.31202768      12.80020466       2.42478236
H       10.34471541      17.61397773       4.39441044
H        8.96570613      16.90937941       6.51419623
H        7.82882299      13.50772789       6.57142303
O        8.25884294      14.66080850      11.58236214
C        7.28514945      12.92116912      14.62719797
C        8.11961776      13.35072093      13.57606960
C        5.90024916      12.77649838      14.40752588
C        7.49466907      13.98200588      12.51865226
C        8.00005989      12.46130834      15.98981482
C        5.29535790      13.45668546      13.35266879
C        6.12652066      14.06965382      12.41677892
H        9.12530769      13.51593284      13.73016168
H        5.34200195      12.36305581      15.17309311
H        8.28933193      11.36632846      15.90342285
H        8.89291049      13.05943162      16.13385994
H        7.23937070      12.39362372      16.78000451
H        4.22397629      13.39938590      13.21339080
H        5.79293417      14.50340405      11.51831997
H        7.73955007      15.40778140      11.15220195
O        6.97785647       2.59820054      10.03581500
C       10.41918848       3.91525808       9.97584818
C        9.31177360       3.07586027      10.22505681
C       10.25242974       5.07431179       9.23212740
C        8.07350292       3.40616767       9.75640196
C       11.71964216       3.54364472      10.68617069
C        9.00829896       5.38168577       8.70374937
C        7.91173159       4.55463240       8.95313608
H        9.52094810       2.21646082      10.84850671
H       11.11176291       5.69712191       9.16564098
H       11.88689182       4.36414047      11.33513532
H       11.69461104       2.65052737      11.28158611
H       12.42580669       3.48996612       9.82640042
H        8.93154228       6.23812695       8.05129923
H        7.00264917       4.76277416       8.43026747
H        7.35696712       1.91999516      10.48996888
O       15.59764201       5.36826072       2.45367382
C        1.36311612       5.71094505       1.42570730
C        0.01939077       6.00634405       1.57502009
C        2.01951753       4.68386139       2.14891421
C       16.94339595       5.15933783       2.42338383
C        2.08729519       6.43427465       0.37051307
C        1.18250729       3.90589971       3.04078384
C       17.50921953       4.15885721       3.20944930
H       17.37734813       6.77372883       1.00893870
H        3.08604875       4.55757294       2.10064829
H        2.24208082       5.69109437      17.23370357
H        1.61902762       7.31215037       0.17579890
H        3.06439566       6.91471100       0.73131049
H        1.65040665       3.08811819       3.59564312
H       16.89147378       3.56255690       3.89482183
H       15.40509420       6.28159971       2.28581999
O       16.72934947       0.29547479      13.00751541
C       16.51234079       0.85430344      16.59063816
C       16.25595411       0.24095060      15.33181605
C       17.17211862       2.11651721      16.76064227
C       16.75377879       0.87920767      14.20612081
C       16.07333009       0.16056072       0.18094999
C       17.40939169       2.83198919      15.53698402
C       17.30348679       2.20866114      14.25935609
H       15.74773117      16.97702402      15.24827498
H       17.29221812       2.67146788      17.68955274
H       15.18569035      17.26247313      17.65106876
H       16.92373461      17.35376771       0.62580722
H       15.68770291       0.88646298       0.90911775
H       17.58219829       3.98491248      15.50161460
H       17.57488279       2.72089103      13.40450532
H       17.03407014       0.78045460      12.24666113
