512
Lattice="17.7128441229 0.0 0.0 0.0 17.7128441229 0.0 0.0 0.0 17.7128441229" Properties=species:S:1:pos:R:3 pbc="T T T"
O       12.40960907       4.42800235       3.39957528
C        9.96231206       4.39674776       6.11687153
C       10.66648132       4.11035376       4.93906781
C       10.56433368       5.37636338       7.02318861
C       11.83503264       4.77112686       4.58050664
C        8.78074047       3.66190435       6.54668587
C       11.69189330       6.16867378       6.58747077
C       12.32836122       5.79995666       5.35450439
H       10.23613908       3.49726725       4.16269580
H       10.11657077       5.59666314       7.99414688
H        8.81567576       2.62091470       6.21452345
H        8.56499890       3.73539758       7.62580560
H        7.95525718       4.02676141       6.00739793
H       11.97945022       6.95756099       7.15521413
H       13.13283693       6.34225886       5.06533645
H       13.25421281       4.91949532       3.26853795
O        5.94765676       3.21858807       3.38570741
C        8.37616380       6.02834522       2.88494742
C        7.81910058       4.69353672       2.85287629
C        7.62144964       7.05193324       3.63663518
C        6.58196971       4.48526250       3.50172760
C        9.68852935       6.35275055       2.35277933
C        6.36374228       6.84373035       4.19910523
C        5.82259517       5.51172119       4.09319539
H        8.34359054       3.86377693       2.36550877
H        8.04910605       8.00618303       3.87314939
H        9.48742787       7.24851320       1.64014042
H       10.36877136       6.50287247       3.16357783
H       10.03389959       5.54800572       1.70706277
H        5.78182781       7.57999974       4.66870175
H        4.84471544       5.31424477       4.53966071
H        6.19407368       2.62908105       2.72770824
O       16.18102685       1.41906197      11.20630380
C       14.74658635       2.92636540       8.22745515
C       15.64931689       2.65759123       9.19461109
C       13.48435598       2.39418010       8.24481145
C       15.32881445       1.77474796      10.22123771
C       15.26914863       3.86171249       7.13951115
C       13.10745776       1.50900212       9.24746538
C       14.01407091       1.26921901      10.30276293
H       16.54993265       3.08536533       8.96119909
H       12.73680598       2.60069959       7.48906452
H       14.84249210       3.66694801       6.11187048
H       14.96246278       4.81775195       7.46587712
H       16.32423084       3.93195164       7.11724500
H       12.08824354       1.08696092       9.17940685
H       13.73680747       0.61020726      11.17881169
H       17.00566110       1.93754979      11.11996983
O        3.49231829       1.79391922       9.70619616
C        2.29799551       2.57356791       6.24097308
C        2.32773192       2.20858457       7.59196848
C        3.54164992       2.92542796       5.64271863
C        3.49892539       2.19441829       8.37256071
C        0.96940945       2.64792903       5.41125251
C        4.67881134       3.10981862       6.43878069
C        4.65523535       2.68828117       7.77631610
H        1.37475208       1.99384294       8.00246170
H        3.66268427       3.29575778       4.63385591
H        0.11781344       2.57587131       6.13878845
H        0.98129304       3.50405690       4.74859006
H        1.00376716       1.75338149       4.74272650
H        5.58218040       3.48610917       5.99736839
H        5.50041560       2.81517443       8.33583783
H        4.35811520       1.80359114      10.05373479
O       12.16746062       8.77301627       9.81038769
C       14.73708676      10.07195126      12.13391734
C       13.48416696       9.83131573      11.52418884
C       15.87258754       9.66802816      11.42300188
C       13.38718877       9.11256240      10.30009396
C       14.94963618      10.68440298      13.47530995
C       15.79097675       8.99557622      10.16806278
C       14.57001448       8.73494964       9.59044774
H       12.55576765      10.00750908      12.12817241
H       16.86222885       9.79550417      11.72392963
H       15.19880906      11.73289329      13.43360359
H       13.95113274      10.70339414      14.09585049
H       15.71152256      10.13894960      14.01852895
H       16.73107949       8.63366199       9.70605234
H       14.62646421       8.15748150       8.66173877
H       11.53246990       8.75718590      10.51099584
O       15.33263704      13.64412065       3.37551869
C       15.99903029      16.60494590       5.46020112
C       15.94940277      15.22069769       5.10130149
C       15.38002970      17.57678237       4.71176932
C       15.26673079      14.88673364       3.89897446
C       16.81986992      17.04056409       6.64230473
C       14.63885395      17.19799840       3.54041091
C       14.59313538      15.86644500       3.14103730
H       16.52414039      14.43216084       5.52188905
H       15.45972203       0.81772193       5.01371883
H       16.51127294      16.49516069       7.50107475
H        0.17588888      16.80594622       6.57641050
H       16.70453515       0.29708073       7.03702340
H       14.11794820       0.23995761       3.04764455
H       13.83126550      15.60242670       2.45012356
H       14.51353719      13.51593699       2.89445088
O        3.18928338       9.18018703       0.73987419
C        2.86899867       5.67509062       2.04611887
C        3.24512431       6.76290367       1.22938203
C        2.01565367       5.94927515       3.17541513
C        2.78176989       8.09472129       1.51422342
C        3.28720144       4.28100882       1.72679214
C        1.42688023       7.23250220       3.40485133
C        1.89598887       8.32380277       2.61099538
H        3.69791551       6.47023585       0.35405065
H        1.81570192       5.16566869       3.85147581
H        4.30582852       4.15839952       1.55881218
H        3.17234255       3.72484597       2.58588650
H        2.77589185       3.91802830       0.83120062
H        0.96428236       7.49368988       4.36597768
H        1.44780807       9.29835978       2.87284613
H        3.04288035      10.04054180       1.12866095
O        2.21008109       8.08168395      11.24989829
C        3.68439949       9.26805690       8.05973740
C        2.99886025       9.24627982       9.28430553
C        3.98158225       8.04069025       7.44371895
C        2.77599022       8.08174727       9.96904625
C        4.02634358      10.54648752       7.41780907
C        3.74243590       6.86035115       8.18633299
C        3.03440300       6.81095302       9.45688534
H        2.77227277      10.15806149       9.82880962
H        4.53435034       7.90018977       6.53274818
H        4.03072963      11.33590804       8.17340489
H        5.04799139      10.76244290       7.03222099
H        3.29283050      10.71242216       6.67508189
H        4.15147056       5.99461756       7.72728605
H        2.95635315       5.88611741      10.05903401
H        1.84087618       7.26041008      11.58674205
O        1.12183671       2.34359858      11.22612767
C        0.40193717       5.48379978      13.13678066
C        0.20965491       4.18940169      12.47126353
C        1.75066619       5.96214986      13.35646773
C        1.33771716       3.56691419      11.91470787
C       16.98647952       6.27189346      13.63633568
C        2.84385277       5.13200855      12.90913339
C        2.64279400       4.00615550      12.15227913
H       16.98789539       3.78510032      12.25784760
H        1.95462406       6.91922203      13.87962263
H       17.33196084       6.92867612      14.35461752
H       16.52683049       6.88645063      12.84655121
H       16.25608154       5.68481860      14.11365797
H        3.86693171       5.39065678      13.05345337
H        3.47542711       3.48869164      11.62147548
H        1.78212179       2.01260433      10.69625202
O        6.86502996      17.66629193      12.24402843
C        4.36064416      15.78190460      14.14407846
C        4.96271043      16.45557566      13.06737555
C        5.06259655      15.46310531      15.35218358
C        6.28196907      16.91164722      13.22629494
C        2.98251690      15.10438714      13.76599283
C        6.41241196      15.83502223      15.44873289
C        7.00963704      16.65959323      14.44509827
H        4.38727722      16.57770009      12.11017036
H        4.48318205      14.81360759      16.02536723
H        2.20856078      15.80714972      13.80031858
H        3.06413306      14.85078879      12.71700130
H        2.61454029      14.21783082      14.31202037
H        6.86591434      15.55767317      16.36330365
H        8.04899962      16.93980337      14.49381603
H        7.80048003       0.25907181      12.39679086
O        3.30290171       8.51725592      15.96973232
C        6.68054789       7.39779662      16.04891915
C        5.46176842       7.99052745      16.45048246
C        6.82690411       7.07980996      14.71322707
C        4.49682928       8.19977279      15.52072560
C        7.91876737       7.38032973      16.91678193
C        5.87874574       7.33502470      13.75693934
C        4.69637259       7.90275575      14.13088503
H        5.28074867       8.20164221      17.47385030
H        7.74345813       6.75792370      14.35402658
H        8.41473565       8.31981665      17.03218264
H        7.70711599       7.00994155       0.16621424
H        8.56807911       6.74172869      16.39722492
H        6.03299430       7.10228290      12.75230508
H        3.80160927       8.06542021      13.44125778
H        3.21935139       8.70084158      16.94555722
O        8.73013116      14.23546360       9.55353292
C       11.20471766      15.71700456       7.38587661
C       10.52156802      14.80284918       8.24193130
C       10.74637714      17.04290243       7.30563353
C        9.37916353      15.23301951       8.91500198
C       12.51951558      15.25367004       6.70636910
C        9.56082900      17.39995150       7.97441339
C        8.90520295      16.55074388       8.81067694
H       10.82605474      13.74365380       8.32092842
H       11.28942957       0.09492574       6.63141597
H       13.37957955      16.00689159       6.74705677
H       12.82624089      14.38411518       7.19696339
H       12.35724360      14.98988218       5.69862780
H        9.13076839       0.65817671       7.98391389
H        7.99278887      16.83236999       9.38825776
H        8.21101287      14.63955940      10.19130331
O        8.48582376      12.50258095       0.07298980
C        6.10865619      11.56170927       2.67726402
C        6.99891527      11.42716179       1.59595354
C        5.73416720      12.87105594       3.20305890
C        7.50051121      12.58881709       1.04255174
C        5.52730184      10.34618485       3.31502739
C        6.25817193      14.02340186       2.56132112
C        7.17163319      13.89380270       1.47562121
H        7.29427700      10.44493450       1.18401284
H        5.05132951      12.94352683       4.08486305
H        5.94934622       9.47094518       2.89345564
H        5.78216635      10.30669630       4.36620626
H        4.43323303      10.36788431       3.26885557
H        6.01483440      15.05569308       2.88912349
H        7.48163863      14.74859386       0.94057765
H        8.59749802      11.64779377      17.42840030
O        9.11885097       1.28232243      13.32323173
C       11.53672532      16.26781305      12.70446171
C       10.38758371      17.06555583      12.67987885
C       12.59237750      16.67027706      13.57312812
C       10.34842937       0.59804380      13.32610070
C       11.67656506      15.12613453      11.74781297
C       12.52045450       0.10285134      14.34628085
C       11.40219345       0.97545483      14.17719864
H        9.52213098      16.76866711      12.09606023
H       13.54600607      16.26533747      13.65361882
H       11.84616390      15.42481987      10.68852084
H       12.33858667      14.29581346      12.11654923
H       10.76558556      14.56379141      11.69721683
H       13.29869186       0.43634875      14.97641783
H       11.30903574       1.78058106      14.83309908
H        9.22148865       2.16578971      13.72428160
O       14.89983483       8.15499468       3.76637083
C       17.31486008       7.80367133       6.65389436
C       16.25743121       7.57522773       5.75297353
C        0.16207118       9.14729247       6.64344504
C       15.79144883       8.50139693       4.76868481
C        0.02809590       6.72721104       7.57704573
C       17.26989213      10.11278372       5.79443408
C       16.29788025       9.82866593       4.80672675
H       15.84919190       6.64389080       5.60954509
H        0.89295038       9.41564141       7.37261802
H        0.16301463       7.17248104       8.56902115
H       16.97804646       5.98293860       7.74106229
H        0.89969387       6.20929552       7.17390969
H       17.63471745      11.09606314       5.81411908
H       15.92577708      10.63745041       4.19864175
H       14.78414731       8.90907009       3.18390298
O        9.58857689      12.75062463       3.43944505
C       11.81373649      10.78293306       5.76502921
C       11.06644961      11.87699079       5.19733885
C       11.97546857       9.59150219       4.96988025
C       10.35362682      11.77280359       4.00167389
C       12.40869029      10.95060615       7.09901579
C       11.38862130       9.57466337       3.66128245
C       10.57027330      10.60330065       3.21047934
H       10.93271483      12.73541786       5.76719422
H       12.59885068       8.73507321       5.28646935
H       11.62082493      10.80677871       7.81003598
H       13.27641590      10.28140053       7.25366050
H       12.80953396      11.96471104       7.16084061
H       11.57397099       8.65818126       3.03186492
H       10.22502953      10.48503549       2.23467702
H        9.23894634      12.57081402       2.59224368
O        8.98452827       3.68605123      14.50534493
C        5.32008562       2.84287966      15.04526255
C        6.60934800       2.98260069      14.41780578
C        5.21041963       3.37222276      16.35455127
C        7.74285770       3.55901042      15.08823920
C        4.18875344       2.15070481      14.41045139
C        6.28024081       4.04085563      16.99836986
C        7.57454360       4.05550139      16.38610736
H        6.68593513       2.55196835      13.49234666
H        4.14801073       3.41998996      16.79015751
H        3.20800023       2.69311875      14.40795230
H        4.30378590       1.90440043      13.30784670
H        4.25099000       1.16136509      14.84423863
H        5.98357793       4.63968573       0.13363720
H        8.40734138       4.61126745      16.83296926
H        9.52810639       4.28182277      14.91719213
O        6.19359835       1.15187733       1.41802396
C        3.12151531      17.46016584       2.89903896
C        4.34920198       0.39155184       2.84740157
C        2.45392238      17.16774640       1.70145630
C        5.02698855       0.48703952       1.57046398
C        2.53329932      16.97818846       4.23006705
C        3.07738768      17.33474777       0.46304852
C        4.47996246       0.01143953       0.37593271
H        4.79061622       0.80362232       3.71387046
H        1.47628035      16.68383961       1.85597826
H        1.51997978      17.34126867       4.36219633
H        2.46599249      15.87672148       4.30047706
H        3.10128286      17.25878899       5.13717417
H        2.63816490      16.96246954      17.22409950
H        4.89052634       0.06299720      17.06324001
H        6.48075595       1.07843626       0.48968203
O       10.17673370      11.25599363      15.60998706
C       10.15734850      10.92416424      11.83219744
C       10.37570979      11.52838918      13.13418266
C        9.45070377       9.72502622      11.66970601
C       10.02765416      10.77966197      14.28058773
C       10.53446640      11.62316364      10.63856111
C        9.08904493       8.99087011      12.81103426
C        9.51208785       9.50817400      14.07275609
H       10.84452607      12.49358251      13.25556184
H        9.15259815       9.30826755      10.72733378
H       10.05984190      12.56467625      10.42257077
H       11.54751485      11.79539905      10.69412186
H       10.22602229      10.99420082       9.71233326
H        8.54739263       8.04436403      12.72713314
H        9.44903239       8.85434761      14.94906151
H       10.54353398      12.16944782      15.72501444
O       14.09269737      10.34494373       2.41170014
C       14.27380328       8.67081476      16.83902523
C       13.70213004       9.26306534       0.27701598
C       15.67796726       8.74598769      16.62717485
C       14.54885591       9.89333121       1.24713513
C       13.38244686       7.85740450      15.84706409
C       16.48307379       9.34280531      17.58252472
C       15.91421827       9.91071719       1.02570056
H       12.71164513       9.08217253       0.57985951
H       16.07445673       8.35968431      15.70835410
H       12.39068828       8.38325285      15.75686706
H       13.65296814       7.91431745      14.81851684
H       13.32533532       6.86858426      16.19567254
H       17.55693657       9.29761079      17.41765659
H       16.52809101      10.44864215       1.84903609
H       13.21535685      10.71761236       2.24742918
O        8.54375130      12.72168353       7.35613324
C        6.89825727      10.15067243       9.55960779
C        7.28108444      11.45031997       8.97992377
C        7.04527399       8.99354876       8.77068110
C        8.01971299      11.46243661       7.79090381
C        6.16967914      10.04315484      10.89430517
C        7.52323585       9.02526392       7.48798306
C        8.10621712      10.23514191       7.05071983
H        7.03839652      12.36403542       9.56274315
H        6.67830018       8.05008743       9.11344508
H        6.14817925       8.97897244      11.13980722
H        6.72707652      10.59054783      11.69416129
H        5.10564759      10.32171880      10.68180253
H        7.50974430       8.11766255       6.82892080
H        8.61118358      10.20835960       6.10316791
H        8.60263089      13.28133665       8.12599047
O        0.09845070      12.39062602       2.90116281
C        1.04513163      12.70894659      17.09845468
C        0.23406482      12.56264363       0.54874059
C        2.44066761      12.84060947      17.20579763
C        0.84798118      12.52438610       1.79677971
C        0.32391064      12.74766685      15.71208927
C        3.06163553      12.79771074       0.70680658
C        2.26799909      12.70634063       1.89372922
H       16.81099960      12.43559749       0.47009150
H        3.16980537      12.80998156      16.33109349
H       17.16914925      12.19065583      15.75265733
H        0.19772492      13.81058523      15.33599088
H        0.91266155      12.21500812      15.00431216
H        4.17560060      12.84077547       0.63740197
H        2.71055188      12.78056003       2.87355199
H       17.00421665      12.84361796       2.83120842
O       15.78130292      14.46918509      12.62051812
C       15.47299708      13.19808251       9.27814482
C       15.86559008      13.25218257      10.61188942
C       15.01489080      14.27330476       8.59428932
C       15.47356077      14.37901368      11.29039149
C       15.82966162      11.94338494       8.46468522
C       14.56825645      15.45372714       9.27679683
C       14.85198532      15.42040049      10.62079652
H       16.31890491      12.45827075      11.16880320
H       15.01913049      14.18504102       7.48948337
H       16.54125349      11.44735490       9.10581511
H       14.97798673      11.34259453       8.20082219
H       16.38592066      12.20185886       7.57973301
H       14.15083737      16.26886773       8.72372025
H       14.60413209      16.32039969      11.07843745
H       16.18406628      15.31796362      12.75612915
O       12.44121017      13.50488540       2.20555412
C       11.17758528      13.85859212      16.46719188
C       11.26298120      13.91238511       0.17874195
C       12.23369538      13.35395664      15.77204131
C       12.42848976      13.50787005       0.83923169
C        9.93895144      14.47370812      15.81077273
C       13.48757729      13.11006795      16.41575127
C       13.57129345      13.14970468       0.13894349
H       10.28745439      14.09359709       0.68291994
H       12.21039067      13.30950256      14.65359374
H       10.13275136      14.98815725      14.85353095
H        9.12428603      13.73836589      15.56824564
H        9.48512125      15.25699691      16.47614993
H       14.25812453      12.58782310      15.87797088
H       14.49287681      12.77586195       0.59442660
H       11.57501409      13.64185682       2.59143881
O       11.10866821       4.95446410      16.55264518
C       12.97865499       5.07140234      13.43247747
C       11.99937925       5.45182191      14.37548985
C       14.04878716       4.15045760      13.69695363
C       12.07425182       4.82447715      15.65184226
C       12.96870219       5.74129391      12.12518487
C       14.05782300       3.62374129      14.95849414
C       13.15315856       3.95603491      15.91803400
H       11.25640998       6.13947455      14.15834517
H       14.64593789       3.79557463      12.84408066
H       13.43409439       6.69940425      12.18774206
H       13.51809598       5.24264734      11.37656843
H       11.85110156       5.69455075      11.92848537
H       14.96156039       2.99016837      15.15565556
H       13.27004453       3.39457494      16.82560487
H       11.33400509       4.55658116      17.40397238
O        5.37833589      15.37352896       8.95024990
C        1.83847058      15.46741308       9.59631404
C        3.17952914      15.80250661       9.67725550
C        1.32099652      14.55481830       8.60708007
C        4.04302394      15.18396531       8.80082175
C        0.87097619      16.02246158      10.62054995
C        2.29634451      13.91523268       7.79052047
C        3.60647172      14.25944204       7.82843267
H        3.74331596      16.43512424      10.38386967
H        0.31589905      14.18052486       8.65134096
H        1.28760666      16.86977537      11.18713350
H        0.11333774      16.57304460      10.04046732
H        0.37319609      15.35232452      11.31780304
H        1.96109710      13.11221985       7.12926886
H        4.37533168      13.77370612       7.22756052
H        5.85732969      15.34189687       8.18180839
O       10.68273565       3.12198050       1.73296973
C       12.40217249       0.34815230       0.12622115
C       12.20131581       1.53138321       0.87557271
C       11.31931269      17.50121043      17.09741736
C       10.89939065       2.06975950       0.93621743
C       13.72600205      17.28923384       0.20397519
C       10.00834745       0.39492402      17.16988380
C        9.80146693       1.52680143       0.22614491
H       13.05298501       1.95911039       1.38750823
H       11.48055809      16.64213342      16.46353373
H       14.47738387       0.12941523       0.81187194
H       13.55248425      16.21297082       0.27029809
H       14.01845891      17.32009283      16.88112781
H        9.11702936       0.11466188      16.49912883
H        8.85307406       1.98258367       0.07925712
H       11.39870049       3.41311483       2.30255449
O        6.78120370      14.73918967       6.47247663
C        8.56333222      16.82349866       4.01794397
C        8.08982900      15.69514281       4.74487609
C        8.03081088       0.35736514       4.37303727
C        7.03801936      15.80432441       5.69699212
C        9.57553801      16.61131733       2.85064827
C        6.95751270       0.47045679       5.29108995
C        6.42961964      17.04319160       5.89400561
H        8.45003982      14.63110061       4.57971887
H        8.31695043       1.28204222       3.88767015
H       10.51932609      16.07932791       3.07784132
H        9.09914665      15.96880125       2.21524023
H        9.79582658      17.48043747       2.35367320
H        6.63647412       1.43049157       5.59319701
H        5.70888927      17.10484194       6.69059287
H        7.31569200      13.95082557       6.31007182
O        6.03256385      14.03617687      11.18096918
C        5.16067253      11.64116747      13.87885151
C        5.90641106      12.55172310      13.12295054
C        3.90010413      11.23751562      13.36359631
C        5.34749486      13.06701279      11.91436582
C        5.68564461      11.14651704      15.18133738
C        3.38739471      11.80331962      12.21303860
C        4.09749498      12.64568936      11.43809739
H        6.99701191      12.82678538      13.37164585
H        3.28375245      10.56413591      13.95968926
H        5.94882742      10.15846171      15.03075957
H        6.64899503      11.54898066      15.35201780
H        5.03559138      11.18564037      16.00794754
H        2.40910842      11.58155534      11.83954829
H        3.66928993      13.18715291      10.62119449
H        5.63601977      14.51811241      10.38804485
O        5.92113489       2.33345908      10.99710623
C        9.18326297       3.79378188      10.35035653
C        8.20415623       2.79707924      10.47460303
C        8.80392599       5.17561267      10.21615415
C        6.88707939       3.19926787      10.75070758
C       10.64746355       3.39622277      10.06470140
C        7.51877431       5.55662717      10.49034641
C        6.57709835       4.59260948      10.75941920
H        8.51122897       1.78113057      10.74125327
H        9.50797637       5.96765515      10.08165298
H       10.66752669       2.95839568       9.04555538
H       11.24933850       4.28962488       9.98996064
H       11.17269640       2.75663305      10.84432882
H        7.27184605       6.66162982      10.50993803
H        5.60687858       5.00763037      10.97189640
H        6.24987775       1.52500824      11.43219412
O       14.51331104       5.79147183       2.42674621
C       17.18783089       4.39755559       0.39101063
C       16.26259806       5.30589196       0.99524883
C       17.39878186       3.10078530       1.02156739
C       15.49199535       4.86364977       2.02237791
C        0.41192427       4.81145181      16.97753771
C       16.64427872       2.67900433       2.17057523
C       15.70433426       3.58766361       2.64392414
H       16.04568641       6.24378966       0.44858393
H        0.46297465       2.42292588       0.61060004
H        1.31571092       5.22072064      17.49428372
H        0.70831088       4.04840455      16.25946243
H       17.67822255       5.66907393      16.50153775
H       16.86155546       1.76219002       2.66281722
H       15.13192924       3.28352563       3.52489684
H       14.83380441       6.66662990       2.60364418
O       16.51673676      17.03901183      12.80692577
C       17.25369105      16.80897201      16.38204666
C       16.61830576      16.52392377      15.14149006
C        0.18835343       0.22837442      16.65654176
C       16.86210711      17.40271547      14.06273847
C       17.17127209      15.76774349      17.47865397
C        0.47186536       1.08870083      15.56263375
C        0.02492592       0.79121241      14.22309523
H       16.09992571      15.58874823      14.84866799
H        0.61945103       0.47014548      17.62730855
H       16.74315027      16.18249162       0.63917245
H       16.55818832      14.88211809      17.16727583
H        0.48272409      15.38058774      17.67178290
H        1.11500143       1.89376182      15.83188865
H        0.30406511       1.53853357      13.50171275
H       16.23632542       0.04718952      12.26328408
