512
Lattice="17.7128441229 0.0 0.0 0.0 17.7128441229 0.0 0.0 0.0 17.7128441229" Properties=species:S:1:pos:R:3 pbc="T T T"
O       12.96288583       3.91535813       3.24614493
C       11.28480936       4.46880016       6.39195163
C       11.67050957       3.74449328       5.23888516
C       11.88310490       5.63990485       6.81248464
C       12.67646253       4.36780162       4.46713753
C       10.12691158       4.03785758       7.22945908
C       12.99660837       6.16923870       6.08749603
C       13.32729730       5.52322649       4.86913131
H       11.20895511       2.76352607       5.01034025
H       11.45551340       6.11739663       7.79209351
H        9.35366679       3.47085444       6.70190405
H       10.55285684       3.50612067       8.12353206
H        9.73523648       4.96260341       7.74328523
H       13.58971968       6.95192408       6.43688441
H       14.18967588       5.86851798       4.30703759
H       13.62094945       4.42269198       2.75374890
O        4.85326403       3.13924143       3.20923153
C        7.75428756       5.22352309       4.16132239
C        6.89829832       4.38652210       3.37946316
C        7.46629564       5.49467270       5.52222011
C        5.69704539       3.97026322       3.90997072
C        9.02806373       5.64622547       3.51753219
C        6.24333014       5.05363831       6.03883986
C        5.31693673       4.24819166       5.28256038
H        7.17158162       4.25446257       2.34838118
H        8.13452927       6.06745028       6.15052903
H        9.97743998       5.56783974       4.13484014
H        9.26827430       4.86339969       2.78998011
H        9.06273342       6.66271184       3.07014491
H        6.17070906       5.24912194       7.12106242
H        4.39378653       3.87586503       5.66069701
H        5.24775145       2.64482645       2.54516344
O       16.03616021       2.85050525      11.62698622
C       14.96575135       2.61475546       8.04732320
C       15.75935414       2.85102260       9.18447686
C       13.54987939       2.34676507       8.21984877
C       15.24046307       2.76527416      10.48762597
C       15.55972948       2.72881569       6.64186737
C       12.96558775       2.25663848       9.52101000
C       13.86792836       2.44387271      10.63123051
H       16.84018500       3.02722632       9.07631533
H       12.92001032       2.38338317       7.31614826
H       15.67099804       3.80020649       6.36599640
H       16.42135867       2.08675208       6.63505754
H       14.91925334       2.35470513       5.91601371
H       11.92777726       2.19777752       9.64185405
H       13.51993643       2.27369287      11.64130986
H       16.44409447       3.73030821      11.66470844
O        2.92766256       2.78581001       9.55567867
C        2.83762276       1.58138345       6.04547159
C        2.43364608       2.15117591       7.28486894
C        4.11607144       1.08034203       5.84211185
C        3.35794683       2.24994430       8.32022848
C        1.79827828       1.33729231       4.85317795
C        5.05652171       1.26636876       6.91471921
C        4.67252365       1.80973130       8.12137218
H        1.43128220       2.55570063       7.46717424
H        4.49049586       0.50345961       5.00475223
H        0.76014561       1.63298156       5.07200868
H        2.02948304       1.96653814       4.02290299
H        1.80217382       0.30718968       4.54891634
H        6.02377859       0.86649382       6.84047499
H        5.41824418       1.83592815       8.88494820
H        3.69532415       2.77893581      10.10858722
O       11.25560522       9.27498945      11.74481832
C       14.32276093       8.24499623       9.78620630
C       13.29613930       9.05308118      10.28582290
C       14.30632447       6.89578998      10.13917466
C       12.29198688       8.55466196      11.20895275
C       15.23526909       8.70925722       8.69468924
C       13.30496590       6.35014890      11.01313282
C       12.38025933       7.22865875      11.59947819
H       13.22271137      10.00447932       9.84182354
H       15.04732257       6.25871126       9.68695693
H       15.31596084       9.74509932       8.57841636
H       16.16946062       8.18498362       8.83427298
H       14.90385019       8.32711954       7.76006079
H       13.16778956       5.36560296      11.28655811
H       11.57389760       6.81347081      12.25765981
H       11.24589570      10.13979828      11.38994521
O       16.18859231      13.00142283       2.10558153
C       16.54598918      15.95802336       4.16421333
C       16.05620891      15.14575509       3.08872938
C        0.00168961      15.63462714       4.85218996
C       16.58736933      13.87967338       3.08245107
C       15.61199090      17.11171697       4.53601939
C        0.54713407      14.31160993       4.83540999
C       17.58090288      13.42852384       3.95541503
H       15.14568665      15.48601961       2.50737353
H        0.43593059      16.22993837       5.58835637
H       14.89011716      17.16096169       3.82288321
H       15.18270848      16.94429581       5.50721989
H       16.09192460       0.36799641       4.52629419
H        1.28814127      14.06625726       5.52290604
H        0.19112901      12.40976275       3.96635402
H       15.47212278      13.32100613       1.58620227
O        1.85739107       9.94368184       2.00776811
C        5.19045964       9.69644869       3.62238132
C        4.14002542       9.42179098       2.76382911
C        5.18566421      10.89340714       4.32300902
C        2.96969752      10.25769573       2.71948845
C        6.27503310       8.74471155       3.78328341
C        4.11554373      11.81588719       4.14708843
C        2.97412662      11.41701073       3.42060295
H        4.01778719       8.39925807       2.28903457
H        6.00997628      11.09956890       4.99066734
H        6.05760739       8.05823877       4.60219501
H        6.25614022       8.11584661       2.84554719
H        7.24007913       9.17085319       4.02973349
H        4.18836458      12.77076965       4.66741508
H        2.13514570      12.06524462       3.29716190
H        1.60756178      10.70270703       1.45385534
O        2.08378290       5.51432437       9.29700459
C        1.99082750       8.79265357       7.52105142
C        1.70019382       7.76834647       8.50661759
C        3.07972228       8.60080261       6.67212749
C        2.44169167       6.52696818       8.44390214
C        1.23841782      10.06621106       7.38523655
C        3.88940226       7.39877824       6.63223115
C        3.48867525       6.34135541       7.47070560
H        1.01273868       8.03885746       9.21803873
H        3.41493820       9.43888582       6.01711631
H        1.33960529      10.82238448       8.18873609
H        1.41770954      10.51796262       6.41668218
H        0.25324345       9.74577402       7.22727206
H        4.72057593       7.22494321       5.95993661
H        4.01462010       5.45212350       7.40155079
H        2.80619102       4.89921680       9.28755445
O        0.13996991       5.94631103      10.97262670
C       16.98089718       5.43287202      14.45467349
C       16.94921930       5.87050429      13.13236902
C        0.31684986       4.58191802      14.87786253
C        0.26446354       5.45271506      12.23015979
C       15.79172635       5.75734101      15.31366008
C        1.33332654       4.21308635      14.01048434
C        1.33010664       4.63854127      12.67674756
H       16.08105943       6.33100397      12.66567557
H        0.46228568       4.35545961      15.95237897
H       15.23051431       6.57149469      14.96785296
H       15.15643235       4.83106360      15.34146932
H       16.01750733       6.00852490      16.30736952
H        2.19774996       3.58938902      14.25066331
H        2.16385724       4.40804071      12.09892835
H        0.97885473       5.85242396      10.48888406
O        5.83961465       1.43258645      13.17800036
C        2.74298364       0.28683379      14.93257281
C        3.60051366       0.89093063      13.97690279
C        3.33353030      17.17521580      15.86802276
C        5.03338477       0.80249689      14.09630565
C        1.21753250       0.15543337      14.75657156
C        4.72554381      17.05114489      16.07945234
C        5.55301411       0.14329250      15.24055969
H        3.26380505       1.55904626      13.19112436
H        2.82581510      16.69445931      16.62738136
H        0.69612586       0.69208177      15.52943762
H        0.91199057       0.50727684      13.78553115
H        0.92604101      16.80212933      14.85916853
H        5.10300435      16.38451810      16.84931020
H        6.56982907      17.61755227      15.38143983
H        6.71769167       1.37580922      13.49637554
O        3.04314927      12.04544086      11.51463632
C        1.80534075       9.95550248      14.33829611
C        2.64891992      10.80371004      13.55105939
C        0.68102836       9.32907610      13.74014643
C        2.23411710      11.18681581      12.22017927
C        2.26378353       9.57454637      15.69230578
C        0.33970823       9.68046428      12.49152912
C        0.99688192      10.66264748      11.75579867
H        3.66072145      10.98534942      13.89122883
H        0.03419877       8.52796591      14.11937471
H        2.56560173      10.49179427      16.23453000
H        1.57260876       9.09985453      16.38404604
H        3.13740870       8.97290657      15.72178869
H       17.25265356       9.15887356      11.93087599
H        0.63876553      10.92920873      10.80735029
H        2.70547942      12.57558702      10.84129249
O        9.70288693      14.25177593       9.94975591
C       11.06759148      16.59586628       7.44093780
C       10.82943030      15.39398276       8.27466940
C       10.25692444       0.02651778       7.63121876
C        9.74455167      15.34198900       9.12278235
C       12.34897342      16.57077942       6.55927953
C        9.18714248      17.61218686       8.49409203
C        8.90288750      16.44526596       9.27719390
H       11.46793501      14.53155344       8.09085444
H       10.42414555       0.98256659       7.12810398
H       12.14141178      17.00715930       5.52400638
H       12.94796651      17.27331101       7.00996826
H       12.67977729      15.54492623       6.46623599
H        8.64190323       0.75463183       8.74359296
H        8.06957488      16.46655847      10.03115087
H        8.99352616      14.25696072      10.58111988
O       10.53155685       9.55623127       0.02602233
C        8.02295096      11.85753266       1.30282419
C        9.27606736      11.20020067       1.12862090
C        6.87212239      11.39161411       0.66775508
C        9.30608470      10.11068185       0.19656846
C        7.90341255      12.91682996       2.37483369
C        6.91676168      10.28049447      17.47531789
C        8.13423098       9.63963328      17.23277497
H       10.05515417      11.55547948       1.72281575
H        5.90689362      11.88389456       0.82776243
H        7.16570981      12.67438145       3.22333778
H        8.76869286      13.02291820       2.95579015
H        7.59125367      13.85669180       2.03046754
H        6.09409671      10.02146017      16.85152444
H        8.15162645       8.83560080      16.56843180
H       10.40854625       8.70374767      17.32191788
O        8.57069104       1.99995165      14.38020850
C       11.29636317      17.49623644      13.36750455
C       10.07962405       0.56037563      13.37647814
C       11.85680018      17.21151048      14.60924711
C        9.61074436       1.13013106      14.54011719
C       11.82823660      16.89865720      12.13205638
C       11.31256233      17.69587342      15.79812040
C       10.21876404       0.88536211      15.76141581
H        9.49628753       0.69247451      12.46597566
H       12.77595413      16.60425167      14.78649522
H       12.06681772      15.85186318      12.28952601
H       11.07921876      16.98986801      11.41419710
H       12.71744129      17.44592997      11.79554031
H       11.70807618      17.48166359      16.80668050
H        9.72943046       1.24874245      16.61469895
H        8.69495149       2.63715868      15.09702227
O       17.48276609       9.38962119       3.58005296
C        0.81213895       6.05168946       4.89705661
C        0.76253086       7.22650588       4.05849207
C       17.45683970       5.83392729       5.80505686
C       17.41829827       8.17794515       4.26133777
C        1.98262154       5.10204418       4.78528556
C       16.45532535       6.76464412       6.01714738
C       16.46498555       7.95557291       5.25684540
H        1.46484610       7.34187495       3.29665457
H       17.65553314       4.86285479       6.26255638
H        2.78222537       5.60749087       4.32407528
H        2.25570382       4.52543648       5.75593602
H        1.55669745       4.34868576       4.10795940
H       15.62577500       6.49190883       6.74612320
H       15.70801060       8.62328929       5.41257469
H        0.52809822       9.63255667       3.00484049
O       12.64764393      11.24677737       1.47727504
C       13.82764041      10.72583690       4.90085693
C       13.73375118      11.21318524       3.55114915
C       13.03903711       9.64591427       5.35185872
C       12.71946818      10.69321567       2.72092677
C       14.74148688      11.44190712       5.84445278
C       12.18004759       8.99158834       4.40326709
C       12.02311870       9.49289926       3.13110366
H       14.33825178      12.13263171       3.32660891
H       13.13614926       9.30857125       6.39104185
H       14.43969565      11.15127875       6.85914343
H       15.71214877      10.89386223       5.77355764
H       14.79586639      12.55707284       5.78658275
H       11.58799695       8.25429056       4.79047754
H       11.36453229       9.04121557       2.45193741
H       11.83785113      11.00591490       1.05531661
O        9.00269507       3.65541062      16.70002843
C        5.39116853       3.88639729      17.02042454
C        6.64659385       3.32194723      16.70970780
C        5.30030345       5.19537836      17.50904675
C        7.77602533       4.08828060      17.02833779
C        4.09714328       3.05121978      16.92916783
C        6.41342223       5.96217359       0.00223802
C        7.72782113       5.38445315      17.51567134
H        6.53910490       2.36892238      16.31398541
H        4.34833243       5.59467202       0.08457524
H        4.31799332       1.99674605      16.54838260
H        3.65204521       2.84719648       0.13575374
H        3.39852268       3.61555843      16.40061845
H        6.35084080       6.94913596       0.28866486
H        8.55829367       6.04329665      17.57822979
H        9.73468354       4.21359470      16.93365896
O        6.02493310       0.40857640       2.64291137
C        2.56080018      16.93132524       2.06665033
C        3.69810796       0.06236487       2.16416437
C        2.62986637      15.48999593       2.28392946
C        4.94234097      17.25113354       2.43833656
C        1.25308035      17.54748318       1.74822979
C        3.92103733      14.96547432       2.63407834
C        5.06999772      15.83089931       2.57354851
H        3.51827832       1.09418193       2.06123481
H        1.72260644      14.99538275       2.29257120
H        0.62374383      16.70359733       1.29592164
H        0.84064810       0.04385849       2.77982610
H        1.27658985       0.56311897       0.97015958
H        4.00430435      13.91083085       2.82426031
H        6.04807200      15.41375304       2.74909167
H        6.87388039      17.67744969       2.82441362
O        9.50823071       8.47651513      13.90600680
C        6.10106706       8.24723204      12.61368952
C        7.41055010       8.61342957      12.67192038
C        5.69650540       7.10183550      13.36028282
C        8.28079375       8.00042985      13.60432702
C        5.11933441       8.79747388      11.61863680
C        6.58018039       6.39621735      14.26483939
C        7.90002806       6.81034134      14.30001179
H        7.72261908       9.46153793      12.06054981
H        4.72495743       6.67807289      13.31176902
H        5.26016258       9.83483893      11.40386632
H        5.15406323       8.27537192      10.68481916
H        4.11773332       8.53173934      11.80854240
H        6.32679117       5.57276839      14.93387038
H        8.65450081       6.32734996      14.89661749
H        9.70102011       9.13528429      13.24553912
O       14.89344943       8.19715014       1.29507605
C       14.27796592       9.24954336      15.44521979
C       14.18119389       8.50802670      16.69083231
C       15.37427157      10.04729223      15.28097336
C       15.13163399       8.68918406       0.03742995
C       13.30143045       8.98921626      14.37894131
C       16.26574710      10.29788705      16.33171655
C       16.23269514       9.56310887      17.55172785
H       13.33162700       7.95279973      16.90608055
H       15.51362552      10.50214643      14.28173682
H       13.06098317       9.93655537      13.96449417
H       13.56560861       8.29546158      13.60923484
H       12.39854920       8.51618974      14.73887858
H       17.06703317      11.00976382      16.19225224
H       16.96311531       9.68719686       0.58311251
H       15.46741042       8.71554779       1.91215954
O       10.41943103      11.49201452       9.90967298
C        7.51191842      10.04749185       8.24250079
C        8.28126584      10.71157434       9.18473425
C        8.12567947       9.36207410       7.14410370
C        9.68555181      10.80660770       9.04057270
C        5.98381726      10.05458328       8.45213967
C        9.49507949       9.48124699       6.93092218
C       10.31708295      10.11373609       7.89627876
H        7.76354788      11.22185753       9.96123571
H        7.40530172       8.89333677       6.49145838
H        5.81030867      10.73897255       9.32253055
H        5.47811373      10.44265796       7.63358334
H        5.62091529       9.05750817       8.65767756
H        9.95177998       9.09031866       6.06511511
H       11.41727708      10.14408635       7.70713789
H       10.25833927      12.43399702       9.80179889
O        0.89963108      11.95333628       0.71913093
C        1.27551072      13.73581458      15.26742068
C        0.70838656      13.07407631      16.36409205
C        2.67289643      13.85824811      15.13913351
C        1.53526362      12.59853152      17.36965291
C        0.40277749      14.03399525      14.05364719
C        3.47201933      13.38279037      16.18247688
C        2.94720644      12.74535399      17.27317046
H       17.37766486      12.87532578      16.30924155
H        3.11908609      14.31645739      14.26919151
H       17.54929167      13.10807185      13.97338585
H       17.36814410      14.88027103      14.20915029
H        0.90611462      14.17471062      13.11843383
H        4.51667003      13.66315344      16.05275598
H        3.62713046      12.32999149       0.36285971
H        0.02896857      12.26287525       1.02172798
O       15.98622218      15.75399643      12.06319595
C       16.45078183      13.96554524       8.89977716
C       16.40124333      14.30443280      10.31067589
C       15.75228306      14.80644869       8.02003922
C       15.79877594      15.53385816      10.72300930
C       17.34867626      12.90744204       8.33414655
C       15.16743317      16.02731171       8.42929683
C       15.14201605      16.32889632       9.78715168
H       17.01476907      13.75124950      10.97043504
H       15.77297038      14.50864367       6.96390252
H       17.04385641      12.53170877       7.37986426
H        0.65451109      13.25041892       8.41000705
H       17.44514418      12.09411457       8.94540209
H       14.65504765      16.66891986       7.74070611
H       14.65720348      17.23698405      10.16349836
H       15.96518480      16.65915356      12.36975689
O       14.30785024      12.45414421      17.64176967
C       12.05358820      12.45974130      14.73661586
C       12.64584705      12.14263030      16.01123238
C       12.65600511      13.41635889      13.88779270
C       13.85782453      12.70275667      16.37035905
C       10.77293032      11.71464952      14.36807043
C       13.83877523      13.89396993      14.29832630
C       14.52447122      13.47523914      15.41098506
H       12.13242618      11.54073277      16.72840003
H       12.24635368      13.78520929      12.93841074
H       11.06826432      10.83731318      13.86603194
H       10.20265881      11.57903012      15.33247477
H       10.16305358      12.32065127      13.71520675
H       14.32744626      14.68093039      13.79684754
H       15.49504457      13.85746293      15.66299471
H       13.79396571      11.80666928       0.31662769
O       10.51620029       7.37382236      16.46069366
C       12.02021556       4.23685994      15.27741271
C       11.49143003       5.53509255      15.23087133
C       12.19152768       3.64873767      16.51820684
C       11.15065506       6.19487294      16.45019467
C       12.23714966       3.51827778      14.05102395
C       11.92244230       4.33035900       0.05122137
C       11.39939029       5.60924933      17.68846458
H       11.29162170       5.93616551      14.27065355
H       12.61387560       2.60642224      16.60185923
H       11.25749926       3.30474726      13.58744293
H       12.82895668       4.07081597      13.29371805
H       12.76740600       2.63448446      14.21854466
H       11.95357056       3.78030067       0.95209905
H       11.16718999       6.08092340       0.92824033
H       10.22610666       7.65016022      15.54088436
O        4.58746901      13.41845661       9.18075256
C        2.11515906      16.04916478      10.14826591
C        2.97027672      14.89623228      10.22288474
C        1.88524201      16.68296990       8.91256870
C        3.70406533      14.46127285       9.07656950
C        1.53390669      16.56147382      11.38113656
C        2.63400489      16.18044642       7.78910655
C        3.41644257      15.05745373       7.86521013
H        3.18209585      14.41559227      11.19327241
H        1.34083370      17.63429431       8.85024784
H        1.84078633      16.04059280      12.24735044
H        1.71871221      17.58903968      11.63073134
H        0.43035273      16.45013331      11.47430646
H        2.55671587      16.63161335       6.82130000
H        4.05672223      14.78314432       6.94250099
H        4.95000417      13.24709897       8.32521972
O       13.14699096       1.27017100       3.55176062
C       11.39080437      16.19944321       2.05430758
C       12.33812570      16.86870209       2.76188982
C       10.22340678      16.90036352       1.61954340
C       12.20761939       0.56825223       2.96522085
C       11.59623003      14.68453873       1.82000875
C       10.10039459       0.56980197       1.79042506
C       11.11961892       1.29986816       2.44861489
H       13.23582913      16.24163148       3.09160010
H        9.53554037      16.36178382       1.00464534
H       11.05097109      14.42303961       0.87387263
H       12.63110856      14.49804888       1.67711525
H       11.13010648      14.11384967       2.62005388
H        9.21906678       1.14127907       1.39865738
H       11.05198335       2.33934262       2.61509037
H       13.05619077       2.28592568       3.58084766
O        5.98812709      13.27058273       7.04166767
C        9.24989764      14.09065136       5.55144315
C        8.19928698      13.40303722       6.19151363
C        8.93818715      15.41166502       4.97844456
C        6.89535690      14.01205539       6.35453332
C       10.64151484      13.43062299       5.53874830
C        7.67556888      15.99429694       5.22891986
C        6.66686567      15.29336055       5.84839667
H        8.33462724      12.39908979       6.49456785
H        9.71681236      15.96692296       4.37928817
H       10.82361558      12.74049477       6.32435611
H       10.78993129      12.98904555       4.54346615
H       11.39161586      14.24685176       5.68276910
H        7.51353254      17.02350549       4.97984620
H        5.69294225      15.71740937       6.10665688
H        6.28324605      12.44652675       7.28764272
O        7.33701960      13.73550523      10.81851401
C        8.21163762      14.22540285      14.44474774
C        8.13984551      14.42819807      13.03343765
C        7.24253022      13.35451075      15.00267594
C        7.28942355      13.64507068      12.18249238
C        9.09559844      15.13624555      15.31679857
C        6.28526366      12.73089258      14.17994701
C        6.26144092      12.96279275      12.78685312
H        8.82206872      15.13056437      12.57555841
H        7.27063503      13.06631889      16.02975614
H        8.93952554      16.19335479      14.98146565
H        8.85234609      15.04284220      16.29517932
H       10.09286492      14.86278930      15.17397787
H        5.67344434      11.95130556      14.66091923
H        5.56710735      12.39554902      12.12913738
H        6.51320940      13.50780678      10.44804916
O        5.02900299       3.59841401      11.07826269
C        8.48153630       4.87140102      11.12725213
C        7.41993988       4.00418643      11.38052434
C        8.31663246       6.08256838      10.47830262
C        6.15652454       4.39031383      10.92436383
C        9.87995107       4.35599751      11.44567434
C        7.09402235       6.44212661       9.97243521
C        5.97644710       5.64483723      10.25023372
H        7.60725667       3.07402733      11.86698359
H        9.07235210       6.77266387      10.21278379
H       10.29856212       4.96266747      12.17685248
H        9.90373143       3.38918441      11.79386547
H       10.49100932       4.48724554      10.54824240
H        7.00839139       7.42890052       9.45439672
H        5.00339647       5.94200023       9.91263462
H        5.08025529       2.96485728      11.78677366
O       14.58782579       5.69293624       2.09382958
C        0.43652488       5.27670853       0.88589322
C       16.96463665       5.89877940       1.42406094
C        0.49437820       3.89668582       0.81039873
C       15.82205421       5.08562472       1.76768140
C        1.60865744       6.10372398       0.41636728
C       17.15198179       3.07417171       1.30427436
C       15.94714606       3.67127158       1.72065278
H       16.98243239       6.93846383       1.41649072
H        1.38585134       3.48504235       0.40178587
H        1.81398860       7.00705434       1.00378243
H        2.53201899       5.59578884       0.50908626
H        1.53453514       6.46129539      17.16071724
H       17.32376348       2.00024045       1.35967257
H       15.15664565       3.00815582       1.93966576
H       14.68763443       6.57393787       1.78180213
O       15.86678568       0.38510691      13.00346232
C       15.24723269      17.50031226      16.63993528
C       15.30338145      17.21214838      15.26010505
C       15.39417007       1.10572425      17.13128977
C       15.68682822       0.54759112      14.33129455
C       14.73640776      16.44588409      17.60447584
C       15.71813459       2.11634189      16.20534696
C       15.82110033       1.82761008      14.77620068
H       15.20203790      16.19157412      14.90476006
H       15.12519854       1.38742850       0.44062330
H       15.34145975      16.70991169       0.80546315
H       13.65268745      16.58331339       0.00167307
H       14.95876256      15.37382837      17.39394703
H       15.70208524       3.17819607      16.42846576
H       16.14139077       2.55689238      14.06729094
H       16.07580078       1.15655387      12.56099223
