512
Lattice="17.7128441229 0.0 0.0 0.0 17.7128441229 0.0 0.0 0.0 17.7128441229" Properties=species:S:1:pos:R:3 pbc="T T T"
O       12.81448519       3.74680216       3.33575063
C       10.39595557       3.10841487       5.97334174
C       11.00640245       3.09891288       4.76444711
C       10.92722823       3.81944740       7.06172984
C       12.12558515       3.89143936       4.50280705
C        9.07278696       2.41778644       6.12279034
C       12.06733663       4.56271187       6.78693182
C       12.58163865       4.62475090       5.50421750
H       10.62407136       2.44793765       3.93493954
H       10.44982251       3.78762861       7.95710329
H        8.60557773       2.33564134       5.15576119
H        9.22967941       1.48997102       6.58379628
H        8.54368746       3.12164139       6.75657771
H       12.56818573       5.14320122       7.53415179
H       13.41259581       5.24062325       5.44441111
H       13.50250832       4.37330075       3.18094929
O        4.93466401       4.19411114       3.03639888
C        8.30434101       5.77750725       3.22607280
C        7.17558400       5.11537485       2.59372289
C        8.41613863       5.73069523       4.59160394
C        6.13600002       4.60881051       3.47286214
C        9.37274026       6.44593882       2.32858107
C        7.45488645       5.15834252       5.43117700
C        6.29899445       4.61704750       4.85515024
H        6.96003632       5.02916271       1.50779989
H        9.30432051       6.12708383       4.99022477
H       10.41399397       6.38962752       2.63827334
H        9.51472793       6.12142966       1.30726158
H        9.14444431       7.50936546       2.26222734
H        7.47117099       5.39138874       6.48733086
H        5.55442079       4.19436880       5.46790665
H        4.81044400       4.23933711       2.13190329
O       17.02465439       1.33019984      11.51871746
C       15.15061980       2.78555080       8.63482163
C       16.19161207       2.51025552       9.58224537
C       13.86552550       2.31168434       8.87836868
C       15.89819374       1.64666826      10.72284281
C       15.61860663       3.32441161       7.24998785
C       13.66337471       1.46846982      10.05151339
C       14.61745504       1.17937391      10.99408177
H       17.28744552       2.70939011       9.40315575
H       13.09240760       2.43214453       8.11986503
H       16.53500132       3.82616283       7.32313017
H       15.79884580       2.48641469       6.56737082
H       14.88681425       4.01739804       6.78056418
H       12.70949214       1.08416266      10.27422925
H       14.45103503       0.50615790      11.86860360
H       17.69674774       2.04089848      11.44434546
O        4.05645422       1.86378673       9.88146499
C        3.55412291       2.06892836       6.34599141
C        3.25713806       2.04133790       7.70559917
C        4.82632347       1.77613669       5.89671792
C        4.28285918       1.75430120       8.61357581
C        2.49088934       2.41119644       5.34861071
C        5.86131685       1.39013372       6.76471275
C        5.56327785       1.35770918       8.18048673
H        2.25289661       2.26961915       8.09169609
H        5.15480742       1.68463567       4.86929961
H        1.89622781       3.22409351       5.72154787
H        2.97123055       2.85621417       4.54547092
H        1.88622713       1.63707194       4.87071943
H        6.85057311       1.06181925       6.38863677
H        6.36528939       1.03119311       8.86389837
H        4.82684821       1.76249115      10.36270390
O       12.35778744       7.14319675       9.85553791
C       15.24412776       8.72190701      11.60643182
C       13.95617324       8.51465643      11.02771209
C       16.19195743       7.62848428      11.57561399
C       13.61756718       7.21770001      10.44796060
C       15.51087268      10.08804896      12.19494974
C       15.84048283       6.38126356      10.98464133
C       14.51679491       6.12543292      10.50019366
H       13.15865994       9.23472532      10.92526375
H       17.09620560       7.76477350      12.03428859
H       16.58472647      10.20250286      12.29039775
H       14.97281529      10.84071435      11.54116221
H       15.12728785      10.15777930      13.19834114
H       16.60669951       5.59706966      11.03654045
H       14.35193645       5.15850791      10.04457348
H       11.93622449       7.96252736       9.88113654
O       15.69957907      13.96402121       2.67933632
C       14.64184057      16.72924934       4.81839952
C       14.88064288      15.96846810       3.68207154
C       15.33265192      16.46291552       6.04839663
C       15.73001977      14.83082288       3.70946732
C       13.83275091       0.32178909       4.67355099
C       16.23061829      15.33786276       6.09822313
C       16.35672628      14.47844052       4.90670740
H       14.40437505      16.20371468       2.72025304
H       15.02108232      16.98854987       6.95733520
H       13.55851139       0.95135438       5.61816102
H       14.11900009       1.00487816       3.92401578
H       12.86600790       0.02905427       4.28466504
H       16.66864858      15.06814758       7.06087980
H       16.85778058      13.48903536       4.90726011
H       14.81035993      13.84972361       2.31399924
O        1.59708946      10.41581623       2.25658834
C        4.64828139       9.19122216       3.92616835
C        3.50238578       9.26019201       3.12105512
C        5.09048326      10.32188935       4.62124423
C        2.73599109      10.43101316       3.07293157
C        5.45992176       7.92284825       4.03745058
C        4.30003873      11.51084127       4.56201871
C        3.12161703      11.55079608       3.77429673
H        3.07852390       8.28470571       2.75631626
H        5.93551177      10.30290637       5.32234844
H        6.52302847       8.01916589       3.72683408
H        5.55199003       7.77638773       5.08328774
H        4.92472606       7.05473302       3.55988031
H        4.55353193      12.27327444       5.29477408
H        2.51434382      12.42181250       3.89600368
H        1.31310074      11.36338191       2.08168936
O        1.20597079       6.43663117      10.91140527
C        2.78339465       7.94187798       7.90333845
C        2.00060923       7.69653716       9.11011464
C        3.67083793       6.89270598       7.54450744
C        2.08225709       6.50525742       9.85062071
C        2.67569519       9.28315901       7.16159744
C        3.87567034       5.77874533       8.30974180
C        3.02582574       5.53678417       9.42662011
H        1.26789432       8.49106516       9.26857622
H        4.23019299       7.07229277       6.69879938
H        3.56537641       9.29331807       6.56629519
H        1.73689225       9.07616120       6.66741910
H        2.60046573      10.11314183       7.80540408
H        4.44259751       4.94608922       7.92322961
H        3.09833428       4.60152938       9.89133428
H        1.54299050       5.78196886      11.55954776
O        1.56205182       2.75820654      11.11465394
C        0.89529402       5.06688191      13.88654124
C        0.69907969       4.13524340      12.85280791
C        2.19169100       5.46681868      14.29296560
C        1.83048956       3.55232478      12.20988638
C       17.36090882       5.55925664      14.59048462
C        3.28561076       5.04750670      13.58446576
C        3.14118791       4.03895918      12.63041281
H       17.43151606       3.74785979      12.67548230
H        2.44147536       6.12457055      15.08336200
H       16.79482217       4.63505509      14.67135258
H       17.56549080       6.02230090      15.56055287
H       16.71987938       6.34957369      14.09149743
H        4.30302521       5.33349491      13.86728845
H        4.05960197       3.57417585      12.27681480
H        2.30360022       2.33208297      10.60982022
O        6.79266245       0.17015028      12.63364987
C        3.40822140      16.79179479      13.03904693
C        4.51834387      17.33312085      12.46760749
C        3.23832617      16.63051266      14.37162248
C        5.67918229      17.50125328      13.26169535
C        2.27637874      16.50288624      12.10064457
C        4.34993222      16.90342767      15.19348469
C        5.59662926      17.25115988      14.59650167
H        4.41093884      17.51670444      11.39966495
H        2.36990444      16.25103883      14.83597812
H        1.36856473      16.33123882      12.65288808
H        2.01805953      17.28586684      11.40887937
H        2.52413399      15.58395935      11.61978466
H        4.31988036      16.63858987      16.29122670
H        6.53425327      17.28725045      15.23640225
H        7.48272559       0.49863134      13.25943907
O       17.21835804      10.25625747      15.28759715
C        2.67402931       8.68614263      16.23433893
C        1.30134066       9.13707654      16.31758516
C        3.36151377       8.60879171      14.98909708
C        0.67657121       9.68463041      15.11693683
C        3.55013010       8.22546994      17.40549754
C        2.71000350       9.10719345      13.85133632
C        1.45290462       9.59593756      13.92319028
H        0.85739305       9.10290607      17.34968182
H        4.29750754       8.23330323      14.87076024
H        3.17233880       7.42567869       0.19253683
H        4.62227032       8.21132915      17.18466260
H        3.22414685       9.06950340       0.33382536
H        3.19299033       9.02352590      12.92850688
H        1.00293423       9.91694362      13.06686986
H       16.78419727      10.11501668      16.07311562
O        7.88659125      14.21247061       9.29807815
C       10.71098733      16.57056541       8.30913186
C        9.90527627      15.39616557       8.43940664
C       10.30451703       0.01084809       8.89686094
C        8.66168492      15.34837934       9.12295128
C       11.91383575      16.48995696       7.39689368
C        8.99883124       0.08519001       9.41235491
C        8.19793371      16.62806482       9.63840139
H       10.12589419      14.40549329       7.96751492
H       10.80938288       0.99669079       8.77745954
H       12.87680106      16.53458342       7.93292261
H       11.91974334      15.72227810       6.61012590
H       11.87313781      17.42363696       6.79388852
H        8.67874833       1.06292132       9.64810601
H        7.27600252      16.72107572      10.19374622
H        7.19450028      14.30809019      10.00059703
O       10.22309700       8.84981411      17.35706642
C        7.70678195      10.80441234       1.32019442
C        8.90821610      10.10636432       1.12743993
C        6.61321880      10.80360576       0.44262627
C        9.04278128       9.36474448      17.62634359
C        7.74796257      11.70167108       2.65244007
C        6.74280549      10.05153970      16.92369619
C        7.98681154       9.47202084      16.66900526
H        9.62935533      10.04377503       1.91372268
H        5.75085627      11.35070043       0.76398042
H        6.74994274      11.96471970       3.06384951
H        8.21458768      11.08043968       3.43905920
H        8.19088919      12.63456705       2.50169453
H        5.90276181      10.03694237      16.16114086
H        8.12273424       8.95515467      15.71719776
H       10.40608473       9.03937224      16.41568761
O        8.84780415       1.81919898      14.04785949
C       11.51032708      17.10024384      13.05743160
C       10.28694130       0.13986369      13.03564705
C       12.52285449      17.49308156      13.95132381
C       10.09206363       1.13772990      13.97640051
C       11.71958044      16.02525385      11.96685211
C       12.33391548       0.84843008      14.86908709
C       11.11560886       1.54583510      14.86400693
H        9.43201936      17.67702441      12.33669328
H       13.52409959      17.02820601      13.93223029
H       12.06267451      16.55308208      11.09556447
H       12.43783823      15.25283814      12.29440861
H       10.80581193      15.41410355      11.75736130
H       13.07409402       1.22831822      15.63486423
H       10.95737893       2.40369133      15.49322672
H        8.84794403       2.74271508      14.40778814
O       16.13563081      10.30239039       3.99858040
C       16.94892348       7.36945430       6.02634613
C       17.00000157       8.32652690       4.97625008
C       16.31940094       7.69162972       7.21933542
C       16.15151027       9.44896802       5.06502714
C        0.00227584       6.09383029       5.68595043
C       15.54906988       8.84062226       7.35512527
C       15.37661448       9.69650521       6.23755641
H       17.66852030       8.11193415       4.11439989
H       16.43825468       7.11297655       8.08388276
H       17.00959736       5.34491557       5.47675847
H        0.53586709       6.22924376       4.73289440
H        0.57331762       5.89396653       6.60020784
H       14.97273370       9.01684389       8.22204775
H       14.76472155      10.58345615       6.25250500
H       16.96046861      10.63533553       3.73993400
O       12.28103844      10.86931185       2.14768925
C       12.27399681      10.95129358       5.88464326
C       12.28024748      11.36605117       4.51746409
C       12.00279591       9.57003974       6.18049156
C       12.08082706      10.49435668       3.45813279
C       12.44044690      11.95456662       6.96009802
C       11.78500127       8.68386526       5.08313639
C       11.88859203       9.13993900       3.78365690
H       12.33335022      12.41517331       4.33668245
H       11.95921243       9.20385031       7.20411183
H       12.62184751      12.99560062       6.68067681
H       11.38780492      12.02628981       7.35807924
H       13.02177499      11.73503681       7.84516027
H       11.61222738       7.59358907       5.34058216
H       11.80214970       8.42823678       2.92064770
H       12.57417556      10.27078231       1.48944781
O        8.63248123       4.62337987      14.85657621
C        5.36885623       3.43600457      16.11990600
C        6.55981235       3.44128952      15.38032616
C        5.01817423       4.48119324      16.99132273
C        7.45516879       4.55631523      15.56981120
C        4.43522697       2.36486249      16.01333677
C        5.88065198       5.60618349      17.08477674
C        7.09321429       5.61132332      16.39377064
H        6.85249573       2.71034494      14.74129930
H        4.08882826       4.49961163      17.50409148
H        3.40481528       2.62675675      16.37988593
H        4.39095380       2.11030939      14.95536829
H        4.68297400       1.46747041      16.57347209
H        5.65458267       6.39757623       0.08507455
H        7.68957225       6.51229338      16.58293559
H        9.28074701       5.11128777      15.35640592
O        6.34701230       1.44547465       1.72703041
C        3.22474868      17.24325560       1.45355453
C        4.15390137       0.56679441       1.64718969
C        3.70446545      15.92644987       1.25746821
C        5.51265146       0.34377272       1.62935422
C        1.77148902      17.48661247       1.50438718
C        5.13811400      15.73139873       1.22399478
C        6.07697138      16.76422317       1.34955467
H        3.79057346       1.55549688       1.77470682
H        3.07836362      15.08904745       1.18618818
H        1.15303081      16.57924518       1.58840058
H        1.51399423       0.41601676       2.33505686
H        1.55101821       0.11400592       0.45260922
H        5.33370572      14.71803457       1.18981239
H        7.12549083      16.61108860       1.15601114
H        7.24776722       1.31894492       1.37978667
O       11.72896457       9.56706314      15.34664769
C       10.52820540      10.97976673      12.11892447
C       11.06510576      10.96377254      13.47006001
C        9.83628410       9.89283433      11.57512341
C       11.13170489       9.71394896      14.11247553
C       10.76970212      12.27782705      11.29267046
C        9.81471687       8.67798508      12.25828005
C       10.54581767       8.57308732      13.46976857
H       11.67037093      11.76093896      13.83743370
H        9.37413702      10.00520061      10.57747428
H        9.95555519      12.93096507      11.23742413
H       11.54594766      12.87593296      11.71718276
H       11.09258823      12.12584654      10.30781718
H        9.28725234       7.85906254      11.84341916
H       10.53715223       7.70164751      14.00432296
H       12.10143758      10.30225204      15.82277107
O       15.05787857       8.27640129       2.31118964
C       14.59821088       8.69575680      16.32126066
C       14.72586179       8.07188420      17.55812755
C       14.40389735      10.09062593      16.27290710
C       14.86443630       8.80072552       1.05223405
C       14.63268301       7.96882535      14.95591749
C       14.56949379      10.79376357      17.43551357
C       14.81437753      10.16064151       0.92850232
H       14.74026158       6.99011694      17.65345682
H       14.28660439      10.77724115      15.39462048
H       15.59612383       8.21918762      14.48670749
H       14.67513895       6.94355480      15.09179125
H       13.79836305       8.11665415      14.31511981
H       14.61028661      11.85153091      17.44634031
H       15.07551652      10.70847734       1.80939062
H       15.12543721       8.95135941       3.05435100
O        8.50609878      12.38522834       7.14765311
C        6.56830265       9.62250974       8.65136529
C        7.18933043      10.88318118       8.49433534
C        6.91122120       8.57277493       7.71085650
C        8.04860751      11.14855474       7.42789549
C        5.59667270       9.36928877       9.74038410
C        7.80809688       8.82696101       6.65970408
C        8.35894239      10.08585315       6.57176897
H        6.74994415      11.66447076       9.12671087
H        6.48274193       7.57157343       7.73115400
H        5.46127952       8.33478114       9.79868766
H        5.90738748       9.90610793      10.65320429
H        4.59794990       9.83812156       9.46071234
H        8.06421392       8.03178851       5.96916506
H        9.03604961      10.19502675       5.79069362
H        8.55433321      13.00632817       7.89627361
O        0.34665654      13.13540487       1.96818723
C       17.70689550      13.65845274      16.02854894
C       17.40802585      13.65850615      17.42510233
C        1.29912405      13.22510795      15.71631901
C        0.66162040      13.18181343       0.67655218
C       16.87094831      14.29149620      14.91576093
C        2.26234463      12.82229576      16.64218731
C        1.97520035      12.82544642       0.31683375
H       16.45673127      14.01816608       0.18581142
H        1.53298306      13.25622394      14.64692462
H       17.46466532      14.86107804      14.17144926
H       16.19308434      13.55822375      14.42465857
H       16.34224647      15.08186467      15.42261964
H        3.29950621      12.64991754      16.43748047
H        2.77588707      12.44809018       0.94739359
H       17.18673568      13.34327456       2.27511754
O       16.74196501      14.83162895      11.84918931
C       16.84616730      12.57974235       8.98220826
C       17.14108779      13.21734857      10.20800747
C       15.65567535      12.95869747       8.28678060
C       16.30566664      14.23257719      10.72720333
C        0.06622898      11.55484168       8.41352913
C       14.73540285      13.89403147       8.91479285
C       15.12188735      14.53846813      10.11905881
H        0.30948890      12.91121234      10.75306058
H       15.39591502      12.47454911       7.38715143
H       17.50941659      11.25149786       7.38579117
H        1.08210235      12.12282610       8.39131558
H        0.02709783      10.59135743       8.90487829
H       13.79883211      14.06937339       8.39586906
H       14.41373105      15.13872936      10.68537069
H       16.20534440      15.57245540      12.10284523
O       13.27806734      13.27730267       1.74512613
C       10.85243848      13.50311560      16.69399045
C       11.40165392      13.11588439       0.19240427
C       11.62194402      14.37608926      15.83945433
C       12.66564492      13.60424654       0.55936509
C        9.53833799      12.95603621      16.23627453
C       12.88659688      14.89543698      16.20978745
C       13.37837540      14.45293724      17.37402575
H       10.81423378      12.50464453       0.89291986
H       11.20941162      14.85913940      14.92863856
H        8.94761407      12.80030299      17.08504672
H        8.86507104      13.57504145      15.56615160
H        9.70019622      11.95111040      15.77152801
H       13.59315457      15.43375893      15.51805064
H       14.42358025      14.55238245      17.60374545
H       12.76633519      12.54007181       2.14175798
O       10.71758261       6.29129496      15.98881887
C       13.30729700       4.10636054      14.72505319
C       12.18633784       5.02121445      14.73030922
C       13.96826566       3.70607546      15.94741393
C       11.75938006       5.51397786      15.96673106
C       13.95703701       3.58427544      13.39553244
C       13.47067539       4.21764636      17.18665014
C       12.40004769       5.09419495      17.15352639
H       11.73452349       5.47216531      13.79148759
H       14.90416595       3.17547999      15.92902334
H       14.75816104       4.27859378      13.14126015
H       14.45507964       2.68600818      13.48041218
H       13.25382774       3.54264266      12.56561479
H       13.94518719       4.02801242       0.40718779
H       11.92281840       5.51996300       0.32559285
H       10.68668251       6.97257668      16.64053844
O        4.44813754      13.88280844       7.42588184
C        1.57583904      16.31375293       7.41313051
C        2.48005062      15.33147495       7.88257900
C        1.50380295      16.61118087       6.02810826
C        3.39377776      14.70580114       7.06266415
C        0.80763985      17.05837432       8.45482170
C        2.38253194      15.87588254       5.23059697
C        3.31926421      15.00112535       5.69597134
H        2.58932582      15.19715339       8.96021477
H        0.82191773      17.32318319       5.60871186
H        0.55743506      16.53191977       9.42563805
H        1.40610309       0.16761319       8.80861358
H       17.62407215      17.49361667       8.14329752
H        2.33073795      15.99107175       4.14385948
H        4.07631691      14.76977896       5.04519561
H        5.14533168      13.84699105       6.77410662
O       12.30729551       1.37313106       2.17225402
C        9.57998914       0.45414950      17.59136561
C       10.80216456       0.39288808       0.59707200
C        8.79887468       1.66796649      17.53889901
C       11.24769236       1.50967089       1.35387553
C        9.10758441      16.84600931      16.96149151
C        9.32922891       2.72757197       0.60441535
C       10.54679833       2.68332274       1.40107165
H       11.39294942      17.16481694       0.55025819
H        7.88064719       1.63306673      16.98919807
H        7.98694210      16.75146343      16.86830136
H        9.55284868      16.63111823      15.89125117
H        9.35582812      15.98976570      17.58380301
H        8.74099714       3.63349141       0.64095668
H       10.70876251       3.47558421       2.11616705
H       12.44623873       2.14177326       2.75962305
O        6.76588663      13.96447279       5.89810003
C        9.23813966      15.82271409       4.06425196
C        8.56540101      14.78128234       4.66889756
C        8.58066815      16.98951662       3.83219204
C        7.27473205      14.98412895       5.17142462
C       10.66093197      15.66051914       3.72292778
C        7.25513252      17.24905674       4.27500059
C        6.74168545      16.24602425       5.10150724
H        9.03020343      13.84911450       4.92546863
H        9.19832996       0.00432418       3.32464458
H       11.05440857      16.51859551       4.38417048
H       11.25281580      14.70927583       3.93553010
H       11.07954065      15.92101782       2.74638795
H        6.76826215       0.49771199       4.20109993
H        5.81512842      16.53329823       5.69139098
H        7.29133879      13.29080416       6.18780735
O        5.34956370      14.96119480       9.95105720
C        5.47688890      13.15487609      13.16621445
C        5.68010796      14.12310632      12.14044163
C        4.56972529      12.13798659      12.87910880
C        5.11229399      14.02382557      10.87403877
C        6.18061082      13.18024342      14.52166984
C        3.91831045      12.00869487      11.65708370
C        4.20021329      12.97012055      10.64098078
H        6.36335214      14.91383244      12.32390962
H        4.39289471      11.48327476      13.74475853
H        6.12117655      12.27982590      15.17036910
H        7.16393055      13.32464415      14.29109128
H        5.67742798      14.00665399      14.96664218
H        3.19272186      11.25216888      11.56309394
H        3.57974486      12.81272462       9.71097199
H        5.25470081      14.63253694       9.04589145
O        6.23823100       2.65865933      11.54333361
C        9.50583539       4.29981136      10.64738131
C        8.58222070       3.36769216      11.14780121
C        9.06390117       5.56599615      10.29339746
C        7.19417863       3.59734193      11.03568417
C       10.98384641       4.05770367      10.79092004
C        7.69678856       5.88046221      10.20102693
C        6.74436329       4.89224293      10.56946454
H        8.98548570       2.34274655      11.53481582
H        9.80464041       6.27604154      10.13060839
H       11.54053783       4.00600238       9.89991619
H       11.39173957       4.89768845      11.38807305
H       11.02236449       3.16751615      11.35647664
H        7.34177333       6.89419225      10.00261488
H        5.76071793       5.26563458      10.35589755
H        6.68409152       1.85847568      11.72889644
O       14.70668205       5.63557227       3.18324997
C        0.32704878       4.52472352       2.12690628
C       16.87975350       5.27948598       2.24010403
C        0.37106105       3.32162301       2.84336408
C       15.80985963       4.86564184       3.08201566
C        1.52398074       5.02046062       1.37811271
C       17.10890205       2.82723641       3.62434361
C       15.91685624       3.59162508       3.72952701
H       16.81097019       6.25867060       1.71491978
H        1.28944484       2.85085721       2.96544628
H        1.05556273       4.90874717       0.37541127
H        1.81097609       6.08119861       1.62121790
H        2.43647734       4.42384155       1.42805037
H       17.25153639       1.87068019       4.04022238
H       15.05663115       3.26815396       4.31602587
H       14.75049104       6.52765672       2.85517760
O       16.47267697      17.19537079      13.58826445
C       15.81049303       0.59483113      17.04484505
C       15.65858693      17.66928686      15.75968710
C       16.93126271       1.43378425      17.25287811
C       16.62445921       0.19230240      14.77569509
C       14.79174511       0.37866415       0.44853859
C        0.15614344       1.63880133      16.24074479
C        0.02869151       1.02813326      14.98731067
H       14.84279423      16.97794572      15.58816247
H       17.00458137       1.85736630       0.52894054
H       14.08944053       1.19744479       0.52565009
H       14.24118463      17.19518305       0.43120714
H       15.30593143       0.46671936       1.44616450
H        0.99546444       2.21970461      16.40748036
H        0.64021093       1.12337417      14.14728346
H       16.71548591       0.03073291      12.84145790
