512
Lattice="17.7128441229 0.0 0.0 0.0 17.7128441229 0.0 0.0 0.0 17.7128441229" Properties=species:S:1:pos:R:3 pbc="T T T"
O       13.46241806       3.81183503       3.36238444
C       10.73115824       3.62061670       5.93876606
C       11.72936263       3.19383551       4.92114612
C       10.82109615       4.96736943       6.44387144
C       12.64900428       4.12258745       4.43359066
C        9.71853932       2.62776256       6.42128232
C       11.82816132       5.82842586       5.95148155
C       12.76566774       5.42111459       4.98797267
H       11.77627937       2.19927467       4.55652023
H       10.16816549       5.38107708       7.15621303
H        9.52168531       1.90333045       5.67255040
H       10.11568338       2.12900509       7.29284966
H        8.71423155       3.09667463       6.70399611
H       11.84626965       6.91590184       6.27171129
H       13.43991567       6.15268589       4.59474138
H       13.96077209       4.52866068       2.96787726
O        5.18458988       7.89074092       2.17209983
C        7.93049373       5.91993683       3.49816063
C        7.15805720       6.82069247       2.84187179
C        7.24741441       5.02471942       4.34915783
C        5.80821833       6.87723433       2.80033107
C        9.40288303       5.80450065       3.26196937
C        5.81720113       5.08829961       4.44837613
C        5.10963116       5.99370548       3.64839439
H        7.52137257       7.61359622       2.27366562
H        7.88521374       4.27562707       4.89901771
H        9.66011982       5.72696684       2.26267544
H       10.05152779       6.61775414       3.74137790
H        9.84072787       4.92933980       3.76726375
H        5.22027376       4.50748046       5.13623318
H        4.00837342       6.14992977       3.69595381
H        4.44597489       8.23201606       2.61279109
O        0.10425374       3.99235828      11.56785409
C       14.96997319       4.44672457       9.24296540
C       15.79453578       4.59822464      10.39011032
C       15.59000209       4.20076275       8.05466286
C       17.10509705       4.17959928      10.41885295
C       13.49709135       4.55586709       9.24917659
C       16.95527608       3.77178530       8.05193759
C       17.70381613       3.70724214       9.29018836
H       15.18001289       4.68650725      11.32615288
H       14.96833852       3.98788573       7.17857879
H       13.13569389       5.54495379       8.98086841
H       13.08794985       3.96474713       8.39689851
H       13.01547341       4.34891454      10.20533857
H       17.41651199       3.32406425       7.16948534
H        0.97835822       3.18418182       9.34804796
H        0.19645155       4.81704811      12.02778382
O        4.05648723       2.70400799       9.51260424
C        2.85305078       1.29670107       6.24283567
C        2.96604673       1.75662743       7.60788879
C        4.02586324       1.26202049       5.46949773
C        4.14770651       2.17413306       8.20631632
C        1.48718788       0.65317496       5.79409083
C        5.26925002       1.59849880       6.13173290
C        5.35089689       2.08238925       7.43705537
H        2.00966414       1.72405891       8.10734213
H        3.98098660       0.99201365       4.40753618
H        1.57101820      17.24068437       5.89352067
H        0.67163874       1.06546022       6.41028664
H        1.34844353       0.98402432       4.73173130
H        6.18563129       1.49862008       5.51389199
H        6.28286842       2.37001204       7.85319443
H        4.78380204       2.61013731      10.10553490
O       10.79566833       8.82999275      11.04802489
C       14.09859840      10.60333481      10.44348311
C       12.66234456      10.37408327      10.62192109
C       14.98750252       9.46745743      10.38671702
C       12.11523881       9.07485493      10.85567136
C       14.63967162      12.03429783      10.34066704
C       14.41672066       8.21499762      10.46689389
C       13.08439429       8.00923323      10.78511523
H       12.07533692      11.25030523      10.65632038
H       15.98972426       9.59529119      10.10502998
H       14.32992153      12.58852402       9.43053243
H       14.36772737      12.74685062      11.17580434
H       15.71590305      12.01903679      10.16914499
H       15.03261299       7.35958041      10.24191531
H       12.67708394       7.01905761      11.07145975
H       10.33546424       9.68098681      10.83729102
O       15.76840652      12.86849482       2.25703316
C       15.23301218      16.31629574       3.38971205
C       15.01347572      15.07380157       2.74851319
C       16.29159631      16.36555684       4.33553960
C       15.88283980      13.97535577       2.90868363
C       14.17242982      17.40275880       3.21782960
C       17.19584494      15.33627885       4.43590982
C       17.04394544      14.14862267       3.72936791
H       14.18743169      14.94043270       2.05687422
H       16.46582778      17.32981023       4.95266016
H       14.63814810       0.44212097       2.61662678
H       13.27600930      17.05027280       2.69975091
H       14.00153169       0.17719119       4.24366470
H        0.34567421      15.45692213       5.11228502
H        0.10143578      13.37277539       3.78926087
H       14.93180822      12.72027032       1.81450107
O        3.11839400       9.22788359       3.18106447
C        5.00404930      10.53145782       6.03587074
C        4.45736457       9.68671331       5.03871536
C        4.41649593      11.86716879       6.15176274
C        3.50442025      10.05697739       4.19605318
C        6.19097378      10.05720580       6.84007860
C        3.41637073      12.19451419       5.22079691
C        2.92861401      11.30946374       4.26232625
H        4.95486728       8.76642471       4.79032646
H        4.78614250      12.69429829       6.74290285
H        6.58608645      10.69245628       7.58199313
H        5.76408814       9.23192150       7.37564863
H        7.00491955       9.80022161       6.07768977
H        2.85433713      13.14533778       5.25856855
H        2.13171332      11.61731708       3.60238589
H        2.43407027       9.43171128       2.55410686
O        3.96303100       5.21860846       8.96855721
C        2.29718905       8.13208213       7.45804010
C        3.02060014       7.32665058       8.39727477
C        1.86825645       7.57110508       6.24951127
C        3.38930623       6.00036071       8.09518355
C        1.81805539       9.46247092       7.94166833
C        2.37124960       6.31137274       5.87229190
C        3.10863892       5.49628054       6.79188380
H        3.33376811       7.69764047       9.32699609
H        1.31779288       8.10234405       5.52872235
H        1.52457606      10.03834012       7.00077043
H        0.93460478       9.25232503       8.56043150
H        2.71728213      10.00892051       8.39870777
H        2.13982315       6.00850367       4.90428575
H        3.56128663       4.50439043       6.45662444
H        3.91712065       4.23637291       8.89437190
O        3.95844258       3.13016497      14.29354475
C        2.19585733       6.21809705      13.10826176
C        3.01991385       5.04769346      13.10918868
C        1.53848186       6.59439889      14.33019367
C        3.18899391       4.26929539      14.27824368
C        2.10012282       6.96104191      11.85096637
C        1.70398219       5.82117774      15.49740548
C        2.45774607       4.63681223      15.45151377
H        3.66328952       4.73754912      12.33220621
H        0.89791888       7.43425561      14.31333721
H        2.74519647       6.46346524      11.09854604
H        1.03898598       7.18618227      11.52397720
H        2.64989336       7.89255777      11.92702208
H        1.26822832       6.15974936      16.48775897
H        2.47962744       3.99427411      16.31476444
H        4.35900737       2.90133702      13.47359667
O        6.57141695       0.27089454      13.19009580
C        3.60168395      17.19189284      15.23818904
C        4.46687757       0.07312573      14.33131447
C        4.11074204      16.26794235      16.15968601
C        5.83893223      17.51683148      14.24676320
C        2.09440461      17.56849090      15.21198931
C        5.51032608      15.99357495      16.08286090
C        6.47097903      16.63593951      15.14738338
H        3.99253570       0.69759510      13.54087627
H        3.47197324      15.83201562      16.90270053
H        1.44449403      16.90265496      14.68989256
H        1.65808994       0.02094243      16.15289885
H        2.01659597       0.80119818      14.76343744
H        5.86863049      15.18608948      16.72588322
H        7.46668476      16.30914896      15.16357662
H        7.52788998       0.25217983      13.33966850
O       15.82832584      14.20447602      12.42020136
C        0.95861149      11.76716758      12.35816546
C       17.34014058      12.31051015      12.37840317
C        2.00570235      12.63151954      12.43313633
C       17.08788605      13.67817963      12.57100991
C        1.16340840      10.26910376      12.25733749
C        1.78387023      14.02279417      12.56634236
C        0.47758973      14.48163791      12.67200695
H       16.53678754      11.67081639      12.09376676
H        2.99821616      12.25671366      12.41217785
H        0.35359005       9.72076209      12.57050095
H        1.17888127       9.92221771      11.19097042
H        1.94098922       9.93112825      12.82417114
H        2.64349019      14.74919896      12.57062797
H        0.35878851      15.57187324      12.76329638
H       15.94766248      15.16834309      12.31973438
O        9.47865968      13.65400225       9.80186003
C       11.33693715      14.19216349       6.66099119
C       10.73632531      13.54974262       7.77793341
C       11.08276341      15.54939545       6.45727741
C        9.95841531      14.31268184       8.69120740
C       12.05784748      13.43403105       5.69607577
C       10.33744681      16.32982367       7.35314083
C        9.76787163      15.70098342       8.52947174
H       10.91452947      12.40491593       7.91543410
H       11.41948935      16.09095716       5.57831971
H       11.42814841      12.62218356       5.42338905
H       12.27652114      13.85600242       4.70233715
H       13.05040860      13.13588620       5.96273613
H       10.23382369      17.36620613       7.25253322
H        9.32898439      16.28989654       9.24333156
H        8.94837891      14.13806957      10.38486574
O       10.57756961       8.69416457      17.35488287
C        7.47514860      10.61701974      17.49962789
C        8.86069348      10.32983599      17.59085936
C        6.55514676       9.64643893      17.07169172
C        9.27054585       9.05048251      17.24455234
C        7.04180644      12.08101913       0.22172434
C        6.98101397       8.33111088      16.81479792
C        8.36846696       8.04740052      16.90913445
H        9.63100225      11.05593415       0.23164583
H        5.53778300       9.89659911      16.94355841
H        7.63991660      12.43961819       1.07721981
H        7.40593845      12.78082992      17.19128992
H        5.94865301      12.08161811       0.42358537
H        6.22553624       7.51271920      16.58095585
H        8.69659577       7.11645693      16.56020331
H       10.74441594       8.01354422      16.74563859
O        9.15154629       0.32336902      14.04081376
C       11.92287958      16.11723663      12.36080435
C       10.64150399      16.79065011      12.55674476
C       12.87309074      16.23493643      13.39488809
C       10.34734219      17.44611762      13.78634396
C       12.18126274      15.22851074      11.11481722
C       12.64238120      16.91031312      14.60342254
C       11.36800357      17.52810886      14.76416409
H        9.82704818      16.78526666      11.78139748
H       13.77604141      15.83480934      13.21176221
H       11.63460916      14.31744380      11.29008751
H       12.00263611      15.75268226      10.18541544
H       13.12842380      14.78842258      11.06801751
H       13.44869162      16.81019270      15.21903667
H       11.20336345       0.36785101      15.72674468
H        9.06147208       0.38540418      15.05933905
O       16.38181726      10.27351793       2.66758474
C       16.20467395       8.09998959       5.58714361
C       16.31887323       8.52549054       4.23901589
C       16.10010545       9.04004533       6.61633575
C       16.33849556       9.86548605       3.96849541
C       16.04728214       6.58772134       5.92794146
C       16.07816435      10.38008077       6.22079613
C       16.17883182      10.85313792       4.93983475
H       16.41475060       7.70468731       3.54656044
H       15.80616088       8.84673670       7.60585266
H       15.73741089       5.85585172       5.09310594
H       16.94475842       6.06724503       6.26336752
H       15.26918487       6.46662812       6.69744296
H       15.87586670      11.12397039       6.93392348
H       16.09253351      11.92684946       4.64877470
H       16.11423994      11.19651356       2.54109196
O       12.21771380       9.47304099       1.95040160
C       11.54849013       9.54971713       5.56439701
C       12.19890009       9.67954073       4.31882728
C       10.19768251       9.27891145       5.59456287
C       11.51218225       9.47818309       3.14820183
C       12.40625956       9.73307614       6.84146461
C        9.50420757       9.17109500       4.38763832
C       10.13885617       9.25542667       3.15907501
H       13.27236146       9.91281908       4.29415953
H        9.76887220       9.17156914       6.58737215
H       11.83359571      10.36201252       7.47853476
H       12.33353808       8.72095733       7.40801768
H       13.41796298      10.07856863       6.54887254
H        8.48332986       9.06955030       4.44653096
H        9.60367297       9.11461992       2.28111856
H       11.67460994       9.15277673       1.26905755
O        9.39434387       2.97781665      15.31282460
C        6.47859199       2.74862039      17.37453216
C        7.44710706       2.36731550      16.48727936
C        6.51482182       3.98130342       0.28244306
C        8.56057563       3.22786435      16.31309371
C        5.20442852       1.86693783      17.50481898
C        7.63353080       4.81710079       0.15258570
C        8.65803824       4.44939390      16.98949802
H        7.23843676       1.46741256      15.81711302
H        5.69296507       4.27842469       0.91908231
H        4.64030331       2.07661058      16.60327024
H        5.35447768       0.86888995      17.37303095
H        4.70924441       2.07651097       0.76557135
H        7.82570115       5.67023063       0.76414369
H        9.52454690       5.03115707      16.77082662
H       10.22875873       3.35156328      15.40866470
O        5.58838886      16.79969250       2.57600348
C        2.18996909      16.68806390       1.50680165
C        3.39183392      17.21598242       1.95910711
C        1.92541524      15.33435840       1.29877939
C        4.36915298      16.30537776       2.25279935
C        1.06877903      17.68725915       1.23603011
C        2.85500090      14.49556969       1.96088111
C        4.12593257      14.97516358       2.33407397
H        3.59475557       0.57346484       2.05887548
H        0.96724287      14.94402200       0.92826751
H        0.33766937       0.05449840       2.07435133
H        1.22641862       0.96208613       0.88789175
H        0.41020584      17.41920478       0.37233768
H        2.63342161      13.39774028       1.99780346
H        4.99164555      14.30111355       2.69504679
H        6.03421884      16.20982622       3.13108329
O       10.31308017       6.93586204      12.96484000
C        6.78791927       7.97869731      13.60952632
C        8.10738905       8.06662940      13.28058615
C        6.27244718       6.75780438      14.04962864
C        8.99281780       6.94160354      13.39934814
C        5.94168849       9.27731597      13.54987496
C        7.07436102       5.64327424      14.24550268
C        8.46269138       5.68319206      13.86236064
H        8.49948981       9.00992817      13.01544247
H        5.26669298       6.80389459      14.42761445
H        6.41707132      10.02955015      12.90314793
H        4.90799751       9.12039232      13.27267533
H        5.97606183       9.64449617      14.62008516
H        6.53219578       4.80425873      14.64788349
H        9.13727670       4.84189795      13.81903005
H       10.44130671       7.55842732      12.21869002
O       14.93259149       8.21499397       1.01579202
C       15.57888219       7.34493208      15.21262321
C       15.17953614       7.26843476      16.56728203
C       15.92559434       8.59079094      14.68064018
C       15.29567709       8.37143715      17.44478126
C       15.53365244       6.14047677      14.29944294
C       16.00987416       9.69185621      15.56583388
C       15.77464774       9.56082402      16.96434911
H       14.81386559       6.35508325      16.85609601
H       16.10414200       8.60047158      13.58076135
H       16.53510316       5.77596790      14.05430843
H       14.86510376       5.40763837      14.73416486
H       14.97994604       6.38743825      13.38505193
H       16.29819939      10.65046318      15.04923083
H       15.92422480      10.35435175       0.02064953
H       15.26180855       8.80196571       1.72024251
O        9.44746296      10.94923856      10.03167968
C        5.73552881      11.09601510      10.32288652
C        7.09715246      11.45906378      10.28789414
C        5.51466714       9.71131404      10.04366430
C        8.15132592      10.55761715      10.08386652
C        4.66386977      12.17185693      10.11769490
C        6.58443509       8.80262182       9.98240995
C        7.91197897       9.17952702       9.97972005
H        7.40069016      12.47456935      10.42788871
H        4.46934117       9.40555770       9.76631573
H        4.92241493      12.63457394       9.20089880
H        3.61094875      11.91525615      10.10404348
H        4.72114988      12.85716341      10.92778389
H        6.32327109       7.77411864       9.78018118
H        8.77607608       8.47918071       9.79277011
H        9.54691434      11.90403368       9.99323603
O        1.11099766      10.11364881       1.71579126
C        1.11289301      12.69486485      16.75591516
C        0.83793475      11.98807464       0.22936571
C        2.08807187      12.18863982      15.89860010
C        1.40349573      10.71559039       0.53800278
C        0.42989809      13.93234809      16.28801846
C        2.64168380      10.89338329      16.11694110
C        2.29916316      10.16936573      17.31989282
H        0.12118913      12.48317238       0.86340383
H        2.34000908      12.82657175      15.13526067
H       17.42051467      13.73872314      15.55626323
H       17.48467109      14.29693238      17.11704500
H        1.09128983      14.68902524      16.03878375
H        3.30525193      10.45520355      15.38427059
H        2.68065915       9.16037171      17.44441040
H        0.16457171      10.19914356       2.01783628
O       15.86309218      17.04010001      11.75524307
C       14.75387169      16.16032124       8.43729672
C       15.36954184      16.04267070       9.71501699
C       13.97519532      17.29017022       8.04004114
C       15.31128029      17.16362044      10.56589915
C       14.97895471      15.00670700       7.54217858
C       14.02244376       0.73709230       8.95163690
C       14.61837914       0.66520513      10.21457766
H       15.96283965      15.25207281       9.98730271
H       13.64477384      17.41674560       7.01219743
H       15.98388055      14.85549950       7.16086014
H       14.55004573      14.05385052       7.85216190
H       14.41670956      15.16976452       6.60817072
H       13.68662530       1.65164723       8.54621674
H       14.67315804       1.47415503      10.89549039
H       15.89888311       0.17212219      12.18916738
O       13.52332218      12.10790107       1.30329943
C       13.17919485      11.64267662      15.38525294
C       13.01298730      11.33152183      16.74941129
C       13.80307897      12.83327764      14.87660477
C       13.58181299      12.31998233      17.60867410
C       12.65416611      10.74511935      14.33088978
C       14.25692788      13.72195027      15.79494438
C       14.20367859      13.47096838      17.15495702
H       12.52900687      10.42011896      17.04783280
H       13.89138729      13.07009102      13.90810375
H       12.41236982      11.30249338      13.41900499
H       13.32456819       9.97551790      13.96216514
H       11.70837488      10.19067101      14.57561896
H       14.63920463      14.61626736      15.42745865
H       14.71617621      14.03879733       0.15270314
H       12.98670009      11.31024597       1.55214429
O       11.19872845       6.90776277      15.66761206
C       12.60581114       3.59151012      14.75355712
C       11.95490292       4.78767065      14.58584232
C       13.15993890       3.18262558      15.94348727
C       11.79934028       5.67772784      15.72014095
C       12.79160098       2.67388137      13.54459043
C       13.00649506       3.98901174      17.06734375
C       12.32613373       5.19320630      16.95595123
H       11.56153976       5.02411374      13.59378755
H       13.70556580       2.20872010      15.95086510
H       11.86288874       2.36201534      13.20927960
H       13.32404453       3.18608826      12.73515719
H       13.47050771       1.88801484      13.78728852
H       13.49015354       3.91037391       0.31269272
H       12.27642259       5.90995859       0.05646519
H       10.81692476       6.93557330      14.74365770
O        5.62922289      16.18869211       9.68689920
C        2.33433790      17.44150158      10.85402465
C        3.75552360      17.22510925      10.72455253
C        1.46175047      16.73110158      10.06540549
C        4.25791864      16.30461238       9.77220899
C        1.87570961       0.80034799      11.85432769
C        2.02022564      15.78241747       9.10997042
C        3.39969652      15.72829828       8.82198252
H        4.39729099       0.08782480      11.34916528
H        0.42870978      16.74391731      10.11777640
H        2.64366927       1.56214405      11.97153909
H        1.01564940       1.22635793      11.33850144
H        1.50551926       0.28414622      12.76657292
H        1.44613687      15.10675728       8.49784857
H        3.75309230      15.02791361       8.10625774
H        5.93845487      15.41454935       9.14658210
O       12.53040275       1.24369048       1.05176997
C       10.09834551      16.26440944       0.28904636
C       11.29519623      17.04651062       0.27634730
C        8.95796293      16.83368719       0.84157748
C       11.32682229       0.58188752       1.00094936
C        9.98328883      14.92141430      17.33701013
C        9.01576985       0.33672652       1.57361709
C       10.18961634       1.08574799       1.54557659
H       12.20548591      16.60541348      17.55870205
H        8.11412434      16.17914613       0.95343689
H        9.67903759      14.14908286       0.32213152
H        9.14430603      14.95070627      16.63493476
H       10.96416795      14.66632157      16.77808064
H        8.20331359       0.72892971       1.99675693
H       10.28503164       2.04353143       1.99793395
H       12.52634483       2.16539822       1.18635286
O        6.67438804      14.07659122       8.07643086
C        7.83892038      13.72053116       4.62581234
C        7.42726819      13.41362630       5.95198092
C        7.77695095      15.09697208       4.26375574
C        6.99411808      14.37182182       6.81201697
C        8.18343742      12.64282440       3.71200344
C        7.39124373      16.07806050       5.18504029
C        6.89796012      15.68684997       6.44759739
H        7.53458425      12.38288001       6.26235108
H        8.20392425      15.30876010       3.23632477
H        7.39212937      12.19390019       3.16005432
H        9.01488882      12.82815821       3.05218703
H        8.64675845      11.91259777       4.36001198
H        7.39637526      17.11331838       4.94274410
H        6.66469089      16.42794458       7.19325320
H        6.67487838      13.15057718       8.26535665
O        7.61942460      15.35276806      11.38633339
C        7.81518996      12.67529919      13.82159061
C        8.27645691      13.61083111      12.87155207
C        6.54024844      12.52596215      14.32997681
C        7.26737369      14.41630268      12.30722074
C        8.84409769      11.70515764      14.33230768
C        5.59288569      13.37235818      13.80847209
C        5.93991034      14.33612082      12.80642481
H        9.30559220      13.63477106      12.49653226
H        6.27653751      11.72843837      15.05773697
H        9.37868465      12.06026177      15.15468014
H        8.28561431      10.86960673      14.71029412
H        9.53936956      11.44256622      13.57755907
H        4.51889479      13.35183817      14.12278983
H        5.06710142      14.98424875      12.60165916
H        6.96868001      15.99462699      11.04554052
O        5.65612585       2.43599569      11.76419888
C        9.03930782       3.14874812      10.61593134
C        7.92133887       2.47510168      11.06922832
C        9.02734787       4.58705782      10.56868216
C        6.66732811       3.15106103      11.29794093
C       10.24306814       2.40735604      10.34876529
C        7.78952376       5.23904392      10.66542465
C        6.63569594       4.54034503      10.94566559
H        7.93399625       1.39971267      11.14248193
H        9.90746323       5.12917015      10.32118632
H       11.06824713       2.97826910      10.21113352
H       10.54076614       1.94763385      11.36365128
H       10.13524623       1.70939120       9.55552885
H        7.74638918       6.31529526      10.52711356
H        5.76901595       5.15498321      11.02811363
H        5.88307488       1.62618385      12.23433959
O       15.02222649       5.55913713       1.80168508
C        0.87617681       5.59302995       1.78217249
C       17.25025209       5.87920368       1.45301567
C        1.18818051       4.53234887       2.72568886
C       16.27842677       5.13216937       2.09764030
C        1.94675796       6.56264328       1.43834440
C        0.18305198       3.66703225       3.23515447
C       16.58539806       4.03490062       2.93770558
H       16.96917238       6.71622998       0.88521891
H        2.21909300       4.32441550       2.93996767
H        1.63307245       7.55258316       1.15470396
H        2.71073910       6.54385337       2.21759145
H        2.42094184       6.17166668       0.51980247
H        0.36666775       2.93631239       4.00992445
H       15.79519830       3.47225967       3.36728578
H       14.96964266       6.41121616       1.42905249
O       16.48965322       1.69341716      13.02917372
C       15.88758951       0.95507946      16.56110208
C       16.02679917       0.72273905      15.18387283
C       16.07872839       2.22330321      17.16565884
C       16.43042026       1.84169562      14.42363023
C       15.27698500      17.48914768      17.38685408
C       16.48150468       3.27842148      16.32245654
C       16.76876706       3.07616172      14.99185335
H       15.75061333      17.56133579      14.71134199
H       15.95782517       2.39967401       0.52486424
H       15.32930354      16.68082136      16.72852227
H       15.93277852      17.23884790       0.42970804
H       14.23618491      17.55930445      17.70743137
H       16.78193533       4.23525262      16.76922979
H       17.21744428       3.84826190      14.36119006
H       17.09777462       2.35673717      12.70459620
