512
Lattice="17.7128441229 0.0 0.0 0.0 17.7128441229 0.0 0.0 0.0 17.7128441229" Properties=species:S:1:pos:R:3 pbc="T T T"
O       12.32264815       3.81345030       4.52362487
C        9.55284545       4.69228068       6.82558681
C       10.24518866       4.11201971       5.76366218
C       10.22847592       5.65803868       7.62354584
C       11.58834459       4.40266247       5.54114462
C        8.14034995       4.30297913       7.12860862
C       11.52611610       6.03298839       7.28945911
C       12.28250476       5.38335310       6.30807314
H        9.74729679       3.29795462       5.20808529
H        9.59807253       6.08897480       8.42291180
H        8.02886542       3.21403148       7.14368085
H        7.68659921       4.73763341       7.98348972
H        7.50745293       4.51567981       6.34510120
H       12.00268981       6.82191532       7.83172986
H       13.31839531       5.61724468       6.26751593
H       13.21892243       4.08260084       4.66854140
O        6.34862165       3.04249383       4.50017411
C        7.79397490       5.84252702       2.48370357
C        7.45215802       4.54225781       2.83548415
C        7.36128977       6.92692468       3.25516597
C        6.59795523       4.28438579       3.97045528
C        8.83101939       6.12989162       1.41668880
C        6.37778030       6.72295710       4.26242668
C        6.00567551       5.39570204       4.62682987
H        7.87975781       3.82776735       2.15518851
H        7.64897201       7.99336356       3.16666235
H        8.98229342       7.20833340       1.34835694
H        9.83628957       5.75782008       1.78812159
H        8.41086503       5.75965898       0.45453995
H        5.96539985       7.46998719       4.90320138
H        5.19339272       5.25972320       5.39760514
H        6.97668915       2.40789256       4.09193733
O       16.36833472       1.09090590      11.65240173
C       15.60026947       3.17325859       8.57385191
C       16.27923093       2.65201544       9.65783973
C       14.33108083       2.57824222       8.24971909
C       15.70168512       1.63672374      10.53145361
C       16.06863910       4.48637829       7.86085980
C       13.72119115       1.65554830       9.15531248
C       14.43902074       1.19221735      10.25949184
H       17.25083368       2.97388407       9.98489293
H       13.73525270       2.99719399       7.49924729
H       17.18030435       4.60840639       7.96296892
H       15.78487066       4.56487212       6.80173423
H       15.56129403       5.21538189       8.41471791
H       12.62150752       1.43854083       8.95819297
H       14.01300705       0.60204727      11.00307838
H       17.14740277       1.60482097      11.97340028
O        3.83031707       2.33229383      11.04388971
C        2.53178755       2.11763970       7.56610550
C        2.65347288       2.32117530       8.98225562
C        3.67791701       1.52309522       6.91785061
C        3.80141138       2.02336524       9.72777886
C        1.20562783       2.22106683       6.86399482
C        4.88467944       1.36150708       7.62318832
C        4.93996631       1.57355207       9.01649167
H        1.76894279       2.69425583       9.54503049
H        3.67691145       1.26731439       5.91354106
H        0.41925069       2.66408501       7.50303375
H        1.25397348       2.75572000       5.88156391
H        0.83184067       1.17580087       6.65114291
H        5.75197243       0.99462485       7.15790510
H        5.80331343       1.28565280       9.52271908
H        4.67958147       2.42561289      11.45733050
O       14.11657258       9.11579341       9.10408509
C       17.02929761       8.52829229      11.07813259
C       16.08476081       9.22056740      10.33865916
C       16.95033633       7.13009182      11.34624053
C       14.93877315       8.48601468       9.91012355
C        0.48596952       9.35617836      11.55166584
C       15.77168092       6.36669495      10.93284530
C       14.70508620       7.06078563      10.26361758
H       16.10328279      10.27573438      10.16352099
H        0.04246260       6.63144163      11.88609546
H        1.16724769       9.85234586      10.75779026
H        0.16654235      10.21895665      12.24581771
H        1.12168560       8.77637815      12.17542246
H       15.71461674       5.29112561      11.07216309
H       13.78114115       6.60071985       9.93871515
H       14.65066551       9.47516094       8.37838594
O       15.34885057      13.77031846       2.96009244
C       15.44850379      17.12240052       4.62068384
C       15.54792295      15.75600442       4.41077305
C       14.60035157       0.19015986       3.80524496
C       15.02472748      15.12315031       3.27510202
C       16.27128764       0.13709530       5.61536362
C       13.94982733      17.27164765       2.71341096
C       14.20172318      15.87743388       2.44555699
H       16.21955006      15.20168840       5.07275300
H       14.50575614       1.32732942       3.98566842
H       16.96039140       0.82740987       5.10489677
H       15.79205972       0.74957391       6.31407284
H       16.85123962      17.17452858       6.21081249
H       13.03075305      17.64119129       2.22098934
H       13.75279620      15.41815051       1.60408054
H       14.76104279      13.44108390       2.23580089
O        2.60934712       8.91626778       0.89014145
C        2.87633036       5.72502594       2.61424751
C        2.93232569       6.65955754       1.56629003
C        2.23573783       6.04803402       3.86447009
C        2.38694572       7.93913573       1.76329001
C        3.42921197       4.37736269       2.37457558
C        1.67525636       7.41613934       4.03032052
C        1.75490463       8.34085110       2.94810103
H        3.36114651       6.43663637       0.61157145
H        2.24453158       5.38164256       4.71728675
H        2.91250045       3.83287713       1.65776521
H        4.50992235       4.46803197       2.10310869
H        3.43737841       3.85501548       3.37234946
H        1.33147940       7.78171942       4.96584988
H        1.38513992       9.33557635       3.04539687
H        2.19021036       9.77356099       1.16396562
O        3.34673854       6.71493772      11.41201693
C        3.32364294       8.28298607       8.00258894
C        3.34169786       8.16373612       9.38984096
C        3.31831125       7.12470993       7.21214128
C        3.43429241       6.87301944      10.00372807
C        3.24977131       9.64382423       7.37163957
C        3.42025341       5.87701995       7.80784393
C        3.42517250       5.75150121       9.21291428
H        3.35293115       9.06165390       9.99156968
H        3.40295262       7.19017541       6.12148430
H        3.90660112      10.21062031       7.95881438
H        3.28826597       9.79157384       6.37105181
H        2.34525486      10.11427108       7.69602515
H        3.57566243       4.90543348       7.29643612
H        3.59259446       4.74820625       9.58577902
H        3.17008364       5.83668055      11.61046150
O        1.20870794       2.25278374      12.12701985
C       17.24536483       4.92221485      13.92102667
C       17.45787183       3.76985115      13.16794094
C        0.66375148       5.58002931      14.47502803
C        1.05410018       3.36178473      12.88006217
C       15.85842898       5.42541344      14.09146702
C        1.99831198       5.15577636      14.24119804
C        2.16420514       4.02361971      13.50462698
H       16.60383086       3.31189266      12.74580519
H        0.46690379       6.37244437      15.15851948
H       15.62240492       5.43934319      15.10969115
H       15.83577376       6.45416273      13.61940550
H       15.10783424       4.84015060      13.67485787
H        2.86664117       5.53745300      14.69533952
H        3.19869373       3.57354437      13.27184374
H        2.12460111       2.16357605      11.91833096
O        6.25156585      17.32907941      13.63677906
C        2.78498173      16.45336286      13.66784916
C        3.93788521      17.18902187      13.34528763
C        2.60049270      15.64959270      14.78384112
C        5.08034206      16.89107423      14.11663435
C        1.67126072      16.59110951      12.63594527
C        3.74514615      15.62178385      15.63127632
C        4.97073066      16.24127690      15.33289484
H        4.13741846       0.14345666      12.50194582
H        1.61724354      15.16664442      14.99804432
H        0.96972462      15.73149030      12.50550110
H        1.10514297      17.56049666      12.70732313
H        2.12014796      16.66386758      11.69733337
H        3.65199377      15.09790839      16.61329122
H        5.87700453      16.10462945      16.02750135
H        6.90430540      17.32931229      14.34823245
O        2.52663700       8.17247865      15.96993893
C        6.08621700       8.22810648      15.34467369
C        4.85616988       8.22662850      16.05151323
C        6.06575012       8.28131182      13.94704608
C        3.69264027       8.35985763      15.34387211
C        7.39341684       7.84666850      16.02666741
C        4.90473408       8.44715675      13.24715722
C        3.73182136       8.48267575      13.95398439
H        5.00983828       8.14922270      17.15185814
H        6.98447729       8.19057317      13.47817552
H        8.21591597       7.97443279      15.28873819
H        7.59059771       8.46739644      16.95884747
H        7.37031010       6.75360207      16.27530318
H        4.87342433       8.54703880      12.20845708
H        2.81030573       8.38371511      13.41652332
H        2.73782759       8.34508110      16.89517139
O        8.78292719      14.77396563       8.83774085
C       11.14749310      17.08081667       7.10868179
C       10.59795752      15.87653956       7.60798673
C       10.39809759       0.55573504       7.36444096
C        9.36460194      15.88351851       8.35007215
C       12.49395671      17.10026718       6.28621222
C        9.17856294       0.54810808       8.09316566
C        8.61340405      17.06177865       8.49499827
H       11.00517677      14.95609852       7.54205655
H       10.81202420       1.56185056       7.07436432
H       13.32108814      16.62842538       6.98258530
H       12.57347069      16.45265703       5.41132686
H       12.86641201       0.35329805       6.00957506
H        8.62175318       1.44201515       8.26413033
H        7.66757019      17.09995051       8.97814243
H        7.86042795      15.07008931       8.95224606
O       10.07808971      10.45612995      17.24728889
C        7.64865145      11.58585250       2.06134079
C        8.54506741      10.75973612       1.28678603
C        7.64546732      12.96421687       1.76978099
C        9.23909956      11.25919864       0.24743801
C        6.57710719      11.12917272       3.03909153
C        8.46670071      13.55309986       0.86371063
C        9.30192202      12.70197959       0.10311222
H        8.51666095       9.67583517       1.47157066
H        6.83906612      13.56485222       2.18630889
H        6.12120834      10.11676625       2.84163180
H        6.91738005      11.10559598       4.04503237
H        5.84999043      11.89827725       3.17012952
H        8.53189060      14.64935890       0.56289712
H        9.77507968      13.04794077      16.92478745
H       10.46616155      10.89814517      16.48655622
O        8.23129623       0.48869104      15.16727875
C       10.52430977      17.54488315      12.41862791
C        9.52328602      17.40652157      13.41250224
C       11.34628230       0.99239990      12.44317308
C        9.24802644       0.71106008      14.29058214
C       10.83295629      16.54585252      11.40811445
C       11.18722052       1.94576213      13.45762038
C       10.11590047       1.82965155      14.33827061
H        8.92517005      16.53042313      13.37046628
H       12.15087520       1.12969625      11.71016950
H        9.84117044      16.21380357      11.04261830
H       11.50260569      16.68083881      10.53940071
H       11.26337624      15.66353278      11.82537166
H       11.83218954       2.80003698      13.56581333
H        9.92171931       2.61728135      15.04114869
H        8.09644912       1.21522780      15.81420273
O       14.91030041       7.91322153       3.19584861
C       16.76825549       8.77121917       6.27311400
C       16.00041970       8.11181112       5.32981078
C       17.02703402      10.13833904       6.08031305
C       15.51605526       8.70076816       4.13655143
C       17.34589882       7.93704118       7.39216711
C       16.50325587      10.84354286       4.95815302
C       15.80649734      10.08532431       3.97204815
H       15.85118968       7.07240911       5.45149008
H       17.58173879      10.69831666       6.81564974
H       17.66098564       8.54017927       8.22737367
H       16.63818376       7.21117487       7.88693784
H        0.57064028       7.48637666       7.03731940
H       16.52254678      11.91784192       4.85778688
H       15.50242354      10.49671001       2.97752684
H       14.68193026       8.51171373       2.48941103
O       11.76998504      10.36961970       1.50530567
C       11.66891305      10.52252281       5.17731074
C       11.88341672      10.89915559       3.79981160
C       11.26129365       9.19017564       5.42760791
C       11.65941672       9.99803063       2.76707247
C       11.87873083      11.50896512       6.28307522
C       11.16409518       8.28438118       4.41424030
C       11.33096191       8.70007261       3.09929690
H       12.24229967      11.91204412       3.60169919
H       11.14825957       8.82353772       6.45329587
H       10.95732469      12.06403568       6.37767375
H       12.02039483      11.01947401       7.27537891
H       12.72619336      12.14531135       6.24602809
H       10.95851318       7.27964078       4.69889134
H       11.09275497       7.97431174       2.31436796
H       11.09154854       9.93086097       0.98925009
O        7.65992646       1.95846740       0.16396003
C        4.10503031       2.20889026      16.83063944
C        5.37800180       1.68281367      17.18708660
C        4.01862002       3.62466484      16.62400556
C        6.48259219       2.50611821      17.41149325
C        2.89682201       1.32098816      16.73644703
C        5.15449884       4.44860745      16.66115182
C        6.41522222       3.87034139      16.99340352
H        5.57847641       0.65802847      17.38585418
H        3.08651332       4.13468267      16.47285107
H        2.66542862       0.92326424      17.70843060
H        1.97989848       1.94541747      16.37062825
H        3.29338311       0.57189282      16.03262346
H        4.85166600       5.42357539      16.37913129
H        7.26591240       4.50051247      16.89247172
H        8.36512290       2.57347717       0.01624861
O        6.59768664       0.98386187       2.42000004
C        3.35622221      17.18675632       3.21486094
C        4.47970414       0.38040198       3.17395285
C        3.48120480      15.93286539       2.63519200
C        5.62867011       0.04218807       2.44571848
C        2.04364402      17.56175371       3.96418005
C        4.66505653      15.58311433       1.91059664
C        5.74007925      16.52590661       1.80066750
H        4.35229738       1.28074709       3.73653803
H        2.58454912      15.30860940       2.69671231
H        1.86247115      16.97426809       4.80799414
H        2.07877671       0.83270341       4.40085570
H        1.15542958      17.41685685       3.32639867
H        4.68757909      14.69768181       1.25704573
H        6.51511652      16.27429016       1.19911671
H        6.86641322       1.18099148       1.57915944
O       10.97495138      11.84625136      15.00616985
C       11.01002152      11.13859588      11.37124207
C       11.45822474      11.63450129      12.61864676
C        9.82186363      10.41187630      11.28355281
C       10.66976158      11.36981842      13.78429625
C       11.74702543      11.53766780      10.21047885
C        9.09905525      10.12317931      12.45234271
C        9.51434229      10.57089509      13.66416740
H       12.43630682      12.17507448      12.61468602
H        9.46031453      10.23757423      10.31514520
H       12.02868796      10.62161454       9.64289307
H       11.02872011      12.11552642       9.61340977
H       12.66216964      12.16742881      10.34127513
H        8.18549122       9.57841276      12.29522996
H        8.93456927      10.33399404      14.57904467
H       11.69675904      12.47145180      14.90274477
O       14.23731026       9.53453654       1.25960398
C       15.07753522       9.70042066      15.41271817
C       14.29976555       9.85193823      16.57318164
C       16.41502880       9.18374342      15.43050592
C       14.88760683       9.49529893       0.07119001
C       14.49574837      10.15166525      14.10599491
C       16.93554955       8.87297714      16.69759075
C       16.22529886       9.12943814       0.18229935
H       13.29379006      10.36159562      16.48443068
H       16.92947885       9.10680943      14.46423039
H       13.44907888      10.28654800      14.43589195
H       15.01280492      11.04820667      13.84159989
H       14.52373931       9.51637645      13.18496383
H        0.24797053       8.54612384      16.79110185
H       16.64793016       8.77691667       1.14842600
H       13.37248109      10.04582077       1.21980542
O        8.72642574      12.71576254       6.98699195
C        6.73759201      10.30170220       8.86919387
C        7.36788772      11.47702246       8.51381574
C        6.82703528       9.18186167       7.96223683
C        8.14333272      11.61895704       7.27622497
C        6.03109883      10.19460262      10.21349075
C        7.68886887       9.27216314       6.85698795
C        8.33761459      10.47133199       6.45375696
H        7.28751296      12.28132678       9.22113423
H        6.43976295       8.18891893       8.24697475
H        6.23786586       9.15422964      10.45105299
H        6.49970900      10.79778651      10.91231255
H        5.00621795      10.32706234      10.33038236
H        7.76561246       8.24070160       6.34404700
H        8.86998623      10.56753969       5.48797001
H        8.64077572      13.41741705       7.61161202
O        1.41202393      12.64432129       3.03310158
C        1.91353740      12.11201748      17.12634336
C        1.27861948      12.38818041       0.63730955
C        3.28111233      11.74642800      17.09155288
C        2.03523335      12.32647239       1.85377046
C        1.16158914      12.25146444      15.76798037
C        3.97746246      11.61758053       0.60216850
C        3.36957740      11.90251975       1.82953320
H        0.29153508      12.88803478       0.66845882
H        3.80756052      11.37769608      16.21583774
H        0.60488135      13.20667137      15.83520953
H        1.80877101      12.45239195      14.94470490
H        0.43048502      11.34640007      15.62449006
H        5.01502274      11.25726092       0.58149491
H        3.87715913      11.72697655       2.73974985
H        0.58546212      13.13064370       2.91251065
O       16.02869328      14.09539513      12.27416897
C       15.18787728      13.37682311       8.77299051
C       15.86580772      13.32863935      10.01577640
C       14.22506481      14.37928155       8.49839303
C       15.50056642      14.24730334      10.98265754
C       15.47035035      12.33096543       7.76811779
C       13.93896435      15.36424814       9.43853667
C       14.58270162      15.30022148      10.69913622
H       16.59139921      12.55428363      10.34130428
H       13.62273727      14.37899729       7.57044500
H       15.78652323      12.97031514       6.91004313
H       16.34343835      11.77751792       8.03827389
H       14.61499165      11.69299043       7.47572258
H       13.23667571      16.20377736       9.14255075
H       14.28737088      16.01604841      11.43803638
H       16.11269063      14.76763946      12.88200193
O       13.68617005      12.88861850       1.13763803
C       12.64502945      14.34313629      15.54531940
C       12.62646438      13.87910260      16.90098293
C       13.79652124      14.05604770      14.74574085
C       13.71959157      13.19093701      17.49623729
C       11.43235490      14.88022992      14.98387862
C       14.76825432      13.24197573      15.34424589
C       14.85218354      12.91101622      16.70226716
H       11.84551150      14.07481952      17.65183769
H       13.80656047      14.25368044      13.61569737
H       10.46008401      14.57373444      15.46960340
H       11.57184877      15.88171841      15.27069987
H       11.36413743      14.69232858      13.93849207
H       15.59858154      13.05179443      14.66705384
H       15.73311012      12.44141555      17.12058236
H       12.83466769      12.63296177       1.48658529
O       10.15169145       4.10096869      17.00803567
C       11.22180899       6.66964293      14.46999293
C       10.53446332       5.52814031      15.04473285
C       12.16626500       7.30512536      15.21113386
C       10.78865720       5.12445700      16.37945954
C       10.87192264       7.16923240      13.09805048
C       12.33790421       6.96349044      16.54960686
C       11.70505321       5.85772856      17.12618558
H        9.90905586       5.00218821      14.46977882
H       12.63498743       8.19638035      14.86621196
H       10.46199370       6.42385329      12.38808352
H       10.08435724       7.87966323      13.22099037
H       11.72623170       7.63960821      12.48996992
H       13.09275103       7.46499547      17.12841609
H       12.01623800       5.53272759       0.42341134
H       10.49097344       3.92597703       0.23193167
O        4.55392851      15.18760386       7.14250848
C        1.04888075      15.86502593       8.05811611
C        2.49194510      15.96348136       7.98877295
C        0.34676800      14.80236257       7.51020534
C        3.21335340      15.03284662       7.26566398
C        0.31123290      16.84692110       8.89560867
C        1.02628218      13.84291967       6.79294445
C        2.43111427      14.01621945       6.58285339
H        3.00979307      16.83040807       8.43970214
H       16.98207411      14.72505427       7.58362326
H        0.19587990      16.44491596       9.92481119
H        0.70754684       0.18034094       8.92326891
H       17.03736145      17.03839721       8.41044814
H        0.61912967      12.98354028       6.21048223
H        3.07264437      13.28077343       6.07927485
H        5.11199763      14.69955697       6.50887811
O       10.31836890       3.40990535       2.35719962
C       12.39153535       1.62005151      17.66249107
C       12.03447363       2.54389428       0.95234232
C       11.71368859       0.38125511      17.39017729
C       10.82731287       2.30247184       1.62576500
C       13.65603674       1.83355241      16.85559684
C       10.61555398       0.07274469       0.46369607
C       10.17592936       1.07342503       1.36133597
H       12.59264241       3.50106050       1.13390141
H       12.10631632      17.36934927      16.67050963
H       14.04779730       0.96267516      16.36542554
H       13.33917837       2.49705704      16.06886085
H       14.38842815       2.30226620      17.52548747
H       10.19101574      16.80168032       0.35384413
H        9.33389997       0.93771326       2.01319053
H       10.97865975       3.55497688       3.02366061
O        6.40037434      14.05507464       5.22871593
C        9.48991998      15.50750892       3.93495796
C        8.51775686      14.55835523       4.28937187
C        9.22427183      16.80734654       4.26269568
C        7.35804476      14.94968997       4.86821641
C       10.80498046      15.11761775       3.25505422
C        8.05233888      17.27860557       4.81532756
C        7.07780169      16.28671333       5.08591542
H        8.68187831      13.53257197       4.09564608
H        9.95295952      17.55390600       4.03713536
H       11.50199514      14.90782177       4.10998306
H       10.57000903      14.19668276       2.73631396
H       11.28513965      15.91895847       2.67491958
H        7.79923262       0.63146174       5.01290307
H        6.21997448      16.67252109       5.65774987
H        6.75364575      13.16231490       5.07428293
O        5.73572658      15.34102802       9.54172930
C        5.68774805      12.97735410      12.37214647
C        6.16219829      13.87102591      11.40371142
C        4.33461234      12.69796963      12.47899721
C        5.26292256      14.44150124      10.49978545
C        6.60595984      12.30089610      13.33357633
C        3.43480415      13.24129447      11.56637489
C        3.90083733      14.12004939      10.53422443
H        7.19750189      14.19408430      11.39333366
H        4.08765376      12.04687403      13.30373596
H        7.60607316      12.72200350      13.28699436
H        6.13571772      12.34324576      14.36880758
H        6.63991234      11.20500723      13.18292827
H        2.41872341      12.85102967      11.77218445
H        3.14122538      14.51022125       9.91966969
H        5.16829550      15.26375124       8.78422934
O        5.85125838       2.27403667      12.63068140
C        8.86734002       3.87287704      11.14403172
C        8.03712639       2.96278160      11.81328164
C        8.38264672       5.14866982      10.87080766
C        6.70208781       3.25938416      12.12779093
C       10.29242237       3.65787300      10.83067827
C        7.13193259       5.51075195      11.33248142
C        6.24256653       4.55933929      11.81757516
H        8.38030342       1.96304509      11.95353968
H        8.96676009       5.94340325      10.33026969
H       10.84326010       3.75437130      11.81254644
H       10.39637570       2.58744451      10.49230873
H       10.78378658       4.33822017      10.14474510
H        6.79489424       6.56012266      11.23052193
H        5.28355283       4.81070875      12.21153603
H        6.15820858       1.37092711      12.77216429
O       15.17963023       5.20263222       4.20770325
C       17.34902776       4.46406337       1.35338946
C       16.30787078       5.05142600       2.14571587
C        0.33650988       3.36283403       1.93798737
C       16.06221651       4.57967873       3.43003065
C        0.10840464       5.04093182       0.09210980
C       17.70059908       2.88138993       3.19732725
C       16.73276778       3.51711707       4.01187839
H       15.81645314       5.91991439       1.74137201
H        1.16372039       2.84574792       1.49109371
H       17.07669425       5.12365782      17.03635832
H        0.43439068       6.07046528       0.33367623
H        1.06280432       4.44078325      17.55792480
H        0.54912714       2.03509772       3.65378189
H       16.54404114       3.24674324       5.02808023
H       15.13467188       6.10336233       3.91231465
O       15.75991259      16.85203427      13.60225959
C       17.10535027      16.65037633      17.04918555
C       16.54631427      16.24649510      15.75536619
C       17.34398838       0.30822283      17.32963680
C       16.24802648      17.22748448      14.81649012
C       17.29056262      15.68735227       0.48226720
C       16.97780688       1.25120322      16.32963088
C       16.48169228       0.88177307      15.07425869
H       16.20817038      15.21968109      15.63398886
H       17.68022763       0.63031185       0.60332960
H       16.38388096      15.18336084       0.86172694
H        0.36190466      14.96733864       0.19725970
H        0.00917249      16.11157110       1.38818267
H       17.13001454       2.33202274      16.42852242
H       16.21922239       1.68043548      14.39647879
H       15.91312165      17.57096975      12.96214833
