512
Lattice="17.7128441229 0.0 0.0 0.0 17.7128441229 0.0 0.0 0.0 17.7128441229" Properties=species:S:1:pos:R:3 pbc="T T T"
O       12.39197509       4.14286839       3.19913965
C       10.84779941       3.79119714       6.64139006
C       11.25671842       3.55323983       5.23127340
C       11.58565871       4.70849313       7.38522103
C       12.11036763       4.36950896       4.53063216
C        9.70540695       3.02038047       7.24858033
C       12.52159762       5.44202419       6.66998815
C       12.71996880       5.38793086       5.24518003
H       10.64428801       2.88248630       4.69647745
H       11.65337970       4.91668600       8.42131512
H        8.78389938       3.61721999       7.10447836
H        9.50891921       2.08470811       6.72847441
H        9.77463292       2.80475724       8.33889856
H       13.12034018       6.13580720       7.18286042
H       13.38857621       5.98553574       4.73708368
H       13.07151495       4.77776733       2.88329922
O        5.29358572       3.44071426       2.54589419
C        8.25526558       5.52429383       3.32821473
C        7.19084329       4.87619141       2.63498174
C        8.10925596       5.82975887       4.70886275
C        6.18222311       4.21815955       3.29418506
C        9.46933551       5.98246185       2.64698258
C        6.98730074       5.21718473       5.37891747
C        6.11180343       4.35085937       4.69407378
H        7.38717066       4.72613433       1.55804335
H        8.90641000       6.21520565       5.34433202
H       10.35702168       6.05113665       3.24767518
H        9.62157500       5.44010461       1.73282884
H        9.20969721       7.01634395       2.33146606
H        6.93774384       5.36012010       6.48959627
H        5.46418123       3.78720241       5.30147894
H        5.74298070       2.87737598       1.96324458
O       16.48529995       1.77660917      11.06147734
C       15.08425299       1.99854054       7.67330015
C       15.97620655       2.24764719       8.78587911
C       13.89342793       1.20883909       7.85224139
C       15.60539485       1.72226806      10.02970798
C       15.30225158       2.76786883       6.36990577
C       13.55040260       0.77320383       9.15978138
C       14.39847855       1.05859508      10.27690266
H       16.91087483       2.84570159       8.64980713
H       13.29123505       1.08404051       6.95606202
H       16.32973198       2.53845982       5.99011829
H       14.58586967       2.61278081       5.60231532
H       15.45653350       3.85390305       6.44465266
H       12.69297144       0.15657107       9.24328717
H       14.09620641       0.86513208      11.28022768
H       17.31273589       2.32590831      10.96695333
O        4.08716348       3.15420150       9.76047167
C        3.82272592       1.86270891       6.27639679
C        3.56738599       2.57357733       7.48900368
C        4.95413277       1.04367853       6.22379582
C        4.41556090       2.45156007       8.61564111
C        2.89485808       1.99273564       5.13445538
C        5.81994481       0.89766731       7.30595730
C        5.53183912       1.54743093       8.55698924
H        2.75130851       3.29985827       7.48424762
H        5.19554768       0.53930281       5.31576518
H        3.25979638       2.74116934       4.45954135
H        2.91003925       0.99965647       4.63662202
H        1.83269447       2.13472381       5.26954433
H        6.61644321       0.14374884       7.20067723
H        6.08647773       1.30274631       9.39735917
H        4.70287097       2.95647862      10.46839622
O       11.12556547       8.85290167      10.77788211
C       14.48630943      10.30940102      10.90887937
C       13.08179476      10.21225344      10.91768255
C       15.30386939       9.16538722      11.24179274
C       12.46028620       8.93145665      10.97743385
C       15.21105453      11.61884945      10.72182975
C       14.58392507       7.91479785      11.39712746
C       13.21125186       7.79721722      11.20490849
H       12.44650224      11.04815574      10.68353170
H       16.27876994       9.15603280      11.37181983
H       14.69152659      12.24557695       9.93349285
H       15.05962418      12.11614545      11.68941966
H       16.33386053      11.51290613      10.49548451
H       15.13603690       6.98755905      11.68657688
H       12.74235259       6.77746541      11.27388227
H       10.68234654       9.66391884      10.68721038
O       15.57221391      13.03160651       2.48097807
C       15.25972769      16.36969589       4.14456628
C       14.94911624      15.32780900       3.26701895
C       16.24449278      16.16300437       5.17668119
C       15.75015038      14.11840287       3.33708879
C       14.30744319      17.53164756       4.26314764
C       16.86502550      14.90503759       5.34212130
C       16.68462121      13.94062893       4.36290365
H       14.23895157      15.50156988       2.46697801
H       16.43753600      16.91883842       5.92034764
H       14.01054706       0.24346596       3.32690087
H       13.39180636      17.00564145       4.50875226
H       14.51883276       0.50490763       5.08256641
H       17.57429648      14.71203452       6.11469547
H       17.17513768      13.01310200       4.55978361
H       14.71195747      13.07221235       1.94016472
O        1.76881652       9.68296514       2.79671408
C        5.41183594       9.53511306       3.53426791
C        4.14265841       9.18301494       3.14157773
C        5.63280462      10.89397962       3.95231432
C        3.01469124      10.03512964       3.24074022
C        6.63203189       8.59112999       3.41243493
C        4.51724911      11.72421773       4.18988142
C        3.23619190      11.31513625       3.81057097
H        4.03898423       8.16703832       2.80579740
H        6.60099787      11.27503441       4.32663153
H        7.01152236       8.52595586       4.45187556
H        6.57607815       7.60142682       3.05370992
H        7.51560919       8.99487205       2.85467951
H        4.71208476      12.63101027       4.69045456
H        2.35773576      11.83344115       4.08443194
H        1.18905402      10.43071142       2.73007476
O        3.59440173       5.86700694       9.75795665
C        2.73310821       8.61168781       7.43955796
C        2.91062606       7.86251295       8.59759327
C        3.31684129       8.13991711       6.23801207
C        3.52327581       6.61905952       8.58005300
C        1.82670163       9.79423451       7.42034417
C        4.05702719       6.93107621       6.22822224
C        4.11222620       6.15674276       7.37424409
H        2.55578968       8.25092843       9.53792163
H        3.07984965       8.70573580       5.38081835
H        1.50216551       9.99903914       6.43276656
H        1.03955990       9.68963327       8.11682331
H        2.35433883      10.68996564       7.87243073
H        4.39837224       6.58821148       5.35382508
H        4.57079254       5.19778847       7.39337268
H        3.97449551       4.97566291       9.61684900
O        0.92021523       3.25360090      10.45705471
C        0.66577828       5.11459457      13.72089244
C        0.36353575       4.55303491      12.43877960
C        1.90356854       4.74056361      14.32767685
C        1.22837675       3.68338845      11.77261932
C       17.33480370       6.02713708      14.35844252
C        2.75414255       3.86979764      13.68961006
C        2.39546370       3.26402432      12.44081331
H       17.23606449       4.91495178      11.83583670
H        2.21578287       5.20255217      15.20633852
H       16.44560848       6.30173432      13.82542325
H       16.88346082       5.54998969      15.23277285
H        0.03587676       6.88691515      14.83827142
H        3.69084214       3.58622648      14.21612052
H        3.15787149       2.59671241      12.03846255
H        1.74898277       2.95523540      10.16359214
O        6.51936864       0.30378222      12.74858316
C        2.91867368      17.40106733      13.47329062
C        4.09916203      17.66863218      12.74877274
C        3.08338335      17.30728275      14.87851183
C        5.39612601      17.67779297      13.40555556
C        1.55268452      17.30873065      12.85780734
C        4.31089151      17.16247652      15.55352198
C        5.44405467      17.29695575      14.76690722
H        4.13574607       0.12757652      11.68547626
H        2.16976351      17.19977117      15.50279458
H        1.32274163      16.35751510      12.30203391
H        0.70292507      17.58160413      13.47368269
H        1.49859470       0.47077742      12.25169911
H        4.43401560      17.06015563      16.64773523
H        6.37790315      17.02895374      15.21705593
H        7.32965028       0.32271037      13.25007126
O        0.49645721      12.32726542      13.88027944
C        2.38090358       9.20735929      14.71539205
C        1.87756620      10.53322167      14.76757726
C        2.17622191       8.41182121      13.61180727
C        1.13166593      11.11888246      13.73274121
C        3.15135818       8.58513164      15.87249975
C        1.46701056       9.04319836      12.51985932
C        0.96454917      10.32001311      12.61350666
H        2.09551514      11.17713037      15.58024072
H        2.56838232       7.42656326      13.43994008
H        3.36159212       9.39645458      16.57895490
H        2.48365213       7.83116943      16.35226108
H        4.07374345       8.08559868      15.60302211
H        1.33199419       8.64147470      11.57483918
H        0.66289428      10.71851467      11.72676416
H        0.25987492      12.42019853      14.77200643
O        9.61656836      14.03265764      10.02327980
C       12.26588149      15.44573772       7.88019086
C       11.56486776      14.57522823       8.79394243
C       11.58235848      16.38656827       7.11096171
C       10.20892847      14.71675808       8.94028272
C       13.71739776      15.25471230       7.68625798
C       10.20590665      16.59381865       7.44583775
C        9.51529595      15.75086006       8.31024881
H       12.14765587      13.82941209       9.29760017
H       12.09485926      17.00602935       6.43198892
H       14.16966596      14.75135726       8.50708132
H       13.81021660      14.59166761       6.74675310
H       14.09826830      16.27140584       7.60616843
H        9.64960516      17.44950932       7.03167433
H        8.50858806      16.00091343       8.60912310
H        8.82367756      14.51520781      10.27943276
O       10.32618275       8.98731321      17.27594116
C        7.99217298      11.58876709       0.85102367
C        9.17778353      10.84633818       0.66890167
C        6.76225822      11.15848464       0.30397943
C        9.22909394       9.80226102      17.43792342
C        7.85931396      12.75980262       1.86540386
C        6.82811986      10.08297506      17.07441658
C        8.06004543       9.43537626      16.70546300
H       10.08819285      11.09714012       1.22668440
H        5.80967272      11.53537210       0.58391453
H        7.56270590      12.35960895       2.81825192
H        8.77392835      13.27230410       1.90093183
H        7.15580265      13.53753057       1.48878560
H        5.84554391       9.75984027      16.64280263
H        8.10831003       8.67079372      15.98181792
H       10.10139399       8.25571768      16.80516013
O        8.54523990       1.28711345      14.38106661
C       11.45412941      17.22147139      13.01502749
C       10.16254753      17.62874637      13.20076256
C       12.49254625       0.00087495      13.84187190
C        9.83544511       0.85889164      14.19175227
C       11.79523203      16.27240637      11.83433177
C       12.21712641       0.97348077      14.84008479
C       10.87615986       1.37782858      14.97970313
H        9.32752272      17.12329916      12.68283099
H       13.47201870      17.40322076      13.51461020
H       10.95115286      16.36332109      11.09355778
H       12.77357424      16.39114191      11.31943705
H       11.73574290      15.21948809      12.14516269
H       12.94137411       1.46854267      15.44030225
H       10.61419088       2.11086875      15.69406278
H        8.56696555       2.05812116      14.94492877
O       16.76542160       8.91513686       3.51404717
C       17.34480661       6.32121999       6.14718426
C       17.60023733       7.16937574       4.98751649
C       16.30105928       6.60263865       7.06644521
C       16.63379997       8.11534705       4.68310324
C        0.58212056       5.16262962       6.46744166
C       15.43065780       7.69732207       6.76415950
C       15.51421862       8.28975221       5.53998919
H        0.63495104       6.98650079       4.35687238
H       16.25045104       6.02684313       7.97093042
H        1.24306945       4.88980448       5.57886641
H        1.10199133       5.36178273       7.39166147
H       17.68955499       4.31643456       6.64317932
H       14.60699846       7.96450751       7.41014672
H       14.70374911       8.97290981       5.34588544
H       17.59544033       8.85175946       2.96211965
O       12.32397836      10.27040625       2.15013462
C       12.43859375      10.59343892       5.77527482
C       12.70990285      10.86475280       4.43849471
C       11.73651081       9.45270246       6.21743820
C       12.17873437      10.03197870       3.45685434
C       12.98905953      11.48245026       6.85727873
C       11.14496238       8.57513614       5.25992115
C       11.35145915       8.93203349       3.92357813
H       13.15719779      11.83488594       4.21844651
H       11.64263809       9.22121815       7.31245982
H       13.54473122      10.89948974       7.57961573
H       13.82390052      11.97994494       6.49201351
H       12.31522533      12.20486532       7.22083841
H       10.50800870       7.78417274       5.58600490
H       10.85862677       8.25406430       3.22136243
H       11.87544289       9.63331649       1.69079561
O        8.11037360       4.07977799      15.37167556
C        4.83389440       3.76140842      16.78321589
C        5.98167345       3.60090020      16.00209926
C        4.76209580       4.92920610      17.54135320
C        7.03084780       4.53432359      16.06249230
C        3.69329561       2.77742824      16.84417166
C        5.78811962       5.84346801      17.62613484
C        6.94756352       5.68768692      16.84613601
H        6.01864054       2.70332971      15.47160076
H        3.82350498       5.07066127       0.44632765
H        3.71293629       2.04686161      15.93242364
H        3.83802843       2.12604462      17.66147255
H        2.75261868       3.28904237      16.85617209
H        5.70951990       6.70181294       0.58994771
H        7.79017950       6.38386158      16.92479727
H        8.83800196       4.69661303      15.33612584
O        5.61340782       0.72217172       1.94850453
C        2.38218154      16.57619988       2.50172951
C        3.25465173      17.65386863       2.20038615
C        2.92837092      15.29556450       2.56560549
C        4.67805856      17.44206130       2.17478570
C        0.85807650      16.80686828       2.51368468
C        4.29245847      15.02779089       2.51365771
C        5.20607900      16.11652050       2.26710515
H        2.83402977       0.89044999       2.05787900
H        2.26305838      14.48764480       2.68469158
H        0.42436681      16.58151342       3.45072919
H        0.69053858       0.14724110       2.32447333
H        0.48145370      16.14210378       1.72641165
H        4.63515856      14.01307326       2.66284656
H        6.31226190      15.87469949       2.22051111
H        6.48673973       0.62515671       2.37540925
O       10.19919355       7.50396556      12.91294715
C        7.19146055       9.65852725      12.40055666
C        8.47725464       9.17174680      12.44243046
C        6.21712585       8.70435364      12.84527397
C        8.85712440       7.93053646      12.94659442
C        6.75105978      11.08834688      11.93425394
C        6.49927345       7.41115570      13.29448698
C        7.86693115       7.03777745      13.39049225
H        9.17661532       9.74792873      11.86198639
H        5.13955647       8.93866733      12.73252018
H        6.20556955      11.07046537      11.06511766
H        5.91097397      11.44040570      12.45450821
H        7.61594222      11.69447005      11.82606309
H        5.63934292       6.82513847      13.48113160
H        8.01668888       5.98933078      13.69169263
H       10.61496472       7.97416635      12.22615986
O       14.72824888       8.18628944       1.62175344
C       14.30793996       9.07916858      15.87023237
C       14.16364134       8.48141252      17.07683298
C       15.47944037       9.78491117      15.60172821
C       15.06411023       8.63623237       0.38922335
C       13.16749028       9.10476292      14.82644832
C       16.50109689       9.83162892      16.65065230
C       16.26594923       9.21850998       0.18846797
H       13.22542960       7.92543606      17.22295092
H       15.57013394      10.23689078      14.59731105
H       12.69814365      10.09381669      14.89860843
H       13.62302766       8.82572636      13.85085033
H       12.46318692       8.28668287      14.97073264
H       17.39521733      10.48151953      16.52026210
H       17.06702879       9.33575514       0.92905639
H       15.18123363       8.81965245       2.20668438
O        9.63037307      11.28334958       9.77424172
C        6.43996125      10.85758337       7.79470341
C        7.40805786      11.48941205       8.64585863
C        6.70407299       9.64553793       7.11850985
C        8.63227535      10.80149992       8.88634070
C        5.06812156      11.43790417       7.78622135
C        7.95371825       9.06062443       7.30909767
C        8.84009606       9.55894984       8.25906268
H        7.18646133      12.49073452       9.10461930
H        5.88568311       9.25479788       6.50226073
H        5.09419265      12.52221454       7.78336974
H        4.63879436      11.11725889       6.87901909
H        4.47687735      10.89736124       8.50168828
H        8.07230196       8.12680873       6.70033057
H        9.69618799       8.98429038       8.46164578
H        9.49980064      12.21081749       9.85375148
O        0.42876425      12.02436524       2.05435684
C        0.46677774      14.18745804      16.76471419
C       17.66569213      13.51047422       0.11463429
C        1.82183634      14.26606167      16.48765374
C        0.80094416      12.77777399       0.94062284
C       17.31102440      15.00205786      15.90054450
C        2.70122766      13.55905338      17.30231159
C        2.16894647      12.80342985       0.69325252
H       16.62715489      13.58796101       0.33044607
H        2.11514999      14.79031485      15.68749461
H       16.28174190      14.73520586      15.80733198
H       17.37254657      15.94427663      16.34748926
H       17.62375480      14.99200047      14.89208066
H        3.76121383      13.39292413      17.15662681
H        2.92914019      12.40094087       1.32199280
H       17.28085451      12.42818367       2.23403682
O       15.84652429      15.30113417      12.54299999
C        0.41125612      13.79629925      10.04522767
C       17.52208886      14.11229997      11.25482670
C        0.05819089      14.56730355       8.91652358
C       16.45227112      15.00997959      11.33251644
C        1.54394271      12.80419846       9.84095724
C       16.73764803      15.54020030       8.96629235
C       16.08535111      15.75832581      10.19397102
H        0.15046193      13.61995493      12.13200022
H        0.57243780      14.44972358       7.92511125
H        0.94719500      11.86589177       9.91644280
H        2.01765388      12.87112024       8.83666250
H        2.37407998      12.94273177      10.54591979
H       16.38229723      16.09795892       8.05637013
H       15.36975239      16.55299400      10.34421785
H       16.01726115      16.12377822      13.02166037
O       13.32132047      12.59425221       0.93470067
C       11.10648415      12.90507609      15.66336777
C       11.94676875      12.36444293      16.68372836
C       10.85636827      14.25833851      15.61067711
C       12.51975393      13.12536876      17.66686577
C       10.36043509      12.06038324      14.70007486
C       11.42112975      15.01987501      16.61793055
C       12.29270539      14.50211996      17.63118209
H       12.22596431      11.29530320      16.72712127
H       10.14769631      14.71527163      14.87965433
H       10.96527327      11.90264030      13.74699981
H       10.07694215      11.10853175      15.11684862
H        9.52252685      12.63004229      14.27322592
H       11.43600077      16.09801813      16.50341411
H       12.74875075      15.21690616       0.64456371
H       12.97159433      11.75220355       1.23574702
O       10.13112472       6.02663173      15.43096548
C       13.36572945       4.25102609      14.62743123
C       12.14989062       4.99231383      14.41938765
C       13.79716257       3.96009186      15.92937132
C       11.32936992       5.33579008      15.54992684
C       14.18405950       3.77516393      13.34839161
C       12.97800924       4.29084493      17.01092779
C       11.79351892       5.01228076      16.85645431
H       11.85419160       5.31527654      13.51398036
H       14.74292984       3.46407084      16.12615490
H       15.08996272       3.16928574      13.73872185
H       13.65113287       3.20979034      12.67557035
H       14.59359161       4.66981588      12.83438225
H       13.33802463       4.04366931       0.31605722
H       11.18394808       5.27670714       0.03234541
H       10.26322404       6.63913060      14.67283835
O        5.52387618      14.88568510       8.63637133
C        2.51525397      16.92284251       8.35636636
C        3.77330944      16.41814234       8.84320541
C        2.04821404      16.48010510       7.12013596
C        4.53129405      15.52544897       8.06158333
C        1.70814451       0.09548935       9.24752180
C        2.75098908      15.52484605       6.34802787
C        3.98466674      15.02906104       6.85270067
H        3.95723321      16.52703654       9.90159157
H        1.07356057      16.87492477       6.74856294
H        0.98310923       0.73954533       8.78100577
H        1.10935137      16.95075871       9.67161963
H        2.19743814       0.45650786      10.15869735
H        2.39753091      15.19289089       5.40694753
H        4.34857338      14.15131391       6.25941893
H        6.04573368      14.38975034       7.99662892
O       11.91753051       1.30730794       2.06894467
C        8.97402311       0.01127438       0.25690922
C       10.18436499       0.05400945       0.90887977
C        8.30632364       1.25320617       0.05195180
C       10.70027031       1.25528529       1.38587071
C        8.36538063      16.41992660      17.45041249
C        8.83379513       2.45300741       0.52216470
C       10.06595793       2.46082952       1.21301730
H       10.71904500      16.78651442       1.05576010
H        7.39813510       1.29314528      17.22202782
H        8.95778596      15.81908434      16.68697497
H        8.33597236      15.69809010       0.50217027
H        7.32377583      16.53428551      17.11285598
H        8.34402577       3.36756338       0.28292164
H       10.49389669       3.38225745       1.50726304
H       12.03420007       2.18656547       2.36458486
O        6.92686660      13.82991564       6.78066477
C        9.86667517      14.53236315       4.77173554
C        8.94464310      13.86043262       5.55314092
C        9.53795282      15.82398958       4.26989241
C        7.73287258      14.53362887       5.94323820
C       11.18683101      13.96939988       4.48061574
C        8.38759437      16.49951503       4.69645978
C        7.42531007      15.77901515       5.49282430
H        9.23084238      12.88561616       5.92887655
H       10.24690368      16.32597670       3.67276310
H       11.58916313      14.48170091       3.62901529
H       11.83324467      14.02147422       5.33912070
H       10.95995615      12.92177347       4.26555045
H        8.14609058      17.49729728       4.34932644
H        6.45632292      16.20700868       5.59577782
H        7.34474538      13.03048120       7.05069176
O        7.32119721      15.22925262      10.99587020
C        6.44276904      13.77316423      14.27406998
C        7.13983034      14.38769108      13.20966099
C        5.04702643      13.63376321      14.13850045
C        6.53621846      14.71919460      11.99668098
C        7.09270566      13.14605352      15.52601920
C        4.40606592      14.11336837      12.95106210
C        5.13362616      14.66122016      11.85681009
H        8.18137341      14.44019731      13.22329734
H        4.42008649      13.24314599      14.94616098
H        7.41730350      12.12153360      15.37809910
H        7.98842683      13.60733086      15.94649716
H        6.34395661      13.04532696      16.38553655
H        3.32103417      14.09704200      12.77250556
H        4.65325911      15.04400628      10.98369297
H        6.85057675      15.91597050      10.50065585
O        5.96037178       2.69023507      11.93532310
C        9.38614513       3.71101747      11.23995032
C        8.29160102       2.94064219      11.67525850
C        9.11313938       4.96985758      10.71618655
C        7.00723542       3.41355784      11.50943452
C       10.72466342       3.07714754      11.38041672
C        7.82197246       5.42894086      10.53879555
C        6.74558989       4.69704357      10.96300317
H        8.59668066       1.95098389      12.07680420
H        9.97813424       5.69037409      10.56017767
H       10.93784895       2.71358796      12.27920724
H       10.88016949       2.32822294      10.70005776
H       11.43321184       3.84203028      11.18928417
H        7.64139856       6.43716412      10.25441982
H        5.78585465       4.96543147      10.76218388
H        6.18520367       1.80432363      12.22502832
O       14.47862037       5.58846715       2.20939654
C        0.31838048       4.81268541       2.19692943
C       16.83930205       5.46658226       1.98004477
C        0.35108884       3.54894897       2.77686662
C       15.67598513       4.89896247       2.39472106
C        1.59657801       5.47316522       1.75089866
C       16.87370102       2.98702885       3.22713964
C       15.65168320       3.62660984       2.99416291
H       16.86024881       6.48507585       1.62858761
H        1.32460954       3.05514011       2.91315781
H        1.69157282       5.60072057       0.69215979
H        1.65416338       6.56202308       1.93667323
H        2.41191206       4.95812427       2.25933997
H       16.92325137       1.93737062       3.67874056
H       14.76795827       3.11865289       3.12550406
H       14.64168567       6.47070205       1.84687139
O       16.02605373       0.29479294      13.33979971
C       15.54335932       0.58760600      16.98844793
C       15.42018990       0.18531962      15.65357965
C       16.50575065       1.60457936      17.28346515
C       16.22444992       0.69966012      14.63847830
C       14.52981968       0.20437545       0.30100942
C       17.32140055       2.09526869      16.29131409
C       17.17352255       1.70686852      14.96516387
H       14.56401026      17.24266011      15.64361076
H       16.54686644       2.13754295       0.46449963
H       14.23887057      16.91323330       0.21102864
H       14.97208291       0.22744016       1.27439753
H       13.69121063       0.91629601       0.30764117
H        0.34547159       2.96982133      16.44863301
H        0.10704093       2.12336991      14.21415003
H       16.20553154       0.95374447      12.65871419
