512
Lattice="17.7128441229 0.0 0.0 0.0 17.7128441229 0.0 0.0 0.0 17.7128441229" Properties=species:S:1:pos:R:3 pbc="T T T"
O       11.80802554       2.98719173       4.78759554
C        9.63532527       3.42141756       7.78300415
C       10.30979309       2.82675926       6.66021665
C       10.16434290       4.64373197       8.32340475
C       11.41924407       3.50059169       6.02788324
C        8.45479114       2.56695592       8.32238065
C       11.22835086       5.27737022       7.68943332
C       11.83477943       4.72673162       6.55107240
H       10.09173663       1.85052279       6.31776843
H        9.67043595       5.13217414       9.11901038
H        8.39997828       2.78304506       9.42396169
H        7.58760496       2.69481971       7.73449444
H        8.68063849       1.55277257       8.17313368
H       11.49978588       6.27662765       7.98069543
H       12.52083301       5.28941370       5.92170375
H       12.41789939       3.60094083       4.32758084
O        9.59782033       4.00210074       3.12804562
C        9.92509948       7.34882641       4.59252362
C       10.16134120       6.22782840       3.80708150
C        8.90143087       7.33660835       5.60847249
C        9.33031274       5.10507351       3.86788183
C       10.89317010       8.51962461       4.45121127
C        8.02608875       6.15712527       5.66231281
C        8.26151093       5.11321877       4.79724451
H       10.94123977       6.32095610       3.11135032
H        8.88861787       8.26708945       6.21083123
H       10.83015998       8.74423461       3.35772638
H       10.79556194       9.43432593       5.02529680
H       11.92718776       8.19689257       4.74921571
H        7.34396412       5.99486921       6.41014443
H        7.64643986       4.22536271       5.01276825
H        9.24303373       3.14345746       3.45938035
O       17.20060942       1.10443472      10.82925473
C       15.20205070       2.06613199       7.81763915
C       16.11443235       2.15544948       8.85184577
C       14.49320057       0.87557717       7.59129589
C       16.25680521       1.08144232       9.82518691
C       14.80739691       3.29551443       7.04964884
C       14.79404067      17.47617298       8.40237882
C       15.53724996      17.62128623       9.56570265
H       16.58759818       3.08780444       8.94354838
H       13.66990977       0.79896886       6.88159297
H       14.37132152       4.02680143       7.68768611
H       15.68585674       3.55385383       6.39157071
H       13.96283443       3.04250736       6.35118496
H       14.35659976      16.53509913       8.25939821
H       15.69872067      16.80103097      10.16549174
H        0.05567876       1.88948873      10.78439340
O        3.45148839       3.82775962      10.18135240
C        2.67573393       3.34288477       6.63439291
C        2.50292411       3.53064381       8.01394715
C        3.99128764       3.19165291       6.15348549
C        3.70821321       3.64616379       8.82709545
C        1.45604976       3.21543122       5.73279295
C        5.18169063       3.33938009       6.94733617
C        5.02891825       3.54691822       8.29863804
H        1.48941503       3.70575239       8.40697602
H        4.12877380       2.94984161       5.10273746
H        1.27575461       3.93619323       4.91332784
H        1.51435059       2.16830838       5.28346488
H        0.53982007       3.19365356       6.32482187
H        6.10738900       3.21783114       6.47446771
H        5.81209042       3.59789832       9.02036601
H        4.22248866       4.02172877      10.75073383
O       11.29861360       8.39323046       9.25515397
C       14.48090398       9.32437874      10.76365384
C       13.30383630       9.39238945      10.02483789
C       15.01058716       8.06475531      11.11803973
C       12.50798533       8.27301772       9.78955573
C       15.10746154      10.59536748      11.10149657
C       14.21360754       6.91333037      10.79245803
C       13.01063736       7.04344937      10.09458934
H       13.10119060      10.39448046       9.60902185
H       15.93025947       7.95204659      11.73452543
H       15.66654151      10.37632161      12.01721101
H       15.88153353      10.90198499      10.42045046
H       14.53713499      11.41896720      11.38658061
H       14.66188920       5.95046563      11.01384893
H       12.49347189       6.15635516       9.84334948
H       11.06111766       9.24647961       8.97215936
O       16.22993034      12.98199060       1.37272527
C       16.64374722      13.67106715       5.00790582
C       16.86764662      13.12007925       3.71319072
C       15.75910580      14.69635151       5.17190047
C       16.03164129      13.49577039       2.64474791
C       17.42553510      13.12857998       6.13213029
C       14.93840825      15.10955231       4.13545499
C       15.04142123      14.47836135       2.88297472
H       17.59651786      12.37121406       3.55571611
H       15.57835920      15.11923381       6.17499887
H        0.13488931      12.14831713       5.78407215
H        0.59110208      13.64336154       6.46783671
H       16.78515490      13.01526243       7.04231507
H       14.17123118      15.83907560       4.28852966
H       14.40969331      14.81158027       2.12163013
H       15.39568060      12.80429112       0.96257446
O        2.32191028       8.64858352       1.10854896
C        3.63960757       6.56114606       3.75732269
C        3.38263695       7.11569898       2.47376237
C        2.78287449       6.93402161       4.80219386
C        2.39764376       8.12227574       2.32907371
C        4.79851564       5.68493667       4.04924126
C        1.81783373       7.95633763       4.67676369
C        1.60731589       8.58893477       3.46043520
H        3.94795675       6.74258514       1.65692853
H        2.82028059       6.43151279       5.75158151
H        4.79453863       5.49408414       5.18338878
H        4.71031140       4.71851605       3.52176569
H        5.77371830       6.04357355       3.74456646
H        1.18139822       8.22524819       5.44375609
H        0.81536772       9.35907404       3.43441232
H        1.79922519       9.46685175       1.10173139
O        0.85742815       8.18903681      12.10930016
C        2.03210907       9.39497670       8.90252342
C        1.50204771       9.39332203      10.19758494
C        2.73422794       8.33752199       8.39232094
C        1.55714767       8.20539251      10.92798408
C        1.85352378      10.73020010       8.14914139
C        3.02593182       7.21088871       9.24246930
C        2.38175368       7.15521623      10.47358727
H        0.89121765      10.22658318      10.57096012
H        3.15127763       8.38167654       7.37598470
H        2.43252687      11.48669620       8.54187565
H        2.05589579      10.62525180       7.06109494
H        0.87919328      11.14632394       8.08579317
H        3.55197274       6.31543537       8.95804182
H        2.62008349       6.32976770      11.12478813
H        0.53121877       7.29559126      12.36669723
O        0.69840074       3.59708946      10.85297881
C       16.50863272       4.90281824      13.68016727
C       16.80759045       4.32024664      12.39458802
C       17.55005919       5.19395934      14.57076015
C        0.45271044       4.05251788      12.09519998
C       15.16222325       5.48504106      13.93262609
C        1.13846968       4.75447683      14.28329999
C        1.46532966       4.26929319      12.99376984
H       16.08978183       3.98161160      11.73051616
H       17.40331539       5.61458773      15.54668345
H       14.48549294       5.32438828      13.04131085
H       14.82787187       4.84597205      14.64689511
H       15.05639881       6.48665774      14.42691084
H        1.88231207       4.75728773      15.10671172
H        2.51686907       4.15667101      12.78696776
H        1.66120332       3.63918373      10.73705214
O        6.35521254       1.40752288      12.20173829
C        3.46503747      17.12709123      11.32307170
C        4.45746308       0.41405996      11.33130432
C        3.61664192      16.01574456      12.17483098
C        5.56056019       0.29596841      12.19831928
C        2.33345902      17.18595097      10.33884466
C        4.74527658      15.88102000      13.01509486
C        5.72865833      16.92858245      13.07263815
H        4.34617038       1.25997203      10.67862359
H        2.86902550      15.28545811      12.10098511
H        2.65412895       0.06819685       9.51129360
H        1.97685648      16.21314636       9.96224758
H        1.62627910      17.61464559      11.01573283
H        4.83008468      15.07044784      13.65705363
H        6.52772600      16.79133154      13.83061043
H        7.05793640       1.39607272      12.81485603
O        2.62567418       7.79124096      16.26835078
C        6.09698432       6.91104928      15.91435347
C        4.94920130       7.24946602      16.56752876
C        6.17910548       6.70251261      14.51522446
C        3.84525911       7.47354919      15.73154448
C        7.39493525       6.95315373      16.67923990
C        5.02709848       6.83007991      13.77861589
C        3.81828989       7.23738834      14.32566031
H        4.89510024       7.44382329      17.63658284
H        7.13075179       6.67370725      14.12667164
H        7.52849402       7.94423553      16.95906054
H        7.40438672       6.18061700      17.44893734
H        8.32839381       6.70350173      16.22885244
H        5.16389800       6.67805020      12.72083018
H        2.96052642       7.36946245      13.81735934
H        2.58002914       7.97510022      17.20084497
O        6.04655901      14.28518624       8.41426639
C        9.14924201      16.15471470       8.02265283
C        8.09190958      15.33027215       7.66328365
C        9.30789607      16.68043856       9.31002433
C        7.09709525      15.09163039       8.62493145
C       10.25572214      16.32337570       6.98161797
C        8.29188479      16.46449451      10.27282624
C        7.13935634      15.68595891       9.91459738
H        7.99204801      14.91312043       6.63329963
H       10.17769602      17.33576251       9.42144854
H       11.18106037      15.72322716       7.18091605
H        9.81285225      15.93868584       5.98859981
H       10.44498098      17.36987801       6.97615623
H        8.48034937      16.80008524      11.27770069
H        6.26597362      15.47625732      10.50941867
H        5.53711858      14.05270402       9.09878441
O       11.20332352      10.24976772      17.28951471
C        7.96732455       9.59876687       1.38758362
C        9.30188683       9.45871428       0.92333085
C        7.33337380      10.78860234       1.08341998
C        9.90739646      10.41090979       0.07487926
C        7.33703122       8.49952411       2.23919629
C        7.93089543      11.76701611       0.29008985
C        9.13580853      11.59213165      17.49117501
H        9.86559791       8.57520388       1.16456677
H        6.30834073      10.87837348       1.38217867
H        6.24868223       8.55296056       2.23372966
H        7.65187540       7.54409131       1.86999570
H        7.60206016       8.55695892       3.30018727
H        7.29803048      12.61849778       0.08803029
H        9.63228450      12.27591848      16.79441488
H       11.49929505      10.73591056      16.47438882
O        8.57572973       1.49488263      14.14718745
C       11.28155028       1.74187215      11.74306552
C        9.96802055       1.69262088      12.26628600
C       12.43430942       1.55984625      12.56299709
C        9.81032171       1.42847873      13.62345651
C       11.43081618       1.96557993      10.24866923
C       12.20207368       1.40265885      13.96316413
C       10.94245286       1.32821037      14.51141587
H        9.06967931       1.89815011      11.69432872
H       13.49517465       1.55443118      12.19162588
H       11.95580013       1.06750130       9.90102845
H       10.49369687       1.96399045       9.73784381
H       12.11865930       2.83766521      10.00119562
H       13.11660817       1.30440638      14.50009348
H       10.90608158       1.11436627      15.56365657
H        8.47698472       1.81691355      15.03147936
O       14.42387743       7.22871727       3.68180046
C       15.89437317       7.65945517       7.05599863
C       15.32301337       7.04775686       5.90697832
C       15.83689598       9.05885476       7.19638007
C       14.79221279       7.82363171       4.81616543
C       16.66850692       6.93276259       8.14682004
C       15.25339839       9.87232780       6.16156046
C       14.76859401       9.25357261       4.98914212
H       15.28789759       5.92479960       5.84052275
H       16.33897896       9.59241565       8.02795874
H       17.10790057       7.70057657       8.85846995
H       15.94722259       6.25145998       8.71967061
H       17.50195942       6.27381069       7.95096724
H       15.17640257      10.93187753       6.13182554
H       14.32636193       9.71696325       4.09191487
H       14.27073849       7.82638336       2.94309349
O       11.73121361      11.88096627       2.20700448
C       11.55449361      12.33054249       5.88065698
C       12.13092158      12.25588870       4.55847938
C       10.13331420      12.47951217       6.00417064
C       11.27984794      12.17332971       3.45545793
C       12.38604033      12.43834706       7.15258630
C        9.34053467      12.35815821       4.91967392
C        9.86108905      12.33203421       3.62926455
H       13.20255145      12.17381200       4.39494549
H        9.59642129      12.52881608       6.94652950
H       13.50294120      12.54864077       7.08193408
H       11.96781238      13.26510231       7.72827648
H       12.21262504      11.64392644       7.88811418
H        8.28285707      12.48622356       4.96466543
H        9.08101179      12.42291065       2.91049884
H       11.02687561      11.50566142       1.70905360
O        8.00956473       2.77722358      16.48873417
C        4.39701559       2.09752570      16.35252911
C        5.79646228       2.02840079      16.12511431
C        3.90239173       3.07574648      17.32282020
C        6.67427914       2.84213935      16.83207326
C        3.45976846       1.30602128      15.59546427
C        4.81729083       3.88821567       0.33577198
C        6.19885911       3.72439664       0.03693451
H        6.10464482       1.26282289      15.43305294
H        2.80596370       3.24113264      17.50592529
H        2.91431243       2.06694151      15.00116842
H        4.03402061       0.61181785      14.95764097
H        2.68752676       0.81912430      16.20222875
H        4.59839432       4.65583702       1.00799838
H        6.95229082       4.34656938       0.57802803
H        8.50106804       3.31454116      17.02566697
O        8.71822574       1.47220634       3.53157746
C        5.75404054       0.38659195       5.39344933
C        7.08170154       0.67197229       5.05652708
C        4.74340350       0.70929664       4.42036174
C        7.40301751       1.33359242       3.86962490
C        5.40969404      17.51049831       6.74066284
C        5.09216527       1.30952122       3.14524303
C        6.39034491       1.74461888       2.92264929
H        7.87094256       0.46688573       5.70103521
H        3.71979629       0.45784289       4.53678503
H        5.02631830      16.51963668       6.53870836
H        6.24415404      17.52666806       7.45385832
H        4.61279071       0.35968768       7.10678568
H        4.35406584       1.43284634       2.42458240
H        6.67771430       2.24834286       1.99276795
H        9.25068639       0.69462908       3.76164609
O       11.51287448      11.49443308      14.77481210
C       10.16211169      11.97735748      11.33704860
C       10.87872777      12.17405187      12.57955862
C        9.29061639      10.85568862      11.19638090
C       10.76313947      11.31166752      13.64734438
C       10.42517827      13.00964675      10.25348071
C        9.13926932      10.03440911      12.38200025
C        9.83648294      10.25540509      13.57238721
H       11.57284455      12.98603400      12.69640341
H        8.66308692      10.65809601      10.42106431
H        9.86110181      12.92883500       9.34884789
H       10.26003560      14.01917842      10.58882501
H       11.40913262      12.97573040       9.95724832
H        8.34460645       9.24485041      12.31276708
H        9.79222431       9.51113815      14.34362393
H       12.07456186      12.24919548      14.68136994
O       13.91825404       8.97072850       1.66072724
C       15.56628674       9.43799778      16.03528068
C       14.56152635       9.47350976      17.01629862
C       16.82310121       9.00894426      16.36334556
C       14.79332546       9.01256092       0.59870769
C       15.29689325       9.71898699      14.59965354
C       17.06384888       8.53041943      17.68395140
C       16.01988317       8.50428744       0.92253869
H       13.55184580       9.61209474      16.64844673
H       17.67926090       8.81539570      15.71856259
H       15.78579386       8.99204014      13.95677120
H       14.19308117       9.77297785      14.38099316
H       15.79542217      10.63816591      14.29184615
H        0.21080379       7.91539408       0.08499130
H       16.20734934       8.13288355       1.92006675
H       13.13713904       9.46774284       1.48645969
O        5.61857059      13.39359037       5.99946868
C        5.90466593       9.69762761       6.63267724
C        5.89595623      11.11272289       6.85432332
C        5.44412997       9.34507709       5.36070668
C        5.60026693      12.05297383       5.78581621
C        6.37380947       8.74278141       7.69325444
C        5.04312143      10.22936744       4.31534320
C        5.09904549      11.58049116       4.55780325
H        6.30898470      11.44817737       7.77225410
H        5.33852513       8.27334697       5.15779342
H        5.61437949       8.07093567       7.77997299
H        7.31589359       8.19676599       7.64683814
H        6.42766307       9.33971274       8.58632126
H        4.65614520       9.87240593       3.41923287
H        4.70466199      12.33881999       3.87596628
H        5.90117050      13.62041804       6.88110366
O        1.15074357      11.50215386       1.26455615
C        2.70339383      13.72552618      16.35790105
C        1.72099317      13.20367659      17.23203841
C        4.03839172      13.18835399      16.39888389
C        2.02289417      12.14649339       0.43371704
C        2.19702207      14.85952559      15.42691805
C        4.31317539      12.13086697      17.21756743
C        3.33049120      11.63320496       0.44002641
H        0.78298334      13.59049923      17.02401283
H        4.88729604      13.56597788      15.82345680
H        1.42936729      14.35627148      14.73901680
H        1.70461438      15.72027352      15.82976430
H        2.96802601      15.17740061      14.76438846
H        5.34057297      11.66891386      17.21603766
H        3.63932156      10.84541408       1.07426246
H        0.28633398      11.96097664       1.38056948
O       15.59039092      14.73955899      11.25420709
C        0.36093911      12.50123216      12.73212053
C       16.89099829      13.21853055      12.55361265
C        1.37894279      12.68323934      11.76326621
C       16.69520944      14.00176175      11.40668286
C        0.63207417      11.62458590      13.94663652
C        1.18193787      13.39325830      10.54128716
C       17.62320195      14.03182712      10.34368387
H       16.03032330      13.08050100      13.19597175
H        2.39079574      12.26597897      11.93912729
H       17.64562534      11.74133301      14.77536348
H        0.50455206      10.61149328      13.59121425
H        1.70677973      11.78629144      14.27146171
H        2.08322112      13.51374184       9.86169520
H       17.45975304      14.62310151       9.54368757
H       15.12599622      15.27264813      11.88693907
O       13.87526207      12.62633497       0.06508031
C       11.81345743      14.49697624      15.49290735
C       12.08773054      13.70604998      16.53743980
C       12.74017216      15.03331853      14.65761839
C       13.46254360      13.34926719      16.71375594
C       10.35623288      14.94759437      15.29141031
C       14.06163162      14.54193174      14.76690751
C       14.44737557      13.67337266      15.77524172
H       11.29792253      13.46439267      17.31451028
H       12.43275983      15.71271380      13.85068182
H       10.16463500      15.85474484      15.94047647
H       10.14954181      15.36281353      14.29841619
H        9.61287280      14.16793181      15.51672140
H       14.81638579      14.69110324      13.95572867
H       15.39064235      13.39932992      15.89648130
H       13.18890734      12.57240502       0.65964135
O       10.18540782       3.95695567       0.53849413
C       12.18161955       6.34011007      16.30845051
C       11.08944443       5.64129789      16.80811774
C       13.46668004       6.24539613      16.93048706
C       11.17506219       4.76416676       0.14727087
C       11.97745385       7.24918738      15.11514742
C       13.56931495       5.42461014       0.37243010
C       12.42839083       4.65535539       0.78892144
H       10.19843768       5.90672694      16.34804018
H       14.31478694       6.85341114      16.58438099
H       12.33002907       6.85272832      14.19257381
H       10.92164272       7.50485101      14.96887426
H       12.46284866       8.18548180      15.31114045
H       14.51723397       5.36349222       0.88208926
H       12.60210211       3.92760812       1.48498924
H       10.21544296       3.87205109       1.51839709
O        3.32888376      14.50480266       7.15669536
C        0.91436258      16.86052050       5.66017138
C        1.62734303      16.05837752       6.59319676
C        1.31349272      16.80232322       4.30470160
C        2.69683874      15.22255984       6.13882565
C       17.33193552      17.57273197       6.04651766
C        2.41248792      16.00096029       3.91956927
C        3.14636169      15.19556587       4.76589717
H        1.37093671      16.09088014       7.68221568
H        0.73139298      17.36911146       3.62005749
H       16.58345163      17.30119486       5.28647895
H       17.00988905      17.35353951       7.04386280
H       17.43072241       0.89338128       5.89146604
H        2.80265299      15.96942584       2.90191058
H        4.05439971      14.63000423       4.34869812
H        4.01098062      14.02940359       6.72204779
O       11.09656408       0.41390840       4.55509296
C       12.17806945       0.13279654       1.01520823
C       11.83819563       0.72393242       2.24324072
C       12.10491463      16.42352398       0.90052233
C       11.36318510      17.61113228       3.35285886
C       12.83593244       1.03422317       0.00270589
C       11.59574913      15.64806420       1.97531590
C       11.17511958      16.24483227       3.14796796
H       12.00596890       1.81174323       2.35939476
H       12.56274156      15.94145185       0.04442400
H       13.72691794       1.53479345       0.44716512
H       13.13607910       0.59641414      16.77740280
H       12.23756287       1.83563747      17.37177075
H       11.70024118      14.53241929       1.98832796
H       10.91721538      15.61233207       3.96118507
H       11.18972366       1.32574526       4.59412874
O        5.26367063      16.25069667      16.52097914
C        6.99291145      15.57693883       1.93796378
C        5.99383028      15.58718655       0.92425799
C        8.15614952      16.36758259       1.80953020
C        6.26312788      16.29218122      17.46978165
C        6.76561742      14.84067337       3.18982382
C        8.31497452      17.14046964       0.64006441
C        7.40269990      17.02904586      17.30112973
H        5.03199196      15.03269479       1.06338647
H        8.78360170      16.43971409       2.65004042
H        5.92338519      14.09805061       3.11657902
H        7.69988657      14.27635737       3.24331295
H        6.74658161      15.42756725       4.05465964
H        9.11472570       0.13908530       0.56586194
H        7.72331114      17.58202389      16.33415955
H        4.59967019      15.58580750      16.61564917
O        4.53121717      11.87503047      10.16317976
C        6.46686713      12.58063334      13.21285394
C        6.01296933      12.54993529      11.87210488
C        5.97559466      11.62852193      14.12249641
C        5.00808862      11.64002687      11.46890529
C        7.48782584      13.64775693      13.59822993
C        5.06063071      10.62063751      13.69543937
C        4.54772518      10.65540829      12.37563343
H        6.47448273      13.26721841      11.25768990
H        6.34347786      11.48126474      15.12002934
H        7.05956373      14.65290668      13.82786981
H        8.07434425      13.35379104      14.48263250
H        8.07558514      13.65582796      12.64392757
H        4.68146679       9.89287116      14.36314045
H        3.68925781       9.99429139      12.13225689
H        3.92732665      11.14546995       9.97887973
O        5.58168597       3.96522810      11.60554792
C        8.90503522       5.38542942      12.11692393
C        7.81955965       4.53322533      12.19194041
C        8.88931023       6.47885279      11.33554905
C        6.61869466       4.79399302      11.52245784
C       10.15552601       5.08419877      12.95404223
C        7.75198106       6.82623886      10.56519847
C        6.58723931       6.04350041      10.71271345
H        7.74279275       3.73120985      12.82564666
H        9.67148872       7.09305000      11.32224355
H        9.86673480       4.95783251      14.04937518
H       10.70852428       4.20084078      12.62227265
H       10.89996433       5.96255972      12.90287572
H        7.75226415       7.63987062       9.85969497
H        5.66059641       6.30147391      10.23929664
H        5.87764790       3.11405167      11.92979753
O       14.02087449       4.35283959       3.51366418
C       17.49819370       3.93146071       2.49729477
C       16.29473732       4.59940593       2.86976542
C       17.60660477       2.52940802       2.57583941
C       15.19359921       3.81750894       3.23885221
C        0.91176747       4.73779250       2.00802806
C       16.57181906       1.71203803       3.03115852
C       15.31436841       2.38720650       3.20202724
H       16.16373697       5.69116136       2.79636670
H        0.76755073       2.05371483       2.27114049
H        1.83132871       4.49797826       2.54555959
H        1.03939201       4.49762185       0.95512512
H        0.77666593       5.81392174       2.04868728
H       16.65805654       0.56317723       3.21519646
H       14.52524309       1.77488626       3.64755892
H       14.06920129       5.32122417       3.48508892
O       16.27536539      17.17538788      13.20157398
C       17.17003576      17.22560922      16.72940637
C       16.73379534      16.72948812      15.46725572
C       17.51920386       0.85716148      16.86083564
C       16.69948038      17.66550907      14.43827044
C       17.20700520      16.34424303       0.24649622
C       17.46846393       1.76461686      15.81406344
C       17.05517106       1.29397202      14.57943167
H       16.36027169      15.71119604      15.26400492
H        0.05594791       1.31527213       0.08162652
H        0.61858991      16.17717832       0.46925152
H       16.69955753      16.84475001       1.10194094
H       16.79780322      15.42418525      17.59100410
H        0.08386362       2.83194820      15.91291900
H       17.15062835       1.92960252      13.76730918
H       16.56793125      17.67409113      12.46858496
