512
Lattice="17.7128441229 0.0 0.0 0.0 17.7128441229 0.0 0.0 0.0 17.7128441229" Properties=species:S:1:pos:R:3 pbc="T T T"
O       11.98981994       3.43194314       5.37669326
C       10.16629805       3.33480905       8.59652890
C       10.64402845       3.02359191       7.30462849
C       10.40671943       4.65330120       9.07025503
C       11.48712626       3.91241908       6.57561735
C        9.21057570       2.47818133       9.42218440
C       11.08617499       5.60548621       8.35416006
C       11.73389308       5.21666654       7.11216312
H       10.39793351       2.00871916       7.01953504
H       10.14816660       4.96391689      10.02848339
H        8.69783855       1.67002387       8.84154550
H        9.74927976       1.95888483      10.20601291
H        8.54647932       3.15485722       9.89746968
H       11.26665143       6.66093740       8.67756094
H       12.26759387       5.99647772       6.67580454
H       12.74844327       3.94196475       5.12010782
O        7.57773496       4.15688811       2.27498546
C        9.60870670       7.14535501       3.04555552
C        8.81059239       6.23603150       2.34237831
C        9.77866806       6.91373382       4.41158570
C        8.23630844       5.10575122       3.03106846
C       10.20442537       8.27924922       2.31486372
C        9.22635426       5.79631050       5.06367773
C        8.38880623       4.96953293       4.37512091
H        8.65768969       6.39621229       1.25608762
H       10.37538589       7.57130429       4.99228246
H       10.10575060       8.18086716       1.22650450
H        9.69793980       9.18685323       2.59776474
H       11.26559486       8.25988316       2.51829580
H        9.20396822       5.76090565       6.17184674
H        7.78809390       4.21780933       4.84643139
H        7.66770267       3.28928567       2.58433753
O       17.04177626       0.30609102      10.77683414
C       15.04567656       1.77728541       7.93012756
C       15.97951189       1.66286637       9.00230842
C       14.21923964       0.71638775       7.60538012
C       16.07120251       0.45785800       9.77639404
C       14.81169983       3.14137459       7.32323309
C       14.36003530      17.21225862       8.36302674
C       15.25703726      17.11911563       9.48181230
H       16.61173723       2.52876093       9.22618396
H       13.47721676       0.91195830       6.84615944
H       14.73661422       3.14051463       6.25198232
H       13.81877415       3.49435920       7.76687473
H       15.65574499       3.83414719       7.54810672
H       13.91819206      16.28114765       8.02087042
H       15.33685342      16.16417953      10.00122941
H       17.50431359       1.08102519      11.11344456
O        3.58716132       2.49805468      10.56487295
C        2.80674412       3.87890640       7.29800386
C        2.63179472       3.25537504       8.54347306
C        4.08657433       4.12726637       6.73598682
C        3.78439108       2.94423065       9.29292756
C        1.62284652       4.39270599       6.43635483
C        5.26807213       3.78149313       7.46474963
C        5.08157546       3.15610960       8.73700502
H        1.60799232       3.14146274       9.00621339
H        4.07632018       4.53019063       5.78531679
H        1.73891856       5.42826313       6.13088413
H        1.30145695       3.76627124       5.66778289
H        0.76825467       4.56758256       7.11980622
H        6.27710480       3.90920245       7.06748049
H        5.97221154       2.82498312       9.18306638
H        4.26992097       2.79832665      11.24166711
O       10.61720349       9.32072238      10.47061818
C       14.20665614      10.00322946      10.21152287
C       12.89474885      10.26693160      10.45089176
C       14.66558349       8.68366247      10.09409960
C       11.99542614       9.16808854      10.57274617
C       15.14620651      11.17054419      10.00820883
C       13.86718580       7.59433155      10.43584394
C       12.50060783       7.86169004      10.68887174
H       12.40824034      11.25387157      10.52748906
H       15.72301657       8.38174931       9.89710736
H       15.33380845      11.27679500       8.92963461
H       14.69382685      12.12382214      10.28115129
H       16.13887938      11.01956129      10.44835299
H       14.15352544       6.55331638      10.49219031
H       11.81189229       6.99616776      10.70399206
H       10.24400606      10.12440796      10.78018695
O       15.65850595      11.66629786       2.40435666
C       16.42776666      13.79725677       5.33631552
C       16.27610338      12.73246257       4.45741914
C       15.66849318      14.94045387       4.99443082
C       15.56281518      12.78031167       3.24572475
C       17.32641183      13.75969927       6.58454260
C       14.78587811      15.02144607       3.88110131
C       14.91054522      13.98467275       2.94981072
H       16.69920076      11.74615228       4.60907144
H       15.65991715      15.90596785       5.52125454
H       16.76332551      13.27428771       7.44492766
H        0.43811494      13.10523919       6.22264752
H        0.07516737      14.76159029       6.82062550
H       14.25850077      15.89948921       3.62604156
H       14.31899558      14.11100481       2.03666357
H       14.88623553      11.41988524       1.90044796
O        2.88226311       9.51449904       1.44240627
C        3.60915201       6.29537859       2.98384137
C        3.76251630       7.52980026       2.23763897
C        2.37105915       5.94120118       3.52784825
C        2.67790395       8.37145885       2.08942470
C        4.66799696       5.27426628       2.82702115
C        1.20078706       6.74014864       3.30148971
C        1.35161184       8.01955122       2.61210814
H        4.73998464       7.81135495       1.70069283
H        2.25606425       4.91533581       3.87620442
H        4.67825234       4.30474345       3.34775011
H        4.89385696       5.16906472       1.73996103
H        5.51446521       5.88651745       3.15063956
H        0.20280898       6.37350394       3.50414239
H        0.53997044       8.70023457       2.49409358
H        2.08792626      10.05778205       1.44607666
O        0.54402909       9.29766608      11.23375699
C        1.61447833       9.08405749       7.69805232
C        1.14102328       9.65304711       8.90998880
C        2.11409237       7.77994504       7.59776071
C        1.15815621       8.84958976      10.06765404
C        1.75024736       9.97809056       6.44166581
C        2.16248098       7.03230917       8.78171009
C        1.71310677       7.56884112      10.00187609
H        0.71368748      10.69033820       9.04127354
H        2.61685837       7.42443143       6.72173715
H        2.69148159      10.54920735       6.54863472
H        1.87570548       9.46325400       5.44162234
H        0.82910721      10.53064403       6.50227775
H        2.59703734       6.00799684       8.88404060
H        1.81381733       6.96162663      10.89220529
H        0.83297869      10.24046742      11.33512120
O        0.90534150       2.30383523      11.44013628
C       17.69282433       5.57138251      12.76546329
C       17.58871004       4.37977497      11.99683942
C        1.03204763       5.83403118      13.53382043
C        0.98137863       3.47839553      12.10087550
C       16.60951336       6.56562287      12.64045740
C        2.11850217       4.98984153      13.61466596
C        2.11462170       3.80553638      12.91319275
H       16.79226040       4.17994800      11.30553928
H        0.98681218       6.78584330      14.10192504
H       15.65232066       6.19655771      12.40041068
H       16.57228545       6.95186504      13.67145367
H       16.85728271       7.41468932      12.02985596
H        2.86188017       5.22472952      14.29811570
H        2.98332039       3.18232687      13.04473284
H        1.85306470       2.12294022      11.25318096
O        7.52203894       0.41964982      12.59682010
C        4.29402283      16.34037144      12.48211680
C        5.33998651      17.19569800      12.17586064
C        4.38717937      15.45494394      13.55945001
C        6.46098863      17.30145692      12.97191830
C        3.06076273      16.34950974      11.65663346
C        5.56026982      15.56823234      14.37892903
C        6.60911389      16.49140262      14.08804631
H        5.26611177       0.09642212      11.26984785
H        3.60877601      14.84430458      13.87250973
H        3.30240674      15.90483227      10.69699897
H        2.31252147      15.78040085      12.08147833
H        2.78135007      17.32565734      11.58235730
H        5.68692890      14.91024497      15.26252633
H        7.42221500      16.45668641      14.75607079
H        8.14464619       0.36287047      13.30228612
O        2.57691836       9.66778611      16.15844409
C        5.48035803       7.44610532      16.06267488
C        4.53907133       8.36341265      16.53058277
C        5.45524133       7.05570835      14.66618019
C        3.49392010       8.81285578      15.66028495
C        6.66167966       7.17050759      17.01633067
C        4.34589500       7.38699840      13.88751948
C        3.38782459       8.30289433      14.39484982
H        4.68812943       8.67521428      17.56902375
H        6.36402477       6.47249968      14.47229572
H        7.58154671       6.89205523      16.44287896
H        6.92823918       8.01809863      17.68542062
H        6.32390460       6.34223748      17.57360271
H        4.12834486       7.07897404      12.91771809
H        2.51950236       8.62242625      13.84032886
H        2.68061608       9.82845516      17.06281869
O        7.56271044      13.85994900       8.54466723
C       10.43122463      16.04210994       7.72793573
C        9.48834440      14.93885192       7.56169082
C       10.38753529      16.87572135       8.87065343
C        8.50970801      14.79486486       8.60964006
C       11.39960712      16.32588323       6.58838258
C        9.45064594      16.69395844       9.91281526
C        8.64644828      15.53452899       9.80810620
H        9.41569728      14.36326437       6.64726730
H       11.01895147       0.03254518       8.92959493
H       11.96120718      15.45282403       6.26182924
H       10.72191268      16.53034263       5.73709705
H       11.99041319      17.24326453       6.65496559
H        9.24151950      17.48827341      10.65284413
H        8.00365548      15.37690792      10.60763214
H        6.95595590      14.09497515       9.25157819
O       10.20407720      10.21643733      16.69126695
C        7.16777365      11.52501970       0.58938230
C        8.26170752      10.71714645       0.22208380
C        6.97522706      12.74683032      17.70035504
C        9.19079631      11.07765161      17.00675490
C        6.25923098      10.98164156       1.63859393
C        7.89923959      13.15381431      16.68814645
C        8.95046842      12.26211168      16.28884329
H        8.26091725       9.72637984       0.68614818
H        6.34292486      13.57741471       0.34205629
H        5.23831421      11.25603761       1.49996675
H        6.34987925       9.89069791       1.72968969
H        6.46924718      11.43069653       2.67177769
H        7.85107595      14.23522498      16.35804146
H        9.56803889      12.66798223      15.51208758
H       10.63966231      10.46685854      15.87481634
O        9.30166408       0.51922496      14.51343933
C       12.32180563       1.51975599      12.70086029
C       11.13390837       0.85308412      13.07135588
C       12.87569810       2.45941469      13.62060706
C       10.50776542       1.10670862      14.28378676
C       13.05511664       1.17370611      11.46941290
C       12.28576801       2.70696580      14.86934309
C       11.15457821       2.03556123      15.17033500
H       10.73203909       0.10521050      12.43107624
H       13.84194002       2.87652079      13.56219436
H       14.18573704       1.11924584      11.67034475
H       12.80549052       0.22365282      10.98386928
H       12.87694501       1.92803120      10.79242716
H       12.76814820       3.36403270      15.59717254
H       10.66702529       2.32009291      16.05307205
H        8.79059952       0.89521522      15.23686221
O       14.49549233       7.19184079       2.47526145
C       15.50182264       7.93207775       5.92725802
C       15.33864683       7.24864065       4.73533997
C       14.86773228       9.21108284       6.11457308
C       14.68997756       7.86443746       3.64319106
C       16.22758049       7.27638030       7.02961561
C       14.26363077       9.86206118       4.98118613
C       14.19489707       9.16860182       3.75042971
H       15.90328144       6.29337224       4.59236973
H       15.04172036       9.76161625       7.03699401
H       15.83288333       6.22460332       7.16458090
H       17.30435607       7.17954159       6.89239143
H       16.01660588       7.98051871       7.79480881
H       13.85519493      10.85090714       5.04230361
H       13.65624518       9.68280246       2.98323847
H       14.49790419       7.73370656       1.65698864
O       10.59052349      13.36930798       2.42573003
C       11.44079531      12.07695016       5.80093701
C       11.43666641      12.88227171       4.60041661
C       10.51267220      10.98383835       5.89590675
C       10.57894940      12.65020201       3.55612910
C       12.32570728      12.46426001       6.94427671
C        9.61233775      10.79876654       4.83148859
C        9.68300538      11.61562822       3.67071576
H       12.23293840      13.65478338       4.47287190
H       10.40023958      10.41081866       6.78618565
H       13.05438202      11.62718154       7.06421449
H       12.93839274      13.36685109       6.70197307
H       11.87837351      12.74682069       7.87219396
H        8.84016489      10.05567141       4.99196246
H        8.95823637      11.43945698       2.86741128
H        9.77336778      13.31131440       2.00245739
O        7.34925476       2.18710447      15.55870819
C        3.76619996       1.71577690      16.35602061
C        5.07185394       1.33783032      15.91073616
C        3.43215852       3.11581094      16.49977406
C        6.02784007       2.40247396      15.79518271
C        2.76958712       0.58466583      16.53109509
C        4.43624831       4.08154387      16.44560130
C        5.75485048       3.73664699      16.11781088
H        5.37051460       0.31530964      15.77730566
H        2.42955807       3.40336679      16.79323778
H        3.26527187      17.44971946      16.76802583
H        2.11990319       0.82582716      17.34393272
H        2.38769578       0.28157581      15.52166569
H        4.15780236       5.04878253      16.71377394
H        6.56567177       4.45002976      16.04187499
H        7.91474502       2.92326838      15.70335350
O        8.12708240       1.54063009       3.11551947
C        6.39488495       0.40896385       6.10145532
C        7.44468753       0.56441629       5.16795673
C        5.08979636       0.89194066       5.87355939
C        7.13680384       1.22846764       3.98550838
C        6.56570933      17.37541002       7.42156830
C        4.81513143       1.49945275       4.64062735
C        5.80193698       1.73747721       3.72107499
H        8.43340988       0.18923109       5.34805332
H        4.21538918       0.76714057       6.62060029
H        7.51597228      16.88638836       7.44381624
H        6.53094899       0.27763903       8.30643467
H        5.74675548      16.65374834       7.44850271
H        3.81570558       1.81723433       4.56830133
H        5.66562653       2.26829891       2.76693137
H        8.97853534       1.10393502       3.23173296
O       12.04677733      11.38131911      14.59696145
C       11.50391112      13.36370471      11.61827186
C       12.06720372      12.80956242      12.79113642
C       10.25204326      12.90138962      11.12558146
C       11.33531590      11.83926372      13.54719011
C       12.19458607      14.41920526      10.79298010
C        9.58297719      11.96329358      11.87823488
C       10.08313042      11.35796603      13.05605424
H       13.02777669      13.19809014      12.99606277
H        9.84629554      13.35606691      10.25162187
H       12.48351048      15.21136663      11.39636377
H       13.05678610      14.09688988      10.24701413
H       11.55322870      14.90410312      10.01164978
H        8.64221812      11.61490044      11.57460862
H        9.59313035      10.59769538      13.67927121
H       12.88862899      11.76567458      14.68100339
O       13.73269854       9.25051702       0.60171561
C       15.46834276       9.57257918      15.11465110
C       14.51956206       9.58085273      16.16301276
C       16.78546105       9.25824228      15.39740919
C       14.78619199       9.15962776      17.47150118
C       15.09114409      10.05153720      13.70962713
C       17.04956890       8.63015994      16.67653513
C       16.09108385       8.58890182      17.66717071
H       13.56682467      10.03632452      15.98120318
H       17.60146535       9.38400029      14.72222343
H       14.01477365       9.80713806      13.55557043
H       15.18704953      11.11803923      13.61860705
H       15.57661600       9.41345696      12.92941116
H        0.22014274       8.15880451      17.02143974
H       16.32740389       8.05736609       0.82562260
H       13.11383442       9.85687005       0.24874964
O        6.45899093      12.14807472       6.12543306
C        7.23440998       8.90533394       7.43125156
C        7.13388201      10.31323257       7.32106278
C        6.66216759       8.09569699       6.46888090
C        6.41184605      10.80988178       6.25040264
C        8.12196547       8.36420643       8.49285924
C        5.78550153       8.59848363       5.52807653
C        5.63974584       9.97482842       5.40904375
H        7.52798450      11.03662591       8.05361948
H        6.82265956       7.02784393       6.55308710
H        8.31484143       9.13700328       9.24753457
H        7.90765004       7.33160610       8.85495182
H        9.07845715       8.13515111       7.94859572
H        5.11788315       8.00488445       4.85359127
H        5.06567515      10.45145832       4.63878446
H        7.28150623      12.41926185       6.55292355
O        0.70149104      10.97574217       1.54507091
C        1.61233333      13.72365259      17.03078077
C        0.90366628      12.62279940      17.54728738
C        2.74822657      14.28810915      17.66081448
C        1.32537267      12.07860074       1.06973597
C        1.15205476      14.33149760      15.70857191
C        3.13448945      13.74287993       1.15087572
C        2.54296693      12.54657405       1.65084109
H        0.14846381      12.16333339      16.92046415
H        3.20256427      15.21062763      17.35677761
H        0.05733815      14.34783490      15.66994583
H        1.49082189      15.31219745      15.41301094
H        1.56857420      13.76943351      14.87151421
H        3.90991222      14.27619946       1.67896395
H        2.88731117      12.00946499       2.55841726
H       17.46793100      11.11140904       1.75003401
O       15.61164492      13.89720494      12.42385229
C        1.14375866      12.18043998      12.54701946
C       17.53114741      12.52878095      12.84781839
C        1.80972173      12.63666325      11.36041956
C       16.83504110      13.43210662      12.02523516
C        1.91687295      11.19225432      13.53036736
C        0.98272667      13.40869089      10.48019750
C       17.42404789      13.84706885      10.78637840
H       17.01910044      12.30740981      13.74848015
H        2.79569491      12.21428156      11.09134546
H        2.51084044      11.85730944      14.19553585
H        1.27936695      10.40003375      13.92729890
H        2.66395829      10.77339042      12.88769631
H        1.41133096      13.72904925       9.54805498
H       16.88750037      14.63584542      10.25380016
H       15.69667266      14.76417759      12.85946945
O       12.60413083      12.21853497       0.98334807
C       12.34756421      14.68639430      15.98248286
C       11.99907698      13.87512828      17.06351594
C       13.62077493      14.48771136      15.41413614
C       12.87773374      12.97900432      17.61929986
C       11.36560946      15.63398438      15.31903760
C       14.55124192      13.57137083      15.96637717
C       14.19125841      12.77590308      17.05473383
H       10.88303839      13.83537031      17.27351237
H       13.92586152      15.10390104      14.62390488
H       11.28269754      16.58307183      15.88835237
H       11.80137678      15.97648445      14.38192818
H       10.41705122      15.26793721      14.95058286
H       15.53209964      13.53627094      15.55128113
H       14.92974197      12.06258196      17.46181890
H       12.06870465      12.76220611       1.51879818
O        8.73392001       4.12851913      17.47303537
C       11.33243670       6.33426947      16.14981042
C       10.21009582       5.48850942      16.15940832
C       12.40745806       6.05537807      17.05655314
C        9.97274787       4.67378467      17.28511607
C       11.53974079       7.45985718      15.12468687
C       12.24965567       5.08168833       0.34758014
C       10.99528546       4.44879260       0.54933240
H        9.36826313       5.58793287      15.41294830
H       13.24422987       6.75380919      16.99940174
H       10.66829164       8.04481774      14.95085886
H       12.27697151       8.19873273      15.42418318
H       11.71078084       6.96227321      14.21162080
H       13.03232345       4.73467512       0.99474254
H       10.85099327       3.75034017       1.33971695
H        8.30577965       4.53527123       0.42936801
O        4.64360890      14.30609786       6.93516297
C        2.14654572      16.90579575       6.23977266
C        3.20935559      16.13542620       6.82873975
C        1.65543784      16.48323355       4.97468050
C        3.62838468      14.94425459       6.34301895
C        1.59701366       0.40547569       6.88902833
C        2.07080713      15.21885611       4.46491773
C        3.11851114      14.48577233       5.13018086
H        3.61379769      16.37762034       7.81625150
H        0.89657356      17.00392443       4.45635066
H        2.10850171       1.22558666       6.39240019
H        0.49852329       0.51985572       6.95717137
H        2.02736858       0.41387646       7.89407381
H        1.55299803      14.84974639       3.66067218
H        3.42387302      13.51702594       4.70301976
H        4.91607144      13.53375349       6.48750269
O       10.61095302       1.26341854       4.16956087
C       12.79940883       0.74413473       1.25387594
C       12.01879525       1.40111695       2.23487556
C       12.52028183      17.11152324       0.91495847
C       11.21086250       0.62411695       3.09787061
C       13.80377916       1.48465793       0.41977315
C       11.59212324      16.38966473       1.68451175
C       11.03391235      16.93585723       2.86704201
H       12.16917416       2.47162867       2.27956192
H       12.98443480      16.64371144       0.04576471
H       13.60524308       1.29407696      17.03896163
H       13.78821180       2.57897802       0.70274119
H       14.77570311       1.07328458       0.61609345
H       11.41269669      15.39610411       1.36122542
H       10.35309431      16.45719565       3.54612528
H       10.95243507       2.08367694       4.45613036
O        3.88239098      17.07249402       2.23874010
C        7.11425555      15.44567303       2.96543860
C        5.74774528      15.81642949       3.12216915
C        7.80946794      15.64939649       1.73982570
C        5.16377536      16.62526855       2.07150172
C        7.78088469      14.71958548       4.12479014
C        7.14048289      16.32459426       0.72306074
C        5.88729013      16.87922939       0.89739888
H        5.18166399      15.66558137       4.04290635
H        8.79433974      15.43961961       1.56345554
H        7.46753180      15.22831956       5.07181436
H        7.26247095      13.76729590       3.96313379
H        8.91864288      14.60245440       3.97224681
H        7.59713963      16.51758234      17.50854591
H        5.48910401      17.45160126       0.08133271
H        3.57808845      16.78492261       3.07810284
O        5.27751257      13.84381600       9.82115873
C        5.88449112      11.39062985      12.53439475
C        5.77184595      12.65617731      11.89469536
C        5.69782161      10.22369319      11.82251420
C        5.29919332      12.71803564      10.56372754
C        6.43423050      11.19271693      13.88422481
C        5.25351736      10.31334715      10.49950719
C        5.08150808      11.55336999       9.83257651
H        6.20026412      13.46021784      12.51937889
H        5.99036548       9.23694390      12.22160020
H        7.05693166      10.30524550      13.91649473
H        7.07284679      12.03744374      14.22011527
H        5.66471646      10.94530238      14.65213436
H        5.20703094       9.49454568       9.82235758
H        4.81114140      11.63859673       8.73513367
H        4.95641280      13.65875702       8.91839205
O        5.66099994       2.92362054      12.32046234
C        8.82758083       4.90224570      12.24286904
C        7.89780124       3.87303448      12.47182196
C        8.37311976       6.16158275      11.71458778
C        6.55659246       3.97750627      12.10597718
C       10.29136658       4.70745752      12.57244144
C        6.98034597       6.26636459      11.42463751
C        6.09096888       5.19563630      11.57685182
H        8.22862552       2.95299659      12.78235046
H        9.13629845       6.92693451      11.56102304
H       10.76269806       3.95830920      12.00358161
H       10.77866562       5.67727701      12.61655655
H       10.40389552       4.46663946      13.61944292
H        6.55072076       7.23612138      11.03830269
H        5.09645555       5.31103041      11.37650455
H        6.24774418       2.21223208      12.51770716
O       14.12751699       4.43295503       3.81951722
C       17.27489806       3.28536983       2.19295887
C       16.27845864       4.10308352       2.72782020
C       17.23351195       1.92358946       2.43331689
C       15.13563555       3.55730450       3.42001312
C        0.68350185       3.87679903       1.31430739
C       16.14517174       1.38035543       3.06612561
C       15.06901326       2.18936572       3.51755505
H       16.39581368       5.10969310       2.51710686
H        0.39068595       1.26075655       2.23363647
H        1.50090990       3.23446632       0.93351535
H        0.27061680       4.38109605       0.44047408
H        1.17480159       4.70069836       1.86478527
H       16.16584795       0.32755912       3.36128433
H       14.19692251       1.80642247       3.97808551
H       14.13101103       5.26942843       3.37391771
O       15.78915723      16.71254800      13.23341782
C       16.73716715      17.54407205      16.65280433
C       16.18279880      16.84666539      15.57137936
C       17.23525952       1.18218723      16.47775472
C       16.21540620      17.44774975      14.30624553
C       16.73846837      16.84138544       0.26103269
C       17.13393748       1.70915879      15.18363179
C       16.66177406       1.04515433      14.12644268
H       15.85507091      15.76661222      15.70360743
H       17.66200090       1.75871978      17.25817836
H       17.10031258      15.70556233       0.18024640
H       17.22163077      17.33417864       1.08778567
H       15.66000590      16.76373319       0.45251148
H       17.50430619       2.72400469      15.05732471
H       16.75797603       1.64529268      13.20459318
H       15.91057909      17.21109890      12.43384160
