512
Lattice="17.7128441229 0.0 0.0 0.0 17.7128441229 0.0 0.0 0.0 17.7128441229" Properties=species:S:1:pos:R:3 pbc="T T T"
O       14.89081643       2.60513034       4.05083696
C       11.50967401       3.89518762       4.28767426
C       12.56024352       2.97035491       4.24401697
C       11.84796959       5.25205094       4.30330648
C       13.88728343       3.45850907       4.14638042
C       10.03992696       3.46242443       4.30296906
C       13.13804077       5.77841625       4.27241922
C       14.16030953       4.81059678       4.18794940
H       12.26396816       1.82654486       4.26129138
H       11.02948274       5.91237485       4.43077833
H        9.51979212       3.84232778       5.10832465
H        9.63255790       3.96429488       3.45866549
H        9.77448925       2.40111320       4.10764713
H       13.36224376       6.90569550       4.32620248
H       15.14430892       5.17044025       4.24003413
H       15.62206231       2.96554756       3.57576218
O        6.97217729       7.25796517       2.72695335
C        6.36567190       3.91204776       4.10069824
C        6.81318461       4.90040804       3.23580573
C        5.57443819       4.22822001       5.21483163
C        6.46197919       6.24781940       3.50434639
C        6.87414168       2.50054783       3.93178718
C        5.23237159       5.53476632       5.50667246
C        5.61415195       6.53390377       4.60222752
H        7.42400812       4.60585557       2.43527228
H        5.25419277       3.35662613       5.79843806
H        7.49897821       2.36936387       3.06519518
H        7.54777202       2.02908607       4.64015604
H        6.08153544       1.77548596       3.65210652
H        4.60265593       5.83119358       6.28598826
H        5.21359390       7.53011177       4.75212676
H        6.36044933       7.87952007       2.29668884
O       16.59876081       4.55845321      13.27895011
C       14.39817157       5.14641827      10.40530965
C       14.99194496       4.46185676      11.47015767
C       14.70285164       6.47007851      10.09580063
C       15.94120357       5.17938941      12.26675879
C       13.43046951       4.35197628       9.58553023
C       15.70423879       7.12159021      10.79693709
C       16.40958611       6.48740684      11.85943258
H       14.74593062       3.48453255      11.69600325
H       14.22497454       6.99169876       9.24189662
H       13.95944119       3.68470044       8.84392178
H       12.94153631       3.57885424      10.23714709
H       12.65869915       5.02003888       9.11530996
H       16.08553264       8.07271508      10.46907114
H       17.15932375       7.05713415      12.39649396
H       17.38552581       5.10815062      13.52965358
O        2.91980801       3.25318536       9.69978826
C        0.30887882       3.02969202       7.14331312
C        1.01756972       3.41323612       8.29516620
C        0.93167762       2.25773242       6.16418466
C        2.32311247       2.91177485       8.52020412
C       16.69142127       3.72091304       6.70560115
C        2.22955665       1.75691866       6.38964323
C        2.89184298       2.00220759       7.61234075
H        0.44898183       3.98874287       9.04487867
H        0.52143504       1.99114486       5.20853838
H       16.28750664       4.48127673       7.28632589
H       16.87882065       4.20070096       5.78054507
H       15.90977990       2.98408494       6.51673181
H        2.75793762       1.20051050       5.64557309
H        3.98169362       1.73617833       7.67083649
H        3.72208694       2.73335368       9.81068650
O       11.15190772       8.83925649      11.45865681
C       13.51375862      11.65243561      10.58834776
C       12.35246005      10.84776117      10.65179234
C       14.64719429      11.16151880      11.24811922
C       12.30712767       9.59588172      11.30835629
C       13.42005985      12.92515743       9.82915366
C       14.64906814       9.89327470      11.86985040
C       13.46780941       9.13503814      11.96697718
H       11.41091930      11.24881401      10.24413636
H       15.58845382      11.75482289      11.18514447
H       12.89486747      12.84018140       8.89712853
H       12.88563878      13.77572884      10.30799578
H       14.37675576      13.46087303       9.72066114
H       15.51070769       9.49927433      12.36003944
H       13.43611737       8.23948017      12.57906957
H       10.58129152       9.00909094      10.69876884
O       15.97459978      12.77470516       2.64034038
C       15.18209274      16.30490246       3.57405204
C       15.00376582      14.93350485       3.20664431
C       16.43851822      16.75871800       3.84554017
C       16.10981482      14.07100099       3.08681759
C       14.00133364      17.24289039       3.62026395
C       17.53309863      15.88811987       3.83520401
C       17.38261211      14.51905564       3.35743989
H       13.95907269      14.61689560       2.93975813
H       16.60861517       0.07351468       4.08883635
H       14.09507906       0.52042690       3.14465506
H       13.03267131      17.00558970       3.10039737
H       13.72170522      17.46013936       4.67885759
H        0.76224874      16.31329813       4.09784309
H        0.54208916      13.84545405       3.30259035
H       15.16688787      12.70419254       2.09052798
O        4.93125872       9.48442759       2.17980474
C        5.77921809      10.57936573       5.64841615
C        5.91630616       9.96662532       4.35654487
C        4.56795150      11.18301841       6.00425080
C        4.83205368       9.99523023       3.43052534
C        6.98498054      10.63671828       6.60617293
C        3.49206049      11.20657844       5.09138436
C        3.61542629      10.65865779       3.83418189
H        6.83431684       9.47956296       4.17070783
H        4.50005492      11.65447039       6.96481525
H        6.68162989      10.31736700       7.54883846
H        7.85030046      10.13221491       6.18578539
H        7.38276818      11.68479900       6.70360078
H        2.51588620      11.51132038       5.25448542
H        2.74731311      10.61126321       3.13310681
H        4.08893533       9.74914486       1.74701143
O        2.40521870       5.83380012      10.70380229
C        1.61394567       9.04537012       9.02432405
C        1.59988838       7.98760361       9.98589115
C        2.21112901       8.76476349       7.76572802
C        2.27980560       6.75877524       9.77070487
C        0.91747614      10.34441481       9.38739912
C        2.81315413       7.54611983       7.47116346
C        2.88992779       6.54963374       8.50157604
H        1.00681081       7.94117509      10.91340001
H        2.25497584       9.59817586       7.00283076
H       17.62863499      10.22155484       9.15143266
H        1.00323004      10.56346731      10.39857201
H        1.29889008      11.12839548       8.73698624
H        3.30604263       7.36589934       6.49075187
H        3.49747050       5.58155620       8.37648248
H        2.64966425       4.97533163      10.40099854
O        1.30241292       5.51682597      13.24772390
C        3.83654676       7.18445080      15.37225959
C        3.22902072       6.68787543      14.23110394
C        3.23900891       7.04664823      16.61603840
C        2.01790489       5.95233497      14.34906838
C        5.15880220       7.87308294      15.16969576
C        2.05002776       6.31647233      16.79833149
C        1.50602670       5.78813808      15.63029879
H        3.67742567       6.91931090      13.22981831
H        3.72216566       7.36352012      17.49390597
H        5.44812689       7.93770135      14.11211256
H        5.12565193       8.78416209      15.75440876
H        5.77872193       7.09810766      15.62443181
H        1.76289536       6.16761271       0.13364107
H        0.69850133       5.11683590      15.69449164
H        1.67134103       5.76625705      12.40819703
O        6.01112424       0.53979714      12.64787194
C        2.74252044      17.31789524      14.04814236
C        3.72054706       0.02835544      13.15383281
C        3.11057560      16.77700685      15.30800508
C        5.11900911      17.60990534      13.46298499
C        1.26448158      17.55352027      13.84261764
C        4.46948157      16.64011622      15.64490261
C        5.48393923      17.08696446      14.69871700
H        3.25658320       0.46817364      12.26260185
H        2.38879341      16.48321743      16.00187901
H        0.67853054      16.60415591      13.93874159
H        0.84574179       0.50563410      14.67210841
H        1.23093992       0.36736797      12.82374377
H        4.72122647      16.21164522      16.62121652
H        6.54160877      17.00218540      14.88625219
H        6.74219396       0.85900644      13.09645634
O       15.75691726      14.22482121      13.14760900
C        0.56958452      11.53812794      13.40522057
C       17.09034801      12.23724295      13.48760250
C        1.67094659      12.21648265      12.74607001
C       16.97412385      13.55799652      13.00701033
C        0.78238725      10.19355927      14.02205805
C        1.52173632      13.52928345      12.25114352
C        0.35505641      14.26534273      12.42191916
H       16.25842064      11.86502850      14.02900682
H        2.62398867      11.66743522      12.59730294
H        1.82066717       9.84514230      14.28635537
H        0.05919061      10.05926473      14.87832552
H        0.45927214       9.39745326      13.33967092
H        2.43873624      13.81167524      11.82933148
H        0.31336937      15.24007364      12.00416484
H       15.82163591      15.16093481      12.81387120
O        9.03700415      11.95226391       8.80374221
C       11.51032772      12.97676304       6.30446038
C       10.54407832      12.24280605       6.98323808
C       11.71966652      14.29831865       6.59707064
C        9.79599195      12.81630869       7.99463587
C       12.26090212      12.38689674       5.11728841
C       10.98040874      14.93120154       7.58101149
C       10.07767355      14.13609649       8.31404639
H       10.42684239      11.17793537       6.78517584
H       12.43249508      14.76922258       5.90305431
H       11.72172826      11.53276159       4.67144757
H       12.21189714      13.05704821       4.24679970
H       13.27477980      12.28868455       5.40448087
H       11.21641194      15.94419441       7.77552890
H        9.65781821      14.65777482       9.18135381
H        8.54790905      12.50144528       9.46618592
O       10.21393051       9.50807024       0.21455676
C        8.57630985      12.68483756      17.16536736
C        9.42776338      11.62063087      17.07467089
C        7.57078433      12.71591815       0.47101143
C        9.27725778      10.49641648       0.17011157
C        8.91221010      13.83065530      16.24344795
C        7.35852627      11.53650569       1.22393193
C        8.10998029      10.41526685       0.92438160
H       10.33739810      11.75560250      16.52764775
H        7.05268063      13.64778690       0.63995273
H        9.35154304      13.46984485      15.26765696
H        8.13686789      14.48535049      15.85643262
H        9.62172100      14.50383973      16.81786764
H        6.54405529      11.49441009       1.90615497
H        7.87327580       9.47576127       1.47174395
H       10.10072469       8.80625662      17.34163939
O        8.35376648       1.27198631      13.95244877
C       10.40106737      16.26089424      12.61474702
C        9.29929023      16.93838229      13.07483341
C       11.62410711      16.88534411      12.35133845
C        9.40807166       0.61918153      13.39618194
C       10.29587149      14.80018723      12.41961783
C       11.71349106       0.58358758      12.55611724
C       10.60038481       1.29201348      13.09639247
H        8.38316496      16.40997312      13.26263983
H       12.48145196      16.31451023      12.07623785
H       10.02037769      14.65460413      11.38164593
H       11.08349807      14.16708868      12.77032217
H        9.42213216      14.43983817      13.03260065
H       12.60146636       1.19375275      12.53612569
H       10.61166916       2.32383307      13.21419048
H        8.65673427       2.09408918      14.33941283
O        0.06610185      11.27103992       3.78599797
C       16.63476569       8.73176704       6.29176110
C       17.37992395       9.33937371       5.25667690
C       15.76216663       9.55606731       7.01501377
C       17.19635446      10.67537206       4.88674556
C       16.84009168       7.24696352       6.55609118
C       15.56551077      10.93089873       6.64618529
C       16.30471200      11.45525936       5.56507587
H        0.37557255       8.71991233       4.70940908
H       15.17734788       9.31285379       7.87117094
H       16.18796745       7.07369479       7.44108909
H       16.43155518       6.71661539       5.73345350
H        0.15624193       6.87705928       6.73679519
H       14.80846157      11.50702652       7.13930035
H       16.02810313      12.38008663       5.21303907
H       17.14415401      11.87105823       3.43073559
O       11.96461018       9.50477754       2.82269423
C       11.34875660       8.38093047       6.29754752
C       12.00521933       8.88969986       5.15284742
C        9.99772871       7.94859616       6.19497044
C       11.31087420       8.94376664       3.90298845
C       12.14652643       8.20803386       7.62541098
C        9.38063218       8.04980824       4.94564271
C        9.97720002       8.53019335       3.76247033
H       13.05867356       8.97625189       5.25687762
H        9.34848805       7.51433477       7.00271389
H       11.54216619       8.06304945       8.44881982
H       12.91281776       7.42626651       7.58757830
H       12.75666712       9.06788389       7.91211185
H        8.27187952       7.96114768       4.87403983
H        9.52870205       8.54690318       2.81634821
H       11.35669132       9.40729652       2.00869289
O        8.52931274       3.78259679      15.84722713
C        5.02098961       3.21541952      16.82245146
C        6.27455249       2.98357627      16.13594781
C        4.83657278       4.27643086      17.66300553
C        7.31633113       3.93646600      16.41632967
C        3.80188313       2.44053802      16.32897080
C        5.93073019       5.16382297       0.23447596
C        7.16247126       5.01945532      17.30407146
H        6.45705601       2.12963129      15.50539272
H        3.84452169       4.61352003       0.41898548
H        4.19614597       1.44943505      16.52687036
H        3.02265984       2.58046554      17.04123473
H        3.33765148       2.59638300      15.32994502
H        5.74681938       5.99188952       0.97571291
H        7.87116683       5.77384531      17.38247318
H        9.16526156       4.41592276      16.08314578
O        5.50833457      17.07030530       3.58309595
C        2.49968634      16.33700173       1.53090067
C        3.46110568      17.01660487       2.38301728
C        2.64684252      14.92863473       1.38364651
C        4.60715646      16.38025748       2.87588725
C        1.37436560      17.14401546       0.92664052
C        3.75533731      14.23748567       1.97316976
C        4.76712970      14.95032829       2.66818144
H        3.24642075       0.37514150       2.32651404
H        1.78169285      14.34231508       1.09684570
H        0.75113253      16.61364251       0.27736858
H        0.60910967      17.58560050       1.60414688
H        1.71925584       0.34097389       0.48812174
H        3.78860647      13.17617361       1.83535423
H        5.54477603      14.39404448       3.18279450
H        6.31595730      16.61238939       3.80354438
O        9.51906192       7.59737504      13.28623530
C        7.65712144       4.51503898      12.53699180
C        7.92718031       5.79359967      13.08369320
C        8.61190776       3.84445069      11.72483029
C        9.12595256       6.44365994      12.73678100
C        6.29893894       3.98312867      12.56737451
C        9.71914963       4.55476860      11.34698086
C        9.94179378       5.81914519      11.89042842
H        7.18351354       6.31193709      13.60075165
H        8.35549628       2.78190438      11.45498148
H        5.72777500       4.30712436      11.67970485
H        6.22852610       2.89734174      12.55426793
H        5.75717548       4.45289238      13.30325295
H       10.49191521       4.10395576      10.76312742
H       10.83602039       6.30341386      11.59214241
H       10.14784294       7.97533419      12.71012436
O        0.13709313       9.37755348       1.88743880
C       15.70741707       7.85494008      17.06045589
C       16.75331183       8.52301511      17.62017631
C       14.64505749       7.43090637       0.16334590
C       16.76168108       8.84746625       1.28925728
C       15.65585919       7.63363077      15.54854326
C       14.55428651       7.79438270       1.49466753
C       15.64376043       8.45569844       2.05821238
H       17.58204743       8.75486072      17.11985872
H       13.75596233       6.85911858      17.57611149
H       14.64863846       7.94088313      15.14456823
H       16.35591301       8.16484077      14.94479271
H       15.73776892       6.60545092      15.48285070
H       13.65862873       7.43659404       2.06122814
H       15.66960200       8.77142028       3.07476817
H       17.63866958       9.96538444       2.62120539
O        9.41343228       9.19705913       9.44022060
C        5.84174968       9.20080816      10.21103441
C        7.11623325       9.67829587       9.93943224
C        5.52124048       7.86365141      10.31570451
C        8.16297110       8.74403177       9.77785479
C        4.78415912      10.16781846      10.57535167
C        6.52789890       6.93809414      10.02257090
C        7.88964974       7.36344576       9.72124347
H        7.30797144      10.67321821       9.91919872
H        4.50455304       7.55546594      10.41503079
H        5.09658452      11.11351490      11.03780750
H        4.26321209      10.46777806       9.66641775
H        4.14237571       9.62643513      11.31892397
H        6.14129972       5.91626278       9.91233674
H        8.50551739       6.58369608       9.32233129
H        9.25587670      10.08679075       9.12368194
O        2.55259416       9.96321053       0.48159375
C        1.00118369      12.99538752      16.76865085
C        1.15521714      11.79839053      17.53370824
C        1.99660766      13.33710936      15.86286277
C        2.33449282      11.04172056      17.38232418
C       17.51737883      13.92483903      16.85187193
C        3.20404543      12.59064283      15.72909858
C        3.27857077      11.41451706      16.44987219
H        0.43592348      11.39998478       0.48204671
H        1.87055373      14.29868039      15.31653655
H       16.53400471      13.44023933      16.96500654
H       17.46531720      14.60535866      17.66906251
H       17.36755628      14.44685034      15.90956392
H        4.02145415      12.92735064      15.03449799
H        4.20970824      10.90164426      16.23478444
H        1.71833906       9.80698725       0.94700093
O       15.75235194      16.86814936      11.82416364
C       15.86945781      15.99217397       8.21028922
C       16.06790630      15.95000884       9.62900437
C       15.32622755      17.14764770       7.58157430
C       15.67060342      17.04704387      10.45126449
C       16.15859519      14.70310566       7.34981438
C       15.09081360       0.57090744       8.42628936
C       15.21891047       0.47996999       9.82993251
H       16.61645572      15.10193396      10.06289246
H       15.34707692      17.16137411       6.48555062
H       16.48314170      15.02228487       6.28813921
H       16.93131584      14.06224711       7.72391075
H       15.24573153      14.10250994       7.17919781
H       14.75099777       1.56646132       8.11347648
H       15.00219024       1.30252534      10.46099890
H       15.47559649      17.56987142      12.35836191
O       13.48859910      11.89073592       1.72665104
C       12.69505776      11.31586909      15.85760579
C       12.86968051      11.08841235      17.26751982
C       12.90378054      12.59509720      15.26964214
C       13.26892209      12.14857879       0.39039956
C       12.16656034      10.28392676      14.90400749
C       13.37514789      13.59881632      16.16364601
C       13.65061922      13.38363709      17.53209731
H       12.47068194      10.18361585       0.02948165
H       12.65352513      12.77242584      14.20786460
H       11.06513027      10.19696752      15.06442178
H       12.40303363      10.52562099      13.88051908
H       12.67468041       9.31707764      15.03805842
H       13.50188017      14.60172486      15.72050109
H       13.91705354      14.17878458       0.47937989
H       13.14456610      11.04053017       2.01549035
O       10.18744986       7.80717440      15.76502779
C       12.62940821       5.08281865      15.50649043
C       11.88316577       6.22649040      15.10941142
C       12.36787876       4.52917018      16.76192344
C       10.96687577       6.76312462      16.08496445
C       13.60107055       4.41419664      14.60576204
C       11.54358742       5.12278007      17.65698243
C       10.81224820       6.15279435      17.29310967
H       12.00121125       6.60581836      14.11223820
H       12.92376885       3.70505903      17.07886679
H       14.50089231       4.84274558      14.91743217
H       13.60788805       3.33008756      14.64822807
H       13.39391156       4.76441480      13.61239501
H       11.53926417       4.69360841       0.96638587
H       10.19212619       6.58944978       0.39790936
H        9.90214099       7.83467664      14.84673298
O        6.04450546      14.16777805       7.61696989
C        2.89821210      15.82296824       8.58271206
C        4.17688059      15.28240421       8.71390361
C        2.19944181      15.64980536       7.39141243
C        4.76887776      14.56003846       7.63909343
C        2.34023854      16.72458193       9.69541128
C        2.71180009      14.85014352       6.33586945
C        4.04315464      14.35260091       6.42486980
H        4.79286549      15.36906410       9.55094803
H        1.25894540      16.14574875       7.21702923
H        2.88590357      17.65860098       9.78897417
H        1.29190400      17.03715761       9.57916142
H        2.34065608      16.01477089      10.61190735
H        2.17019250      14.65331570       5.45996780
H        4.43123867      13.81152948       5.47692543
H        6.45241984      14.31340724       6.71635260
O       12.29788435      17.40020862      15.53498280
C        9.37070923       0.49661985       0.03640793
C       10.15018155       0.01033610      16.67095959
C        9.96830402       1.24251567       1.01513603
C       11.60455569       0.24575580      16.60534262
C        7.89868450       0.16468919       0.03595459
C       11.36923328       1.44206410       0.98867909
C       12.16496544       1.02539585      17.60445369
H        9.57720469      17.08409132      16.04579283
H        9.35181494       1.48808802       1.88773983
H        7.38075057       0.51216794      16.87856977
H        7.70655666      16.82664201      17.71062655
H        7.44845963       0.64086019       0.87142134
H       11.80636672       1.93866073       1.83683609
H       13.20346935       1.26004779      17.54488687
H       11.77850668      16.88022696      14.98850565
O        7.21137842      13.86617862       4.93093828
C       10.04701695      15.17517193       3.14915078
C        8.98984532      14.33253623       3.45482109
C       10.13743833      16.47122498       3.68569119
C        8.23639111      14.68956196       4.56084113
C       10.85809794      14.68967721       1.95755232
C        9.29559452      16.80087016       4.71944573
C        8.30574544      15.96179309       5.24538743
H        8.78858886      13.49425532       2.85282131
H       10.95402951      17.06989456       3.43927061
H       10.31655664      13.81797988       1.49202246
H       10.81827667      15.56597896       1.29465649
H       11.81339424      14.29544969       2.17297598
H        9.62414279       0.03782219       5.19510761
H        7.65918796      16.21244189       6.05960982
H        6.90055253      13.19833534       4.28363025
O        7.39045478      13.42756881      10.05905738
C        7.61703535      11.95853219      13.37333254
C        7.90082783      12.31269949      12.06656228
C        6.58297603      12.59237776      14.07911985
C        7.13738197      13.23845360      11.38392892
C        8.41481186      10.91478447      14.14051097
C        5.91649993      13.67608845      13.42733058
C        6.14718323      13.99746948      12.03943426
H        8.82682492      11.97914239      11.64765310
H        6.44312762      12.34518215      15.12226926
H        9.47024587      11.22274320      14.30575875
H        8.10925862      10.62778696      15.13514410
H        8.44724496      10.01374282      13.52848997
H        5.15614999      14.24173516      13.92201064
H        5.50934513      14.79941877      11.58505033
H        6.67011585      13.87728481       9.61506909
O        5.20721672       1.65025517      10.33298203
C        8.64294691       1.24561611       9.10040142
C        7.40283723       1.02925138       9.78175458
C        8.64535390       2.17321125       8.07156620
C        6.27051364       1.79477400       9.47755410
C        9.85697764       0.43623934       9.49643961
C        7.50865498       2.84079767       7.70810476
C        6.31106494       2.70301335       8.39144141
H        7.47772157       0.32814054      10.58234662
H        9.50373180       2.47264603       7.43202429
H        9.72019544      17.13635540       9.39246048
H       10.80394152       0.61128331       8.94501949
H        9.94288850       0.49304412      10.54286507
H        7.49069145       3.41527829       6.76150123
H        5.45262591       3.25571544       8.14153366
H        5.53188802       1.05965045      11.03117453
O       16.41249767       4.24187582       2.21641960
C        2.08983177       5.80076636       2.63586575
C        0.67127335       5.62351661       2.37250714
C        2.85782499       4.66175747       2.90803233
C        0.05493775       4.36677972       2.35008913
C        2.79604569       7.12579909       2.83715311
C        2.27356788       3.40800366       2.85303429
C        0.86115386       3.24439222       2.58214222
H        0.07283654       6.53776562       2.29873080
H        3.95316531       4.74568932       3.11819711
H        2.21130295       7.94411650       2.48493059
H        3.06531983       7.12676419       3.90326381
H        3.72566580       7.10854320       2.23200028
H        2.96265585       2.58513405       2.98463046
H        0.58375509       2.22773176       2.45583435
H       16.04455356       4.94274210       1.60163367
O       15.91718688       1.72215089      13.58622156
C       15.46317291      17.62285643      16.86752066
C       15.39136894       0.19453962      15.45655331
C       16.08926391       0.84269185      17.70595766
C       15.95017991       1.38044105      14.89996060
C       14.78423678      16.48870423      17.54870766
C       16.56431194       2.05959839      17.21590753
C       16.39916930       2.38654596      15.85414746
H       14.80051380      17.18214747      14.84906448
H       16.25635189       0.60879070       1.00884963
H       14.49899379      16.68794122       0.83360593
H       13.87722103      16.34997749      17.02893077
H       15.41755930      15.64619876      17.49131889
H       16.89872868       2.74749135       0.28311093
H       16.92159317       3.29452622      15.61944460
H       16.04969173       2.72230443      13.54504988
