512
Lattice="17.7128441229 0.0 0.0 0.0 17.7128441229 0.0 0.0 0.0 17.7128441229" Properties=species:S:1:pos:R:3 pbc="T T T"
O       13.25967744       2.39093322       3.93581847
C       10.78905783       2.88765820       6.54879080
C       11.81583476       2.28871751       5.76331970
C       10.28057190       4.18948705       6.29906061
C       12.41184377       3.02920419       4.72464307
C       10.18499194       1.96691478       7.55487229
C       10.93291192       4.94418243       5.24507089
C       12.03400498       4.39493459       4.51937147
H       12.13489449       1.22889786       5.95323269
H        9.46611337       4.67153180       6.89415864
H        9.22428357       1.44845153       7.30526656
H       10.90642116       1.22068966       7.93576693
H       10.05551797       2.64693958       8.39428750
H       10.71807015       6.01962669       5.25361726
H       12.56236211       4.93714780       3.70474713
H       13.68951151       2.96183253       3.32827365
O        4.64041147       7.34044343       1.78619803
C        7.07748295       4.95669309       3.11791674
C        6.45008849       5.99260618       2.34958763
C        6.28087225       4.42286817       4.21913214
C        5.15634943       6.41624150       2.60825950
C        8.40106158       4.43536311       2.76561240
C        5.06293967       4.87917244       4.55481487
C        4.46861000       5.86252100       3.73386784
H        7.03469665       6.39373911       1.57751436
H        6.76735489       3.73125905       4.84847142
H        9.08893555       5.17209196       3.04633408
H        8.69515219       3.54876742       3.29598947
H        8.54034940       4.29534819       1.67099361
H        4.57288058       4.42390019       5.36604190
H        3.46405254       6.17582163       4.05200961
H        3.93338013       7.84183946       2.21520382
O        0.70603805       4.38837047      12.95177276
C       16.05177765       4.68862915      10.20722987
C       16.56473367       4.75480128      11.49263544
C       16.74722441       4.24515439       9.11598544
C        0.14441322       4.47560571      11.70280894
C       14.61170675       5.12061635       9.94910838
C        0.42285770       3.96140178       9.36132322
C        0.91769389       3.97676512      10.67239856
H       16.04554742       5.13625478      12.42491050
H       16.38570970       4.11602540       8.12139664
H       14.28126366       4.72960832       9.01479269
H       13.91552761       4.64663305      10.67212553
H       14.60632963       6.21587097      10.05211197
H        0.95319168       3.39174916       8.57654918
H        1.86324196       3.45948681      10.78442216
H        1.67755682       4.36186939      13.03545284
O        4.27369548       2.47408274       8.79752850
C        4.26102509       1.08662006       5.40066304
C        3.86508758       1.77354632       6.59176049
C        5.61547780       0.79895480       5.23520226
C        4.74176313       2.00592857       7.67358410
C        3.21996870       0.70405487       4.38330747
C        6.57394540       1.21655380       6.22435849
C        6.15468465       1.68875638       7.47232213
H        2.83953236       1.91015025       6.82567197
H        5.97446420       0.33830902       4.33528772
H        3.25223167       1.31067689       3.42736241
H        3.35222522      17.36198838       4.10239242
H        2.20981837       0.80257581       4.80314521
H        7.59461648       1.06394778       5.97112409
H        6.88690353       1.92829216       8.18688971
H        4.87446419       2.38593151       9.56164351
O       11.06693116       9.91398501      11.24577412
C       14.25902541      11.66638954      10.44802894
C       12.87969950      11.39299451      10.77837667
C       15.14775764      10.59689333      10.31985646
C       12.38042083      10.11547082      10.94006433
C       14.75575222      13.10581220      10.32295018
C       14.61709029       9.29314343      10.57153611
C       13.26901442       9.04451477      10.84883505
H       12.15556431      12.19159031      10.71042023
H       16.22309802      10.66819280      10.04954709
H       14.15692238      13.62888106       9.59125307
H       15.03452302      13.54044558      11.28087143
H       15.68940211      13.13298692       9.79693922
H       15.31523109       8.48997056      10.53248947
H       12.92208231       8.06925230      11.06382905
H       10.60559830      10.49015538      10.69225664
O       15.55013497      12.50172923       3.03372446
C       15.76755723      16.05463794       4.07472444
C       15.17532004      14.81502286       3.77976919
C       17.22722394      16.16818249       3.96817828
C       16.00475279      13.74161886       3.43232953
C       14.98585537      17.30208787       4.45552906
C        0.30636678      15.02905831       3.72040900
C       17.38324480      13.85765435       3.41177188
H       14.14303937      14.62987754       4.12696760
H       17.66950858      17.07194634       4.04921655
H       14.32975733      17.03379535       5.24189662
H       15.54421987       0.52381792       4.71856743
H       14.38288277      17.58199342       3.50062622
H        1.41762090      15.07146280       3.54342787
H        0.29765909      13.00567857       3.15321115
H       14.63657026      12.55376887       2.70942369
O        2.72120268       8.87707288       2.97606248
C        4.74895098      10.59904983       5.41589897
C        4.31365414       9.65076769       4.52847398
C        3.97840409      11.76221385       5.70847816
C        3.17080659       9.89360911       3.78268260
C        5.93441512      10.25460916       6.26830603
C        2.77723807      12.06454005       4.95219669
C        2.46369074      11.12359105       3.96467062
H        4.75791775       8.72485736       4.30963488
H        4.23923977      12.48734259       6.44438738
H        6.10780839      11.06479979       6.90315555
H        5.75122513       9.33398156       6.77038759
H        6.76866726      10.14196144       5.54780789
H        2.19476391      12.98214668       4.93363018
H        1.55901344      11.16166317       3.33633311
H        1.82193227       8.99601248       2.56508016
O        4.31141949       5.21409556       7.68948217
C        1.99024928       8.03058310       7.08790741
C        3.17638223       7.34873560       7.53518547
C        0.89614357       7.30550843       6.47935822
C        3.22790355       5.94550640       7.31018525
C        1.91422301       9.44413272       7.26346590
C        1.05435813       5.93883700       6.13166613
C        2.18833910       5.25127751       6.58563207
H        3.97270891       7.97932289       7.93704373
H        0.03609228       7.81674266       6.19323295
H        1.78555391       9.94950015       6.27617907
H        1.11399034       9.64231948       7.86958122
H        2.93716171       9.68022857       7.66379273
H        0.29621062       5.50942129       5.57561320
H        2.44886887       4.23764954       6.25148912
H        4.11349276       4.27804328       7.67801880
O        4.19535727       3.67878719      12.08410070
C        2.73430053       7.05755248      12.05139857
C        3.24792562       5.86022273      11.55602551
C        2.64449874       7.26872023      13.42005811
C        3.71064020       4.87503248      12.46560276
C        1.98846707       7.88801542      11.10097303
C        3.17748570       6.32768937      14.30945717
C        3.72816704       5.12120463      13.86032245
H        3.31207689       5.61832374      10.54168713
H        2.27758308       8.24508293      13.80217393
H        1.03423748       7.46251558      10.80313382
H        1.80066055       8.96238335      11.34299764
H        2.56552281       7.86472403      10.15500277
H        3.22051333       6.54567737      15.33712550
H        4.22732898       4.48056725      14.60699470
H        4.78880810       3.76999747      11.44351045
O        6.58671083       0.69314399      12.59616612
C        3.54051184      17.38099413      14.13910897
C        4.40968415       0.34070426      13.29109386
C        4.00859976      16.50190922      15.10577696
C        5.79266654       0.19075627      13.51907596
C        2.03479486      17.63351253      14.05763226
C        5.36812318      16.39360883      15.38033707
C        6.29122443      17.13107192      14.59955972
H        4.11138610       0.90233927      12.46420072
H        3.23372348      15.86026811      15.58869006
H        1.85731833       0.48389968      13.10982500
H        1.53105420      16.71625823      14.14247060
H        1.82002533       0.48335313      14.89820817
H        5.70302097      15.63850727      16.08895572
H        7.40946246      16.96761574      14.65185618
H        7.52622579       0.57130470      12.84303948
O       16.63608852      15.18983430      13.71001991
C       17.54826530      11.70827484      12.66255230
C       16.91316566      12.80779566      13.40555012
C        0.77900847      12.00278076      11.65852062
C       17.25925378      14.17849307      13.05352115
C       16.98381558      10.28799214      12.90766700
C        1.18433448      13.32367592      11.43348086
C        0.51862354      14.34090012      12.02684080
H       16.22980998      12.54225357      14.21564921
H        1.04964187      11.12714847      11.03721856
H       15.94312279      10.28082919      12.81294269
H       17.50236871       9.63073322      12.15091600
H       17.25834506       9.84915124      13.83171658
H        2.05224670      13.50734252      10.75224856
H        0.79232222      15.36764333      11.70113856
H       16.79561423      16.02110459      13.32937913
O        9.49263693      13.87583992       8.71865493
C       12.59328494      13.57454224       6.92432849
C       11.56520875      13.15138970       7.75144099
C       12.95908198      14.95702058       6.72476716
C       10.67752543      14.15345948       8.15396180
C       13.51610651      12.43372625       6.34411181
C       12.16886057      15.96897849       7.29915844
C       11.06328422      15.52154151       8.02772996
H       11.37037712      12.07385674       7.85102524
H       13.89664550      15.07888326       6.12341437
H       12.95825334      11.47838475       6.23033868
H       13.89251968      12.70536732       5.40048372
H       14.31534119      12.35186826       7.05039816
H       12.38705134      17.08383850       7.29944069
H       10.31360933      16.18652230       8.35674254
H        9.07018182      14.55743380       9.23322149
O        9.92922773       9.24190483      17.67090848
C        7.38925199      11.84895639       0.78192987
C        8.62652160      11.12521062       0.78534451
C        6.28369290      11.55806973      17.69359651
C        8.75473173       9.98650844      17.63905203
C        7.32092988      13.02728233       1.57606148
C        6.46242141      10.50280534      16.75238218
C        7.66214195       9.69704689      16.83249805
H        9.43996975      11.42019206       1.43000048
H        5.33306450      12.12604410       0.00847503
H        6.52290238      13.71955284       1.38708830
H        7.46654410      12.65956978       2.57047091
H        8.19374372      13.61736141       1.39478894
H        5.67961263      10.23972244      15.98504388
H        7.75847377       8.90309156      16.13153510
H       10.10079381       8.49816548      17.07568566
O        9.07705909       1.41290305      13.78427881
C       11.80320829      16.73916020      12.80127888
C       10.64948184      17.49672256      12.76044723
C       12.52094886      16.65869542      13.96262970
C       10.19446227       0.56424125      13.89708654
C       12.37430766      16.17372406      11.50908896
C       12.09933171      17.38493802      15.06203277
C       10.96934112       0.45958193      15.09629149
H       10.04239856      17.42509673      11.87799241
H       13.39471263      16.13201918      14.03351349
H       12.28746086      15.06922644      11.32934212
H       11.90507798      16.74160927      10.69158484
H       13.39912415      16.35948858      11.35897648
H       12.72105028      17.20929751      15.92837332
H       10.62152813       1.08090555      15.92888697
H        8.94669365       2.11675715      14.40376028
O       15.71222185       9.83800553       3.49289319
C       14.82195881       7.20127237       5.97725472
C       14.98439457       7.90656443       4.75886662
C       14.99318578       7.97723031       7.13888585
C       15.44977171       9.26483082       4.71027656
C       14.56405948       5.69476053       5.93144607
C       15.48776142       9.36133335       7.09087886
C       15.64175752       9.99209717       5.87234565
H       14.86896593       7.43677542       3.83292850
H       14.71939488       7.46566579       8.08737166
H       14.52394073       5.29585106       4.90639799
H       15.36490784       5.18989836       6.39852301
H       13.63847314       5.40013812       6.47178156
H       15.69136170       9.91605604       7.99752760
H       16.06008571      10.95143189       5.72107068
H       15.66985708      10.80978292       3.63764916
O       11.40441043       9.14641005       2.25265519
C       10.78398923       8.84439463       5.80745199
C       11.38560296       9.03530371       4.57081686
C        9.43621443       8.44717094       5.80559224
C       10.70126678       8.93009405       3.36476651
C       11.52685251       9.09748555       7.11827903
C        8.74862809       8.18080579       4.62914907
C        9.38952409       8.45224123       3.39083300
H       12.34817845       9.46161776       4.46145158
H        8.95332488       8.14257842       6.65026978
H       10.89544370       9.48119086       7.91086015
H       11.87031894       8.16427665       7.46238506
H       12.45122324       9.66045176       7.05078705
H        7.79888431       7.63735604       4.67319146
H        8.78308268       8.23563277       2.51273400
H       10.91768571       9.24851631       1.46208466
O        8.98535152       2.86723447      15.84926986
C        5.47534720       3.15759522      16.91890191
C        6.71470544       2.57219606      16.52224395
C        5.34132911       4.54242072      17.08428682
C        7.77344301       3.43650479      16.27265908
C        4.22022230       2.33005528      17.07049128
C        6.43714183       5.31873275      16.81705051
C        7.66382957       4.79115878      16.41529962
H        6.70875599       1.57727894      16.14240122
H        4.43160936       5.08446546      17.32229280
H        3.87343798       2.29172663      16.05347915
H        4.31737711       1.33918713      17.38877442
H        3.51784353       2.73909072       0.11849384
H        6.31003092       6.38372433      16.88960736
H        8.39258900       5.51310582      16.19067311
H        9.65775677       3.32977471      16.30043375
O        5.50154047      15.69377277       3.28792226
C        2.50864824      15.72837278       1.13298066
C        3.62485818      16.12311073       1.84132641
C        2.26007388      14.38998971       0.84357291
C        4.43370237      15.24822830       2.50491837
C        1.69820870      16.79076804       0.40449346
C        3.11084469      13.41485799       1.48036080
C        4.02989319      13.89879685       2.42137547
H        3.98331146      17.11367323       1.86992997
H        1.52733773      14.08264966       0.04010643
H        1.31715145      17.56609513       1.06364087
H        2.18706167      17.47423488      17.38112621
H        0.72862576      16.49180933       0.02328138
H        2.95113131      12.36307968       1.33866559
H        4.64264838      13.12367437       2.90385122
H        6.05311160      14.92556312       3.53037734
O       10.73762077       7.88623472      13.02357315
C        7.21660031       8.86685638      13.15372708
C        8.65410481       8.97721173      13.09706100
C        6.51373910       7.62154539      13.13789836
C        9.36068268       7.79168234      13.13842978
C        6.40092698      10.21368226      13.10226125
C        7.31278851       6.51291318      13.29693750
C        8.72338966       6.57493259      13.27951431
H        9.15038812       9.92781440      13.03020873
H        5.47968698       7.43231086      13.07747623
H        6.55495382      10.69680857      14.11314855
H        6.98059468      10.86002796      12.46838907
H        5.29135816      10.16883293      12.80695991
H        6.77639273       5.57637563      13.36654761
H        9.32348135       5.73279958      13.44134328
H       11.04596682       8.55716184      12.38762368
O       12.97657237       7.06817537       1.96048566
C       15.44988189       6.81327041      16.98879078
C       14.46200747       6.45159547       0.19489846
C       15.78884052       8.19639168      16.86681763
C       13.96404696       7.39255735       1.12772255
C       16.20082625       5.72841723      16.23368724
C       15.26782683       9.14058515       0.07914881
C       14.36131834       8.77367319       1.05937343
H       14.23449646       5.42362622       0.33360551
H       16.46712000       8.51419659      16.13760006
H       15.67688008       5.27522323      15.40342524
H       17.10408918       6.15711959      15.80993078
H       16.63444389       4.95345448      16.91537614
H       15.57610957      10.20078490      17.63567490
H       13.91530481       9.55225196       1.66798226
H       12.23881285       7.72136582       2.08806904
O        9.40826566      11.37747470       9.98211170
C        5.70312530      11.21111345       9.66566063
C        7.00336535      11.70973482       9.68662106
C        5.58456997       9.82822669       9.50872160
C        8.14125733      10.85169575       9.79839807
C        4.47066626      12.17182806       9.75940357
C        6.69278627       8.92369481       9.74080457
C        7.99490027       9.43256892       9.80734974
H        7.24502381      12.77280786       9.81845199
H        4.52713019       9.47223455       9.34572957
H        4.08840701      12.09664512      10.77265514
H        4.67742824      13.22463830       9.67461692
H        3.73002892      12.02900251       8.94923918
H        6.55862120       7.88845561       9.82966825
H        8.79923551       8.79204186      10.01498295
H        9.30800161      12.19659265       9.53890349
O        0.53580752       9.22084617       1.56707156
C        0.11530481      12.07385581      17.17369685
C       17.65698594      11.25210875       0.51128738
C        1.27771629      11.98744927      16.36782393
C        0.80603936      10.10868228       0.59974457
C       16.79707597      13.16564918      16.89036948
C        2.20482135      10.92081460      16.53381489
C        1.95577208       9.93443997      17.49968793
H       16.80687783      11.40446080       1.15536416
H        1.49256420      12.69682555      15.58016005
H       15.90424825      12.80770970      16.36968042
H       16.41222868      13.71757026       0.06263766
H       17.17690269      13.96061207      16.24350281
H        3.11695108      10.84947130      15.95182200
H        2.52776877       9.00556758      17.63516397
H       17.33698021       9.11876993       1.73260439
O       16.40450484       0.01506764      12.53795411
C       15.92696864      16.93453233       8.85894811
C       16.22141043      16.78066416      10.29747386
C       15.06427999       0.29534142       8.43906147
C       15.97789787       0.10404435      11.15899002
C       16.36688010      15.83520576       7.93559432
C       14.62724502       1.23200029       9.40164173
C       15.19139063       1.20039124      10.73441801
H       16.83155209      15.94137128      10.60776675
H       14.73079077       0.48086765       7.40696771
H       16.51174329      16.33957350       6.94810764
H       17.35074888      15.40624717       8.14054723
H       15.54541347      15.16538578       7.88712852
H       13.88987502       1.95905187       9.16188450
H       14.85400463       1.98701553      11.41008020
H       16.34636623       0.88910430      12.95559367
O       13.13681003      12.08685235       1.73154787
C       12.90393577      11.94154040      15.73416073
C       12.85240464      11.52232533      17.12386523
C       13.22059098      13.22792417      15.37063923
C       13.12887676      12.44536222       0.42504165
C       12.56507838      10.91283669      14.63635906
C       13.36640259      14.17287712      16.39412302
C       13.43885780      13.79082200       0.08313276
H       12.85423557      10.51127756      17.48603214
H       13.15236797      13.53796815      14.37355425
H       12.41881571      11.41171020      13.66727990
H       13.35431385      10.24629322      14.41038312
H       11.69170442      10.42184240      14.91584276
H       13.65326860      15.15928229      16.05660709
H       13.72912138      14.56669433       0.75523220
H       12.45825743      11.48755048       1.96620549
O       10.57810463       7.29561175      15.86289878
C       12.34965431       4.05929039      15.37732268
C       11.81808740       5.34373394      15.05846699
C       12.16800043       3.55814832      16.69189983
C       11.21230325       6.10640534      16.09092149
C       13.03046547       3.26612840      14.38461434
C       11.52851555       4.27011019      17.69384110
C       11.13450862       5.56763212      17.40684889
H       11.92990143       5.77485659      14.02782242
H       12.56780186       2.58996038      16.91594211
H       12.48883728       2.44776527      14.03346544
H       13.25832807       3.85353017      13.42696570
H       14.11586786       2.92234193      14.61184940
H       11.39408318       3.72670511       0.89748649
H       10.73902849       6.13890392       0.58847534
H       10.64719678       7.55316651      14.89719332
O        5.87023704      15.64033355       8.60916596
C        2.48974322      17.09224991       9.04932169
C        3.79897911      16.68896666       9.33426963
C        1.96521240      16.76469105       7.76694750
C        4.53364937      15.89487600       8.37480940
C        1.75792950       0.18531741      10.03178752
C        2.71441948      16.05559511       6.78051524
C        4.02517214      15.63720467       7.05364311
H        4.21613035      17.17695687      10.21582528
H        1.02587557      17.15924021       7.40716888
H        2.40671157       0.92466570      10.51033638
H        1.07591385       0.84623511       9.52254655
H        1.10999727      17.35110501      10.78175003
H        2.26631580      15.92762098       5.78028494
H        4.64841195      15.12517774       6.34471888
H        6.31830985      15.08308814       7.95372222
O       11.78979213      17.51323801       2.94975462
C        9.45553543      16.49979953       0.24689456
C       10.55290277      16.55568353       1.11705436
C        8.59001134      17.60052386       0.24889311
C       10.69154596      17.51361882       2.12366145
C        9.24012679      15.44475711      16.90142432
C        8.69724338       0.85278291       1.24440358
C        9.72429994       0.82335274       2.13912823
H       11.31166912      15.74576935       1.01143831
H        7.81684560       0.01112879      17.19812445
H       10.13056601      15.01345042      16.59925094
H        8.71877364      14.55177341      17.23809763
H        8.84822224      15.92962631      15.99500580
H        7.96073252       1.64796750       1.47791511
H        9.70112291       1.67957620       2.78787496
H       11.85979452       0.69242408       3.26486549
O        6.55843052      13.46715097       7.17446055
C        9.30292967      13.31324664       4.61558111
C        8.38944472      12.91284316       5.58053035
C        9.33602414      14.65521449       4.17921189
C        7.47621142      13.85394610       6.16578425
C       10.28667821      12.27945991       4.04124449
C        8.46660515      15.57400217       4.71189013
C        7.54851391      15.18752010       5.67709253
H        8.47612473      11.95965512       6.07663865
H        9.94514223      14.90160561       3.40748273
H        9.73276621      11.51502886       3.53575752
H       10.99798001      12.69783591       3.36206156
H       10.78258701      11.69582452       4.80974024
H        8.52334646      16.59804800       4.53081231
H        6.82008025      15.96257537       5.96375559
H        6.60632253      12.59441119       7.49075050
O        8.23104238      15.75940542      10.27061957
C        8.41609059      13.66692040      13.27265702
C        8.77017513      14.39161083      12.14281654
C        7.11000788      13.70279760      13.76459905
C        7.80021293      15.00291136      11.31072849
C        9.63158702      12.96246613      13.97594846
C        6.07698167      14.34003319      13.01550332
C        6.48279957      14.96497042      11.77301905
H        9.80007512      14.51639903      11.91131829
H        6.92385209      13.12585645      14.73433654
H        9.32154702      12.73938176      14.94589250
H        9.79745263      12.14227630      13.30407198
H       10.47191834      13.58786437      13.99803127
H        4.91939412      14.29896303      13.29894368
H        5.68521554      15.59792821      11.28327520
H        7.43895461      16.28150863      10.02803535
O        6.24770717       2.55036455      10.70358479
C        9.72109788       3.73887194      10.76914150
C        8.55633864       2.99454851      11.05743611
C        9.56811349       4.85737382       9.95585777
C        7.32472328       3.41536033      10.59442075
C       11.07210476       3.24506961      11.19235891
C        8.34534972       5.36333836       9.58895438
C        7.16083558       4.62280866       9.90777852
H        8.67378332       1.99581902      11.50268310
H       10.48891101       5.33579879       9.65600862
H       11.12631168       3.31748856      12.29966569
H       10.99924870       2.21417107      10.85848583
H       11.89333144       3.67353366      10.71547299
H        8.22117600       6.26559525       8.96316819
H        6.20967619       4.98085481       9.63762911
H        6.36715181       1.96513109      11.41669678
O       14.62627192       4.33583191       2.62717266
C        0.61136630       4.56187416       2.02589658
C       16.93821607       4.83236278       1.92029798
C        1.07327903       3.45572067       2.83012187
C       15.98873391       4.06128446       2.58662074
C        1.54283967       5.45382857       1.31531402
C        0.08618279       2.65550571       3.42358886
C       16.43652825       2.98769768       3.39149244
H       16.63291635       5.69970191       1.36765077
H        2.12402605       3.21659323       2.78919199
H        2.58863488       5.20109828       1.50254581
H        1.35158839       5.46779282       0.25057925
H        1.34611102       6.48191279       1.69666247
H        0.21482373       1.87644199       4.12713527
H       15.68603017       2.39675373       3.93023836
H       14.38951533       5.21797418       2.35391178
O       16.71068776       2.51639916      13.89761210
C       16.10708060       1.05837866      17.16968312
C       15.96446393       1.29123507      15.79594239
C       17.22426786       1.53976488       0.18301784
C       16.86219764       2.12900580      15.18964309
C       15.14895062       0.10524227       0.14691983
C        0.47437760       2.28460482      17.27415138
C        0.29255776       2.59630179      15.86157502
H       15.08681936       0.82973955      15.35980741
H       17.41911713       1.36854437       1.22497536
H       15.59637782      17.44816117       1.10625316
H       14.22976234       0.64633580       0.43663810
H       14.85470879      16.87782041      17.32081424
H        1.41256250       2.63613089       0.05497922
H        1.03727629       3.19620952      15.42109337
H       17.27277049       3.30897571      13.71538074
