512
Lattice="17.7128441229 0.0 0.0 0.0 17.7128441229 0.0 0.0 0.0 17.7128441229" Properties=species:S:1:pos:R:3 pbc="T T T"
O       12.80552467       3.87820048       3.82080786
C        9.79661272       4.38069580       5.87145469
C       10.68516824       3.79341004       4.95351959
C       10.02441484       5.60823117       6.43421980
C       11.95154122       4.44288084       4.68191579
C        8.39409598       3.78789154       6.17384114
C       11.28945010       6.15357208       6.26349987
C       12.26629894       5.56312063       5.42760154
H       10.42790293       2.86935260       4.49071032
H        9.31730329       6.21182683       6.99707618
H        7.64223627       4.58885763       6.14558852
H        7.90672535       3.00318118       5.49168073
H        8.33075721       3.23466412       7.05135520
H       11.56004954       7.02372776       6.80387112
H       13.13705088       5.99410834       5.34079143
H       13.62101715       4.42239856       3.62911387
O        5.92170465       3.41419156       3.02004028
C        8.40461628       6.04324684       2.95683358
C        7.73795140       4.81310793       2.68891609
C        7.65492382       7.07758591       3.65723858
C        6.43125438       4.58302200       3.26756908
C        9.80822666       6.33251112       2.45297369
C        6.32087497       6.91954242       4.04173390
C        5.73179264       5.66518424       3.83037145
H        8.24635047       4.07071761       2.09723927
H        8.16921353       8.02864793       3.86663693
H        9.88237370       7.43643301       2.43319335
H       10.46995310       6.00240839       3.16601934
H       10.02061233       5.82619095       1.45710710
H        5.66654394       7.73237007       4.32295113
H        4.73071752       5.52830902       4.26617747
H        6.46232538       2.94065870       2.37895245
O       16.16809265       2.34169437      11.32682205
C       14.21838620       2.93770424       8.26523764
C       15.26844866       2.66476406       9.11950045
C       12.88892294       2.86186195       8.78171099
C       15.07811789       2.42955168      10.52556946
C       14.39010910       2.95590321       6.72720799
C       12.63768631       2.52845420      10.11996811
C       13.69670677       2.34027825      11.02329728
H       16.25455031       2.65567208       8.72276526
H       12.01352736       3.02940161       8.15245072
H       13.51730513       2.49855124       6.33104935
H       14.36818251       3.89633942       6.17457098
H       15.28672684       2.43974203       6.41569623
H       11.57586931       2.59439148      10.36609359
H       13.57709539       2.14436984      12.11890278
H       16.98389134       2.49631914      10.89677922
O        3.29968766       1.78666797       9.53006780
C        2.12028556       2.06347540       6.09956412
C        2.12032560       1.86706118       7.50984776
C        3.31413204       2.21859082       5.42157131
C        3.40567825       1.85335672       8.15142741
C        0.87290193       2.27691557       5.32409911
C        4.53732406       2.11513226       6.08740500
C        4.64406925       1.91448799       7.45105189
H        1.21554411       1.87818428       8.06913631
H        3.37528807       2.38207639       4.38421729
H        1.06472999       2.84328529       4.38293293
H        0.30136479       1.35643623       5.06500547
H        0.19608459       2.96686176       5.85329806
H        5.50878714       2.23052510       5.52044939
H        5.59462622       1.91070320       7.98737976
H        4.18775177       1.87202183       9.94294854
O       12.29860888       8.75206316      10.40454466
C       14.87885313       9.75081796      12.80986594
C       13.65291091       9.33704568      12.22364393
C       15.99244775       9.99611184      11.96607785
C       13.52705456       9.18628682      10.81823492
C       14.97156868       9.98821405      14.31585713
C       15.87392159       9.80343278      10.54824355
C       14.66448067       9.31423299       9.94882062
H       12.82548693       9.12946848      12.81916953
H       17.02017959      10.37283579      12.30769972
H       14.64403241       9.07988980      14.88183587
H       16.09251953      10.08526520      14.54642822
H       14.47424904      10.91681842      14.64526880
H       16.75158799       9.91854263       9.95053757
H       14.63932336       9.19298272       8.87449675
H       11.59752496       8.52199180      11.04762303
O       16.73231259      13.04909430       3.27998126
C       16.75972117      16.11780541       5.29558623
C       17.05282514      14.85658863       4.78850489
C       15.89428790      16.94896141       4.51443466
C       16.42308860      14.36993920       3.67022817
C       17.43376512      16.60775861       6.60668809
C       15.20230822      16.43551352       3.40663778
C       15.36608038      15.09414399       3.02806851
H        0.09869024      14.33837018       5.31386268
H       15.75643387       0.22078754       4.85318741
H        0.80005770      16.61305118       6.42149562
H       17.16629537      17.63234094       6.72785521
H       17.15706751      15.89334300       7.32412557
H       14.45498866      16.94875052       2.89378296
H       14.82595264      14.77853752       2.15994250
H       16.07993733      12.76724573       2.57821137
O        1.81418482       9.20247810       0.81318358
C        2.30251068       6.02303701       2.40441133
C        2.44758289       7.01838529       1.48059704
C        1.67270405       6.23085219       3.63854858
C        1.77561712       8.24944933       1.75267522
C        2.80904702       4.64596046       2.02304231
C        1.05926118       7.47833801       3.86647006
C        1.09972377       8.52056172       2.95262956
H        2.96046869       6.90592696       0.55902784
H        1.54940932       5.41035645       4.39330611
H        2.68896775       3.73579267       2.65233471
H        2.24940720       4.49006324       1.09261253
H        3.91290786       4.62023326       1.91283214
H        0.58089262       7.70395333       4.79776126
H        0.69359985       9.47156175       3.08818323
H        1.70605078      10.10857024       1.13445071
O        1.32736426       8.94631584      11.11326606
C        2.68435517       9.12017853       7.63452428
C        2.13907323       9.47909199       8.93327226
C        3.16767202       7.79246935       7.53043051
C        2.01776280       8.56189054       9.99061212
C        2.68861671      10.19250548       6.52727632
C        3.09286681       6.83902135       8.56993451
C        2.54722015       7.24774899       9.85297823
H        1.72956649      10.44061997       8.99014730
H        3.56933776       7.48949806       6.56330773
H        2.84364538       9.83994689       5.41408504
H        1.69310359      10.69565361       6.58966896
H        3.43692706      10.90902755       6.88141081
H        3.57331871       5.89171279       8.41176598
H        2.35897304       6.54889919      10.55993345
H        1.15595134       8.21565997      11.59296087
O        1.07150341       3.04840271      10.63569557
C        0.18503486       5.87697769      12.92695540
C        0.13606814       4.91706642      11.85707027
C        1.40809144       5.99663907      13.64108655
C        1.24818520       4.09659896      11.59645460
C       16.73791698       6.79729371      13.42846591
C        2.55323544       5.28493580      13.23821003
C        2.47013164       4.39049446      12.17142986
H       17.01603853       4.83661874      11.11892250
H        1.41857210       6.66084224      14.46760876
H       16.09320922       7.18069072      12.62464947
H       16.12578301       6.35938034      14.17890025
H       17.15079077       7.69018365      13.99205318
H        3.52773344       5.39353716      13.70797049
H        3.35148695       3.83262355      12.02824757
H        1.85025817       2.67210776      10.31707241
O        6.73908482       0.22517536      12.78437175
C        4.18730896      15.60901100      14.05723123
C        4.81499384      16.68856504      13.32279974
C        4.96405169      14.77735682      14.88421210
C        6.15537779      16.91231807      13.45353739
C        2.69609773      15.51014718      14.12822748
C        6.34988994      15.00043103      14.93313040
C        6.92551968      16.11899946      14.31169749
H        4.19528198      17.28844154      12.64853600
H        4.39752044      14.05576132      15.50700789
H        2.15310030      16.02582277      13.35983178
H        2.34939872      14.44681606      14.04884777
H        2.40497484      15.89731997      15.11171732
H        6.95483814      14.32499966      15.54581763
H        7.99459691      16.37005710      14.55215258
H        7.55854512       0.22280793      13.28046510
O        2.41064673       8.99189629      16.03962632
C        5.89821001       8.05050022      16.40415971
C        4.67716998       8.63067621      16.82297021
C        6.11074330       7.54393913      15.12009737
C        3.65923437       8.60137277      15.82195612
C        7.17985576       8.23236916      17.29521489
C        5.13159024       7.60455553      14.12344225
C        3.84435302       8.01561643      14.45762772
H        4.59314135       9.07200060       0.12314460
H        7.03936253       7.27003857      14.70345395
H        7.74094360       7.25156032      17.43018458
H        7.75241828       8.97532827      16.78148737
H        6.92981762       8.70819492       0.51509028
H        5.45080938       7.32444252      13.12149638
H        3.02288754       8.16863696      13.83120509
H        2.28759291       9.13506486      17.01371401
O        8.87419762      14.47114113       9.55014860
C       10.76036648      16.92407814       7.55124443
C       10.44392252      15.78971359       8.37521572
C        9.81469345       0.24399158       7.35350962
C        9.12628916      15.60580362       8.81436669
C       12.15855293      17.03723767       7.06053269
C        8.55802127       0.16082709       8.06152263
C        8.24887096      16.71398763       8.82517615
H       11.21263885      14.99812044       8.53330687
H        9.91834268       1.04791516       6.68621727
H       12.45186009       0.20171559       6.43440338
H       12.95597714      16.99225105       7.86948133
H       12.39509155      16.15921410       6.46879555
H        7.83860468       0.93385581       7.96072594
H        7.25527503      16.62660398       9.38243468
H        8.02063634      14.65624577       9.83229941
O        9.20026004      10.37800325       0.48915185
C        6.64550859      11.79059196       2.77211646
C        7.65357726      10.92140865       2.25916260
C        6.40448965      13.04265836       2.10572631
C        8.24101589      11.19867569       1.01187805
C        5.99927677      11.48196520       4.12681176
C        6.98537631      13.25773459       0.85967996
C        7.83479508      12.30804033       0.29724935
H        7.82330308       9.97849683       2.75744652
H        5.67483412      13.71051677       2.65436149
H        6.12493083      12.32232176       4.77306879
H        4.94065235      11.32630835       4.01743859
H        6.51466954      10.62548434       4.56255728
H        6.68489839      14.24959333       0.36898959
H        8.31117576      12.54356423      17.07693856
H        9.46816559      10.52958721      17.30608108
O        9.36317764       0.80354325      13.95114464
C       12.01047759      16.52066034      12.33109646
C       10.69145122      17.01764247      12.62025673
C       13.08988405      16.86846383      13.10974846
C       10.53659239       0.15740948      13.72122697
C       12.31763811      15.51852413      11.27895648
C       13.00457790       0.08381019      14.11720861
C       11.71607561       0.54230815      14.47767934
H        9.87482876      16.78782846      11.95402820
H       14.10525888      16.49801577      12.86967344
H       12.38752265      15.84569539      10.24047363
H       13.22991720      14.91399364      11.39112096
H       11.57435020      14.78581498      11.33027074
H       13.95765061       0.47568687      14.49849957
H       11.56828177       1.35981320      15.21831793
H        9.49038972       1.38398657      14.67767198
O       15.07881962       7.71374314       3.68181565
C       16.21556302       7.74019901       7.15114656
C       15.50373451       7.42582935       6.01093604
C       16.83078240       9.01996556       7.21234986
C       15.53570645       8.23237980       4.83153862
C       16.43951361       6.70268057       8.26632430
C       16.72004931       9.92210449       6.16144933
C       16.09514608       9.51036269       4.96852907
H       14.99043545       6.44538056       6.03110752
H       17.33501635       9.29089243       8.14610305
H       16.80695732       7.26654231       9.16003802
H       15.46351032       6.17596170       8.47508238
H       17.21440770       6.01123125       8.03795486
H       17.23081979      10.92618330       6.25967271
H       16.12056415      10.15800329       4.08369451
H       14.77840341       8.32828754       3.02525648
O       10.47602523      12.34964301       2.68892797
C       12.28201691      11.15567322       5.60145981
C       11.88712636      11.95753191       4.54690432
C       11.96118281       9.78642655       5.59744420
C       11.09058020      11.42650975       3.51869419
C       13.01194622      11.70759097       6.71919038
C       11.41924284       9.16660041       4.43904684
C       10.95013674       9.98668738       3.40751047
H       12.13766416      13.05911306       4.61109432
H       12.18597558       9.09484797       6.42537891
H       13.43079557      10.77849882       7.21032047
H       13.78952601      12.40455487       6.40461370
H       12.30028704      12.21144933       7.38022373
H       11.25172296       8.12298129       4.48281261
H       10.43534853       9.57008649       2.57902359
H        9.73927681      12.01333738       2.19592988
O        9.00017246       2.75218403      15.94205638
C        5.36727988       3.09578623      15.48264781
C        6.67108398       2.65892939      15.27760029
C        5.08378002       3.99131439      16.55772038
C        7.64760454       3.15521242      16.10648806
C        4.22915283       2.34501160      14.74386330
C        6.07268348       4.50205228      17.45947064
C        7.35487896       4.14185159      17.05726311
H        6.78410148       1.86744546      14.58911813
H        4.05247175       4.31358765      16.58026826
H        3.49874111       3.04702610      14.41719900
H        4.50910301       1.86040535      13.79856985
H        3.71423318       1.68539250      15.42030304
H        5.99299301       5.18248358       0.58643626
H        8.22634707       4.63808491      17.51909314
H        9.59883257       3.42145324      16.17139178
O        5.91620630       1.43078593       0.82419213
C        3.69666750      16.70515551       2.53520262
C        4.59512003       0.02128869       2.29726467
C        3.35391563      15.95886128       1.32730190
C        5.08174737       0.33847054       0.95460790
C        3.18230697      16.46639274       3.98893209
C        3.77181847      16.28265527       0.04113595
C        4.70607329      17.28858393      17.53870935
H        5.02039613       0.62561410       3.09422064
H        2.67326822      15.14969203       1.42825158
H        3.64154386      15.52222759       4.37844562
H        3.55258884      17.16440933       4.73880954
H        2.07931362      16.39624480       4.01969149
H        3.46390506      15.65450440      16.94739937
H        5.19476722      17.53686192      16.54697975
H        6.11328196       1.77764343      17.62199090
O       10.66427549      10.46811432      15.63959337
C       10.01856669      10.53706622      12.03369022
C       10.47028174      10.84945055      13.30051738
C        9.29990132       9.39343043      11.84287170
C       10.21712576      10.08565169      14.44439358
C       10.24351610      11.41907430      10.83286886
C        9.07653859       8.58553903      12.90466455
C        9.59708626       8.88402801      14.22001214
H       11.09336357      11.78199183      13.32718648
H        8.94727508       9.10806524      10.90413066
H       10.24024892      10.73148166      10.08054811
H        9.30779566      12.06962024      10.72173964
H       11.21719908      11.94029413      10.85284264
H        8.50884025       7.67789203      12.70314151
H        9.38468783       8.30226705      15.06113784
H       11.49038633      10.83910035      15.59357819
O       14.98516474      11.81408168       1.71185019
C       13.62670633       8.60806418       0.54165778
C       13.63762994       9.90595595       1.04392239
C       14.78925881       7.87413335       0.24792873
C       14.91552408      10.53699501       1.19411583
C       12.25138936       7.97702791       0.32670761
C       16.00290250       8.59068347       0.30117912
C       16.04931542       9.90354652       0.72515848
H       12.83813830      10.53703929       1.34230265
H       14.74891756       6.82842340      17.69017494
H       12.19531023       6.95523385       0.58550531
H       11.45047950       8.53273616       0.77435780
H       12.05101817       7.92381123      16.95981619
H       16.99073399       8.12211517       0.10102610
H       16.98600416      10.41355611       0.82132230
H       14.06878602      12.19866890       1.66256646
O        8.44469067      12.62678311       7.17079386
C        6.74052047       9.79885358       8.83591462
C        7.08304036      11.12143431       8.41531987
C        7.31711236       8.75628343       8.15085276
C        8.12391909      11.41110950       7.52280834
C        5.67458433       9.56174605       9.86870741
C        8.13904787       9.04433304       7.10128845
C        8.62706654      10.30787949       6.79649263
H        6.58501685      11.95283530       8.87889351
H        7.10090154       7.76769555       8.27472990
H        6.03388912       9.57369715      10.90769445
H        4.73607848      10.20957460       9.78597565
H        5.36033700       8.52070992       9.86538345
H        8.49998940       8.14457999       6.46912722
H        9.32709001      10.51893112       6.04641887
H        8.47204094      13.28307945       7.81833473
O        1.59314311      12.64040556       2.91260683
C        1.27471933      12.51811922      16.90349801
C        1.00848803      12.83488469       0.58142998
C        2.61133237      12.28681328      16.53756874
C        1.94493598      12.57338330       1.60113132
C        0.13114540      12.60672480      15.87492355
C        3.58568388      12.21295973      17.55885148
C        3.27449589      12.23446558       1.21659062
H        0.13052204      13.39765447       0.85539707
H        2.83060465      12.15530759      15.53355315
H       17.45958891      13.60258946      15.70501678
H        0.52114011      12.27457550      14.95779692
H       16.89036935      12.09587232      16.14538849
H        4.58252126      12.12209943      17.31512382
H        4.01153022      12.03341945       1.96047896
H        0.61958517      12.76892480       3.08659513
O       17.06346640      15.51267811      12.46577874
C       14.96465237      13.76523137      10.01487539
C       15.78946148      13.95110901      11.17034463
C       14.80746691      14.70137767       9.01324587
C       16.35502201      15.28194728      11.36379845
C       14.09490139      12.51153570       9.95865472
C       15.46660196      15.97616941       9.18077271
C       16.19585095      16.30715109      10.33627513
H       15.97885488      13.15545516      11.85596535
H       14.13809868      14.44382245       8.21860763
H       14.22903625      11.96767483      10.86891271
H       13.05324515      12.77180674       9.85257867
H       14.42819979      11.95940850       9.12257504
H       15.34778460      16.74930381       8.43975271
H       16.57926181      17.32542366      10.38673854
H       17.09223292      16.38239744      12.74790485
O       12.77836879      13.25476663       1.27732049
C       11.38870902      14.02173645      15.54935388
C       11.43091856      13.76417801      16.94463697
C       12.50430710      13.75144313      14.75283909
C       12.67720584      13.49128091      17.53936443
C       10.04455363      14.42180416      15.00044671
C       13.77427466      13.55757316      15.35593086
C       13.86330299      13.45075888      16.75907538
H       10.50715803      13.90602737      17.48148927
H       12.44159949      13.83621049      13.69088032
H        9.49846574      15.29148465      15.43466659
H       10.07440034      14.54401445      13.86953615
H        9.36812922      13.54219995      15.25546205
H       14.72004815      13.40002968      14.80184899
H       14.85533061      13.20621680      17.26989819
H       11.87624891      13.13376922       1.54815584
O       10.79457359       4.80429752      17.18686375
C       12.57388046       4.85341651      13.86465860
C       11.53644327       4.99209040      14.81357453
C       13.70326935       4.10540022      14.27253982
C       11.76866387       4.60128555      16.15368634
C       12.62389752       5.58975528      12.53285616
C       13.92167987       3.66056414      15.57050192
C       12.88518786       3.85173067      16.46673275
H       10.68312603       5.57590328      14.62023406
H       14.55030065       4.00409198      13.60730219
H       13.60353594       5.86092481      12.20511134
H       12.07129718       5.07962706      11.70492111
H       12.04489592       6.54712985      12.77225428
H       14.92913061       3.19537962      15.77859867
H       13.05712076       3.56959217      17.46106893
H       11.05114106       4.45025059       0.30573942
O        5.78558623      16.12130108       7.14808763
C        2.54868340      15.44370250       8.76820944
C        3.85247000      15.97054569       8.52955820
C        2.07625700      14.27411996       8.06802142
C        4.59529347      15.50615119       7.44719400
C        1.78476262      15.81606351      10.00617182
C        2.94163086      13.78509611       7.04840878
C        4.19795547      14.37367679       6.83584022
H        4.30574680      16.81987244       9.15152656
H        1.25692990      13.60314960       8.29802154
H        2.26569391      15.76558395      10.95726371
H        1.36943782      16.85323788       9.99541069
H        1.02490548      15.04509403      10.04348056
H        2.64920921      12.87113088       6.54149118
H        4.76473952      14.01632923       6.00777741
H        6.43593104      15.61310771       6.72375702
O       10.87600421       3.32529937       1.80693917
C       11.78440474       0.21267217       0.07271658
C       11.90120999       1.49876901       0.66247341
C       10.52721017      17.27502305      17.67873246
C       10.75401477       2.14154198       1.17934006
C       13.08459386      17.19608224      17.34909724
C        9.37192763       0.28127853       0.41344534
C        9.49369826       1.50862090       1.02496411
H       12.88716755       1.83799494       0.85646284
H       10.47883428      16.29074395      17.20380724
H       13.92795242       0.12953949      17.10846478
H       13.38670500      16.44512088       0.35786360
H       12.72078715      16.69732901      16.46853348
H        8.41072946      17.56008662       0.42293530
H        8.76470097       2.10132803       1.49628312
H       11.45279312       3.32995750       2.59971719
O        7.42526919      14.52826122       5.49810352
C       10.38344128      16.18143897       4.06158463
C        9.55728165      15.22399442       4.66699551
C        9.86560690      17.38403650       3.73217141
C        8.12996770      15.41793351       4.86812263
C       11.76733816      15.82657532       3.55886441
C        8.47720907       0.00385037       3.95677831
C        7.65623760      16.68036442       4.49754299
H        9.97915463      14.29601195       4.90641152
H       10.48264400       0.41975794       3.28899260
H       12.45298668      16.67551505       3.75370945
H       12.20539702      15.01068119       4.06317542
H       11.69311274      15.64230788       2.47754934
H        8.18183485       0.98311970       3.69957471
H        6.60758967      16.91352897       4.77187988
H        7.85003722      13.68971959       5.60139235
O        5.97763551      14.11654126      10.31409337
C        5.87291336      11.75412487      13.21159993
C        6.37078619      12.76786575      12.36263686
C        4.49249939      11.42547287      13.24990932
C        5.48604164      13.34562316      11.40730200
C        6.81527569      11.08291935      14.25481406
C        3.61192835      12.17820780      12.44661606
C        4.11403170      13.07402468      11.47463870
H        7.46902655      12.97240339      12.37801260
H        4.08317402      10.78859459      14.04214944
H        6.37825233      11.20454008      15.24748088
H        6.80831699      10.02869218      14.04833037
H        7.80230150      11.53891173      14.18757533
H        2.54465632      11.93029681      12.35554975
H        3.42665388      13.38970350      10.71257594
H        5.35078169      14.36183267       9.60200764
O        5.38785843       2.00987396      11.11365735
C        8.01775434       4.47549592      11.21808900
C        7.25576746       3.36081968      11.50298760
C        7.40059111       5.59233639      10.54036917
C        5.96001914       3.24067263      10.88025084
C        9.42345690       4.54675522      11.66994087
C        6.08052869       5.57123985      10.07119108
C        5.32806290       4.32118541      10.24744337
H        7.79195589       2.51477343      11.98061749
H        7.99725818       6.55704004      10.62994603
H        9.48625751       5.43319994      12.24522507
H        9.80637676       3.70082763      12.23766059
H        9.93348102       4.63830298      10.66971966
H        5.60586617       6.39606891       9.65794693
H        4.26864047       4.18072321       9.93787505
H        5.94232575       1.31158947      11.55750161
O       15.29490259       4.89949949       3.84218188
C       16.72575778       4.03899730       0.58307467
C       16.29033465       4.77154462       1.69780577
C       16.33426750       2.69924389       0.44365632
C       15.55525719       4.21538673       2.73319245
C       17.39286615       4.78384791      17.17811279
C       15.62006803       2.15655736       1.52760884
C       15.30846021       2.82127977       2.71903936
H       16.66365482       5.74353847       1.75913113
H       16.48860501       2.05845399      17.26027242
H        0.42100056       4.21815942      16.70234998
H       16.58494086       4.95070433      16.41561559
H        0.26374000       5.61745167      17.47902615
H       15.36605711       1.09395019       1.52117930
H       14.95312401       2.36216407       3.68418104
H       15.63744914       5.81090896       3.90206946
O       16.22430138       0.47973571      13.36845350
C       17.59179805      17.34124445      16.66961422
C       16.81774976      17.26753467      15.45920009
C        0.76977218       0.62739290      16.81490405
C       17.02242613       0.57669823      14.47123572
C       17.41515110      16.33343977       0.11054406
C        1.00098696       1.67579018      15.91634876
C        0.23079219       1.65964580      14.71464692
H       15.98875879      16.52716288      15.41278710
H        1.44643984       0.60081851      17.53887384
H       17.04391017      16.83285042       1.09118744
H       16.73947351      15.55121991      17.53940154
H        0.61687952      15.82750732       0.24495690
H        1.69659682       2.45736675      16.17240607
H        0.34551014       2.39828841      13.93435676
H       16.28942027       1.25871203      12.81403324
