512
Lattice="17.7128441229 0.0 0.0 0.0 17.7128441229 0.0 0.0 0.0 17.7128441229" Properties=species:S:1:pos:R:3 pbc="T T T"
O       12.54150238       4.40219002       2.65826726
C       10.86978358       3.90075643       5.90219657
C       11.10194624       3.74086262       4.51686936
C       11.67045668       4.71227983       6.73725609
C       12.27248562       4.39370140       3.99440882
C        9.58789327       3.31693387       6.48962723
C       12.65957536       5.48446751       6.19546981
C       12.94171736       5.27018714       4.81885609
H       10.43274661       3.25248836       3.81170562
H       11.36861304       4.74708305       7.71118756
H        8.76423732       3.80751994       6.03674796
H        9.59823702       2.33757929       6.25876408
H        9.41760388       3.48932071       7.54946698
H       13.19288977       6.26816138       6.66212501
H       13.67501738       5.88857403       4.38760213
H       13.24539556       5.05046573       2.46306095
O        4.94126239       4.15136491       2.83514141
C        7.98491601       6.22193884       3.14332480
C        6.89154538       5.44017154       2.59997097
C        8.12234675       6.33746830       4.55501349
C        5.93478614       4.89540163       3.43328173
C        8.96112565       6.79374134       2.20490365
C        7.08123339       5.88145598       5.41259645
C        6.00781848       5.09928193       4.82711141
H        6.88353561       5.33328962       1.53384173
H        8.91149355       6.90509945       4.99746548
H       10.03746496       6.56259916       2.36520412
H        8.89464432       6.47572481       1.14255093
H        8.65043812       7.84234563       2.27463688
H        6.93914097       6.06348428       6.45964311
H        5.11945918       4.70008866       5.30958256
H        5.01958314       3.22205254       2.97860873
O       16.40777979       1.35889410      11.41578161
C       15.04621954       2.25478791       8.15103629
C       15.90517901       2.08621947       9.22917498
C       13.77265352       1.72474510       8.15739269
C       15.47829471       1.39163299      10.36213416
C       15.57762805       3.00885381       6.93055937
C       13.30992135       1.22994840       9.35636806
C       14.13441270       1.02410080      10.49257351
H       16.88314852       2.46998110       9.17274866
H       13.11325585       1.93098878       7.35769182
H       15.36640764       4.02673539       7.04973980
H       16.65381169       2.85795627       6.79281883
H       15.07290298       2.72071435       6.00616594
H       12.24374011       0.92793890       9.41086568
H       13.72839064       0.69682901      11.48976171
H       17.22999386       1.83208902      11.18702168
O        3.82609663       2.29921658       9.61933057
C        3.46867540       2.30932616       5.95430598
C        3.13292936       2.30130824       7.33820627
C        4.83301637       2.06761421       5.55299281
C        4.16054990       2.17329389       8.25609824
C        2.34484302       2.43873538       4.97322858
C        5.80489674       1.77929920       6.55253575
C        5.44471475       1.84985470       7.87877351
H        2.13094497       2.44028313       7.74301580
H        5.11379849       2.22895001       4.50151455
H        2.53200969       1.57229759       4.27670836
H        1.51719444       2.25158061       5.59804025
H        2.42146012       3.46346355       4.48487685
H        6.80370300       1.56965683       6.20552272
H        6.18179552       1.64191295       8.56510521
H        4.58544409       2.26132636      10.19756807
O       11.92829836       6.78060676       9.54175144
C       14.87305112       9.00593065       9.86062548
C       13.49659565       8.58424213       9.73119847
C       15.90676844       8.03434399       9.73151359
C       13.24937623       7.18182288       9.61843157
C       15.24072674      10.46096726      10.09232826
C       15.64349524       6.63558683       9.64493071
C       14.25186364       6.19765323       9.59794551
H       12.71495251       9.28811192       9.58546889
H       16.92097391       8.31381544       9.84727529
H       15.91353948      10.73410274       9.25885629
H       14.30939527      11.11499392      10.19958299
H       15.86329667      10.50285090      10.96495110
H       16.49507139       5.93692058       9.48467259
H       13.93581040       5.10954396       9.51163617
H       11.30548939       7.33976360      10.03166232
O       15.47352139      13.98204560       2.49518558
C       14.46204180      16.64631979       4.78643515
C       14.41037218      15.77722095       3.72250655
C       15.53920278      16.59919422       5.77291687
C       15.47850308      14.84631679       3.56693610
C       13.51892834       0.13876241       4.78982315
C       16.45891629      15.59941974       5.63545246
C       16.53260884      14.73247346       4.52389508
H       13.73247770      16.00905976       2.94848932
H       15.72870502      17.19680100       6.65307076
H       13.52811454       0.41591147       5.85758364
H       13.88228312       0.90714338       4.13569950
H       12.51437317      17.54867546       4.64722710
H       17.13176498      15.44448229       6.52361052
H       17.22784301      13.92281188       4.64387276
H       14.65049269      13.92840887       1.99528175
O        1.32586299      11.26700917       3.17577418
C        4.69122962      10.33600717       4.52951655
C        3.50001368      10.29615334       3.81072940
C        4.81556078      11.29240799       5.53651295
C        2.49745944      11.29673479       3.89019258
C        5.62421262       9.16432211       4.38702977
C        3.79680598      12.24155214       5.76550353
C        2.66298339      12.23462306       4.90552907
H        3.30043216       9.44008797       3.13417499
H        5.64888227      11.30662515       6.20801997
H        6.54773954       9.44449609       4.94753234
H        5.07088431       8.27604106       4.61247604
H        5.91777814       8.99550460       3.32797073
H        3.79319959      12.94720213       6.56423174
H        1.82593586      12.90286836       5.11647495
H        1.19103971      12.14466920       2.82151514
O        1.22855524       6.28408571      11.13055029
C        2.97064174       8.32686396       8.68618801
C        2.24944020       7.98821845       9.80954659
C        3.64745618       7.37626010       7.90889272
C        2.03828618       6.63343871      10.13571099
C        3.04810765       9.83835392       8.24885368
C        3.57223928       6.01048774       8.24576149
C        2.74871241       5.70127423       9.36733590
H        1.65641398       8.73895751      10.39798286
H        4.14669519       7.68082483       6.98459442
H        3.38271289      10.53628403       9.07246595
H        3.65916925       9.80223765       7.40202385
H        1.97434321      10.09137373       8.00708216
H        4.09550866       5.38010473       7.54845005
H        2.52068103       4.66251140       9.48766224
H        1.28045606       5.42416298      11.48096962
O        1.21100355       2.35114302      11.43404806
C        0.29578472       4.91477921      13.92353712
C        0.21129971       4.03073907      12.81575147
C        1.58344788       5.03294951      14.51470034
C        1.34828600       3.30221002      12.40336328
C       16.78882755       5.69389868      14.45338348
C        2.70193656       4.32115073      14.02878139
C        2.56345606       3.37837460      13.06053700
H       17.00861163       3.79907513      12.38682860
H        1.53882389       5.69817400      15.37035511
H       17.00823576       6.70040223      14.56730154
H       15.94657669       5.59867921      13.71140714
H       16.57606855       5.23260485      15.39617167
H        3.66254627       4.46665234      14.41937554
H        3.47236842       2.87065858      12.72773979
H        1.96863929       2.04044662      10.95888328
O        6.93500215       0.35232876      13.06385441
C        3.91530843      16.46717408      14.24631165
C        4.76382362      17.15677527      13.37079857
C        4.21904054      16.20138670      15.57970315
C        6.01606025      17.48217069      13.96395164
C        2.62219137      16.01740339      13.75433353
C        5.48960636      16.39508700      16.12157093
C        6.35958503      17.07702070      15.25842520
H        4.40189635      17.46081618      12.38076561
H        3.49073998      15.62932510      16.12855876
H        2.70082305      14.97084787      13.83226949
H        1.82756799      16.46134597      14.35825329
H        2.43594343      16.26418551      12.72474902
H        5.94358796      16.04758326      17.08958737
H        7.29724351      17.26197080      15.68661241
H        7.81401317       0.48875669      13.46003145
O       17.48251113       9.49924967      14.65350501
C        2.70391504       8.41297301      16.61253652
C        1.45735065       8.92720199      16.34453259
C        3.54380083       8.10481142      15.53470775
C        1.04164924       9.15326228      14.97653275
C        3.18712812       8.29111257       0.33222630
C        3.15843367       8.33702179      14.15571690
C        1.82077061       8.80271231      13.89345607
H        0.73458853       9.07911618      17.18215084
H        4.55010454       7.70651993      15.68486305
H        3.24186235       9.28589768       0.78711114
H        2.51531030       7.62801053       0.80200481
H        4.16472634       7.89556862       0.27048237
H        3.66951758       8.15330654      13.30156231
H        1.48630610       8.99189140      12.84442491
H       16.92183814       9.83004259      15.31115448
O        8.01460193      14.49429381      10.14141288
C       10.41740791      16.29566209       7.90705757
C        9.78352563      15.24371659       8.65120131
C        9.90573564      17.59910523       8.02830650
C        8.60444941      15.48412464       9.35628861
C       11.64450460      15.94994517       7.02026189
C        8.70899870       0.14404559       8.77557390
C        8.08467849      16.78768656       9.40628376
H       10.27733864      14.25640573       8.56429216
H       10.29490989       0.75858634       7.47016404
H       11.43680992      14.99954267       6.58913956
H       11.75778878      16.72912476       6.30665331
H       12.54645725      16.06225704       7.63589380
H        8.38817198       1.15220583       8.76044361
H        7.13006830      16.97836849       9.88900887
H        7.21000572      14.89617848      10.53580157
O       10.21353034       9.45574627       0.21503133
C        7.17729056      11.29688044       1.43554915
C        8.55108558      10.82964835       1.30094861
C        6.15382246      10.76692243       0.64409041
C        8.85371356       9.84545432       0.35423923
C        6.92405664      12.39375175       2.46402206
C        6.47220015       9.76145454      17.42932417
C        7.83902396       9.36885670      17.19922451
H        9.28968051      11.20474258       1.97226455
H        5.11228099      11.04510286       0.70103043
H        5.90373873      12.87865807       2.35418188
H        7.03053192      11.89553675       3.45329327
H        7.71633807      13.12812935       2.41808294
H        5.68618430       9.30663733      16.82816472
H        8.01182930       8.57440968      16.43633631
H       10.56172305       9.37444510      17.06390643
O        9.04281576       1.24570193      14.47171979
C       11.52266688      16.87103229      12.68461828
C       10.33556712      17.49625709      13.04259700
C       12.65201262      17.09415171      13.46702152
C       10.18119064       0.59136908      14.19165997
C       11.66879089      16.07309215      11.41319805
C       12.57299129       0.24609185      14.61174335
C       11.34591964       0.84353149      14.98371390
H        9.59702404      17.56933752      12.27251045
H       13.61218150      16.77061188      13.12837289
H       11.48281479      16.73146805      10.57241124
H       12.64365513      15.62561377      11.19672554
H       10.93382591      15.22375812      11.42144779
H       13.45995721       0.42513225      15.22276279
H       11.48836465       1.60809407      15.72981724
H        9.08286475       1.96175325      15.16328383
O       16.58362603       9.85648401       3.07162445
C        0.15541085       7.19611531       5.12078542
C        0.01719711       8.14184430       4.10591426
C       16.93933340       7.07870297       6.22611557
C       16.56277369       8.90795225       4.03090480
C        1.38462936       6.36285190       5.00516137
C       15.74871297       7.90112435       6.12558449
C       15.52705546       8.79442855       5.01552960
H        0.75698983       8.26669452       3.35337626
H       17.10939565       6.35325125       7.01412534
H        1.63402071       6.00953352       5.96577615
H        1.19892900       5.38935447       4.48168984
H        2.28421067       6.86963969       4.61095161
H       15.14090145       7.96733719       6.94264737
H       14.64558933       9.39807245       4.99347967
H       17.38819290      10.35246004       2.92109791
O       11.67494296      10.70129399       2.45673676
C       12.47367557      10.63721360       6.03944320
C       12.28073067      11.13323634       4.71973438
C       11.90395404       9.39239713       6.35124537
C       11.57281676      10.39750938       3.77739439
C       13.10948410      11.50643745       7.11339874
C       11.13284394       8.61906772       5.45025487
C       11.00451496       9.13869484       4.15410698
H       12.92668957      12.00271643       4.47383905
H       12.03087951       8.96845167       7.35292659
H       14.03429168      11.00780882       7.42326521
H       13.33960528      12.49569829       6.68289968
H       12.56982243      11.60251802       8.11936663
H       10.75132898       7.62403807       5.74123941
H       10.57303403       8.64095699       3.33596476
H       11.26714381      10.00592994       2.00519713
O        9.30820065       3.52583710      15.84856417
C        5.68640610       3.56468322      16.52497325
C        6.94364875       3.10408436      16.09447135
C        5.45253538       4.91981411      16.78063902
C        8.09266167       3.97681675      16.14221705
C        4.60151371       2.60659941      16.73048754
C        6.55765814       5.79044758      16.81211686
C        7.85897211       5.30961796      16.48144890
H        6.93515524       2.08261186      15.77752434
H        4.52242669       5.22885538      17.19887745
H        3.97339165       2.92822623      17.56378995
H        4.00536397       2.51213464      15.82470997
H        5.03052733       1.67507078      16.85692454
H        6.53583877       6.85638273      16.92503966
H        8.69928062       5.94422250      16.43812461
H       10.01804525       4.06939084      16.23188313
O        5.84678248       1.37459706       2.42719310
C        2.97018095      16.95304040       1.89637517
C        3.76263022       0.39719793       1.88375448
C        3.50960901      15.72323683       2.32067820
C        5.04439232       0.33750449       2.37366322
C        1.49847999      16.94115198       1.40731839
C        4.85330843      15.67038883       2.78062786
C        5.61093110      16.82197674       2.78858870
H        3.44471679       1.29954849       1.44500816
H        3.00339750      14.79129253       2.08991361
H        1.44661405      16.97719097       0.30147491
H        1.03987825      16.00366956       1.65014335
H        0.88467031       0.08280637       1.66784837
H        5.26778807      14.67830426       3.17033216
H        6.67387562      16.80288386       3.06689927
H        6.77638218       1.16584134       2.67736350
O       11.49282299       9.10632988      15.41237454
C       10.40858625      11.11286239      12.65758051
C       11.07464651      10.70411037      13.76754306
C        9.68585748      10.21149673      11.92213574
C       10.81891613       9.46377904      14.31122687
C       10.64946014      12.53906640      12.03026003
C        9.31142669       8.95281591      12.45880607
C        9.81843288       8.61893394      13.71542359
H       11.63406244      11.37093105      14.34263493
H        9.23849989      10.56378899      11.00918785
H       11.24697903      12.54308722      11.13934796
H        9.61819377      12.96451520      11.90688935
H       11.22436054      13.18460411      12.68816022
H        8.67696493       8.40847717      11.90252811
H        9.62234130       7.66542134      14.06836673
H       12.29193623       9.62067930      15.57498896
O       15.20929469       8.22746771       1.12927139
C       14.51424057       9.16388910      15.30542089
C       14.55129289       8.39014238      16.46641482
C       14.55683279      10.57697152      15.41298986
C       14.84428939       8.95335634       0.02019134
C       14.18691605       8.61288194      13.89703419
C       14.79524858      11.18186814      16.65492825
C       14.87028337      10.34204349       0.08969138
H       14.41942973       7.29814473      16.37540612
H       14.43524962      11.12553549      14.55207142
H       13.19491105       9.04020333      13.55007578
H       14.86838202       9.06506513      13.18597867
H       14.14062650       7.51862220      13.88405461
H       14.74683843      12.22031614      16.78040655
H       14.98603369      10.77242958       1.12517671
H       15.61330946       8.77559502       1.87189536
O        8.53781278      12.34024743       8.02872960
C        6.53840659       9.85818548       9.74664884
C        7.22346947      11.03279818       9.51042570
C        6.59300029       8.85330139       8.75476693
C        7.94190455      11.18836157       8.37092938
C        5.75354320       9.61268059      10.98654149
C        7.33614976       8.94978068       7.59370524
C        8.03494442      10.16410089       7.41328689
H        7.30395232      11.81345679      10.15733205
H        6.17915269       7.90492970       9.00748345
H        4.89894387       9.05996239      10.69533006
H        6.47561136       9.19596123      11.69951346
H        5.40989290      10.56883533      11.54351415
H        7.44638081       8.14302177       6.86287194
H        8.63691800      10.39798441       6.57078455
H        8.66129018      12.99611256       8.70108401
O        0.67793619      13.43911179       2.01066399
C        0.45614662      13.58168276      15.97974616
C        0.16045631      13.71335624      17.35723540
C        1.67156113      12.87314122      15.62822741
C        1.04762182      13.19729699       0.68816559
C       17.21257755      14.02365750      14.79615259
C        2.49410331      12.33475457      16.61922742
C        2.16508202      12.50282006       0.25487391
H       16.91734490      14.17115929      17.65767215
H        1.85448642      12.71355265      14.54297648
H       16.69394002      14.90865284      14.93098335
H        0.13206689      14.25353504      13.94513358
H       16.61295717      13.11560774      14.64175497
H        3.34312894      11.69779143      16.42120581
H        2.88476662      12.30377277       1.00014927
H       17.48672048      13.73626686       2.05088030
O        0.06465319      15.52444749      11.65836400
C       16.88053558      13.36400838       8.84095855
C       17.56243391      13.85328270       9.97310520
C       15.58575897      13.76405798       8.58156670
C       17.01974645      14.86767808      10.77425367
C       17.64262560      12.29281882       8.00287100
C       14.94723548      14.58776456       9.48654329
C       15.65629523      15.21164134      10.57953908
H        0.85163728      13.42924876      10.20184478
H       14.92377496      13.37640880       7.78227451
H        0.23573949      11.38633738       8.60994336
H       16.91958870      11.83308610       7.18955249
H        0.76370733      12.73957097       7.44141129
H       13.89660226      14.81411456       9.33815710
H       15.08069549      16.05157046      11.01881728
H       17.24542556      15.82809013      12.37204075
O       13.20169278      12.66962135       1.49900163
C       10.75265372      13.30439419      16.47537645
C       11.35137490      12.79125918      17.63173596
C       11.38451762      14.31794203      15.80428547
C       12.65089429      13.10470765       0.33973236
C        9.43170236      12.85574779      16.10125055
C       12.67723075      14.64372097      16.10734967
C       13.29362451      14.11444268      17.28158455
H       10.89081600      11.88382078       0.32321104
H       11.02780991      14.60610786      14.84135577
H        9.42965889      11.95801524      15.62356212
H        8.74321385      12.70220922      16.98989050
H        8.91096536      13.61143466      15.51866353
H       13.12740216      15.39125464      15.44156426
H       14.30453751      14.46824546      17.50798737
H       12.69164947      12.03362089       1.99206340
O       11.25626431       6.11546716      16.21871648
C       13.32246087       4.22154621      13.93139504
C       12.35367052       5.14179638      14.31731417
C       14.09342635       3.52290993      14.89142252
C       12.14282008       5.28513469      15.69500482
C       13.60936844       3.89309119      12.49425117
C       13.81079966       3.62466294      16.29610701
C       12.77456266       4.48720877      16.68646374
H       11.99324970       5.65840349      13.48708679
H       14.79312690       2.86002868      14.44185820
H       13.21758509       4.64924160      11.81768222
H       14.66929947       4.05858272      12.43038304
H       13.19065531       2.90608692      12.17310181
H       14.29452765       3.15544332      17.11693542
H       12.62946339       4.63862255      17.67260770
H       11.40513433       6.91966511      15.76086269
O        5.43402568      15.66433268       8.01648789
C        1.88887027      16.71837559       7.89551275
C        3.12574613      16.33811384       8.50408568
C        1.67531921      16.62790493       6.50257440
C        4.15017910      15.89038039       7.61296008
C        0.82017709      17.43270711       8.66012937
C        2.65747538      16.14735780       5.67448929
C        3.82393550      15.70118025       6.20258465
H        3.16657367      16.43391547       9.56735030
H        0.72471626      16.90965993       6.11394738
H       17.67709038      16.76482479       8.51359410
H        0.94561569      17.43827965       9.70367694
H        0.56801885       0.70199102       8.27736796
H        2.49356663      16.12656297       4.63128696
H        4.53024793      15.29338912       5.49531047
H        5.96012058      15.03553346       7.41554436
O       12.44688964       1.76167335       0.85462648
C        9.53559874      17.42667506       0.27185711
C       10.85617241       0.04045216       0.39029885
C        8.51017114       0.72135930       0.36635258
C       11.17515294       1.41420234       0.71151147
C        9.02858222      15.98735600       0.01147923
C        8.84402488       2.00873288       0.85175228
C       10.17719121       2.33055150       1.11531039
H       11.57934287      16.94622212       0.10368928
H        7.46619001       0.52048171       0.13354899
H        9.69044454      15.12356137       0.28568604
H        8.08169689      15.73997256       0.51634582
H        8.81288072      16.01175461      16.63209135
H        8.13999113       2.84390016       1.01039089
H       10.28731022       3.33347777       1.45227886
H       12.55876896       2.53975841       1.27850384
O        7.10790195      14.41484718       6.46552210
C        9.84011917      14.95428293       4.02897240
C        8.95498364      14.37036157       4.94261055
C        9.81286399      16.31974960       3.89811622
C        7.97664286      15.09816560       5.65137691
C       10.97495977      14.16482050       3.42973283
C        8.84897659      17.08599511       4.57727825
C        7.97692489      16.46874910       5.49812919
H        9.19414592      13.35574289       5.27271551
H       10.52298724      16.92246453       3.28835481
H       10.53596265      13.45930737       2.76717165
H       11.67333795      14.72008383       2.92529599
H       11.42764143      13.68747973       4.31590746
H        8.70874804       0.41835582       4.54854821
H        7.33011707      17.15820493       6.03753233
H        7.22785187      13.47031963       6.40583772
O        5.44313441      15.18130609      10.69773464
C        5.06140077      12.69689306      13.41471181
C        5.51718646      13.72695243      12.63233064
C        3.85947139      12.05466848      12.98532572
C        4.85756293      14.17810209      11.46307562
C        5.82293947      12.20094880      14.69483638
C        3.12545214      12.50988155      11.90982398
C        3.60012846      13.58416573      11.14953911
H        6.34289454      14.27201173      13.08822604
H        3.50631407      11.22099745      13.57582186
H        5.66563609      12.81837648      15.60378067
H        5.52058979      11.21740593      14.79870317
H        6.88640851      12.24310989      14.74410420
H        2.17327684      12.01872202      11.72631213
H        2.98542292      14.02860242      10.43022525
H        5.18712540      15.29484248       9.76367731
O        5.96873547       2.17110575      11.39961258
C        9.11415504       3.90114498      10.71883159
C        8.21141406       2.88880117      11.25011649
C        8.62175412       5.00818937       9.92962027
C        6.83863393       3.11394221      10.98024681
C       10.61647185       3.65790274      10.88986861
C        7.27284174       5.25520416       9.93955465
C        6.41895165       4.32747292      10.45602462
H        8.47013386       1.88249563      11.64543188
H        9.24643636       5.68717943       9.43302628
H       11.06763275       2.73939195      10.35480504
H       11.22242866       4.53152177      10.54117961
H       10.77273152       3.67381038      11.99593046
H        6.85273589       6.07883394       9.41147331
H        5.37302356       4.49216096      10.35430099
H        6.37248601       1.60906669      12.04033760
O       14.70858512       5.63015381       1.78994322
C        0.36205515       4.33947036       1.40770237
C       16.94258918       5.14037537       1.27027699
C        0.29711006       3.13341590       2.15270643
C       15.73548059       4.73114271       1.79469615
C        1.61719647       4.73788305       0.55597204
C       16.81247886       2.80709749       2.78573534
C       15.61935030       3.54423230       2.53703752
H       16.93863518       6.04545853       0.65852671
H        1.18899498       2.49118801       2.24914620
H        2.38763493       5.16342559       1.27303334
H        2.11843050       3.99847123      17.58426051
H        1.22636194       5.57035629      17.66778348
H       16.82134683       1.96526790       3.44746093
H       14.69994628       3.14440230       2.95206794
H       15.01377822       6.44371007       1.42534637
O       16.31232534      17.19163339      13.64427641
C       16.11896942       0.16405573      17.29134815
C       15.97809959      17.17417039      16.06421252
C       16.85239017       1.36621737      17.28463686
C       16.48065953       0.03372748      14.82705107
C       15.44635448      17.29072275       0.82361139
C       17.31592100       1.97488053      16.08697965
C       17.12423891       1.26276534      14.84614482
H       15.41615239      16.25264524      15.97369548
H       17.19997030       1.75221676       0.49378158
H       15.69315569       0.07686577       1.81513792
H       14.39432007      17.35189468       0.61586517
H       15.76774399      16.26869757       1.11668495
H        0.24030816       2.85908821      16.11407908
H       17.46922049       1.77479007      13.95272286
H       16.21604676       0.22782567      13.02179859
