512
Lattice="17.7128441229 0.0 0.0 0.0 17.7128441229 0.0 0.0 0.0 17.7128441229" Properties=species:S:1:pos:R:3 pbc="T T T"
O       14.61505168       3.14266344       2.59586651
C       12.25907950       3.57406607       5.38200455
C       13.17678016       3.02732329       4.46116477
C       11.95645873       4.90872772       5.25562428
C       13.81130634       3.82108934       3.45165655
C       11.64641865       2.78507063       6.58078076
C       12.50655926       5.66523054       4.24421111
C       13.49964153       5.21976903       3.37694676
H       13.36877426       2.01816072       4.43748355
H       11.15100436       5.34675893       5.80935728
H       11.50968428       3.41854701       7.44604969
H       10.62272605       2.46220169       6.34496198
H       12.36036135       1.99619455       6.77782173
H       12.11578293       6.61799643       4.03135480
H       13.81729759       5.86233607       2.55920118
H       15.06303722       3.75773864       1.97620775
O        6.84387406       7.03138804       3.14850434
C        6.04771532       3.83052443       4.73009384
C        6.45820596       4.73147848       3.75138596
C        5.67741251       4.25826876       5.98770884
C        6.39412266       6.12847842       4.05990015
C        6.26276775       2.41231758       4.42063261
C        5.56299690       5.62462036       6.29790639
C        5.97609255       6.60369313       5.28469345
H        6.78530333       4.47847440       2.76198894
H        5.50599198       3.58531634       6.74317164
H        5.88939960       2.13790450       3.44174791
H        7.19906908       1.95312344       4.68376212
H        5.54277075       1.91577562       5.11360219
H        5.25650649       5.99247756       7.26791359
H        6.05078945       7.70196195       5.42486911
H        6.26129563       7.76521027       3.08687218
O       17.15850906       3.80978934      12.73037315
C       14.17066915       3.90694390      10.51643884
C       14.99171939       3.55191997      11.67234400
C       14.68412903       4.69626685       9.43964279
C       16.29394634       4.07741209      11.75947819
C       12.78377058       3.31197745      10.38471819
C       15.96880888       5.28554569       9.64764114
C       16.78900800       4.91183325      10.74775351
H       14.49692845       3.06508309      12.49309794
H       14.04219168       4.94472443       8.64661914
H       12.22156163       4.03394310       9.73188047
H       12.80024230       2.28682089       9.93788551
H       12.40165343       3.12095693      11.42903264
H       16.23242157       6.05192957       8.94774966
H        0.15270135       5.23337701      10.69406547
H        0.28150442       4.27249958      12.70052019
O        2.81092781       2.85233919       9.39167144
C        0.35090471       1.97487058       6.74684520
C        1.01043774       2.61772682       7.85739940
C        1.22465156       1.10074963       5.95767255
C        2.36806297       2.25306475       8.26780251
C       16.63756960       2.33385170       6.37982102
C        2.55902989       0.79927430       6.33984377
C        3.12813498       1.29479722       7.51460133
H        0.47404024       3.35155048       8.56160027
H        0.82123893       0.53338316       5.10659948
H       16.64039511       3.02596140       5.54493277
H       16.09720041       1.48594856       6.03294150
H       16.13006486       2.91453744       7.03980874
H        3.13688494       0.12655282       5.70675635
H        4.07874449       0.99891999       7.84147102
H        3.53770374       2.28073127       9.70878860
O       12.01114811       8.79136132      10.79831224
C       14.05143050      11.82101272      10.63864013
C       12.90163518      11.01316614      10.85722336
C       15.34635083      11.27416750      10.29678920
C       13.07695761       9.61718558      10.70619830
C       13.84019592      13.25318124      10.89199494
C       15.50466364       9.90553596      10.10986570
C       14.31214899       9.12134231      10.28995169
H       11.95868598      11.43230636      11.26424769
H       16.21813322      11.87388206      10.16664748
H       14.78625553      13.83714208      10.80535239
H       13.18391615      13.75560343      10.17494319
H       13.29650129      13.33892892      11.87115550
H       16.37126140       9.46256831       9.69529491
H       14.31775988       8.06058617      10.06946049
H       11.17356816       9.32914240      10.70094341
O       14.97313980      12.30902703       2.60922121
C       15.89014626      15.81197136       3.47760822
C       15.15789818      14.73280346       2.93152239
C       17.23855970      15.65524194       3.88736848
C       15.75419412      13.41460574       2.93116896
C       15.20488842      17.09574999       3.64992660
C        0.13788052      14.39041959       3.80831659
C       17.09389290      13.28054496       3.39205303
H       14.15792008      14.85029360       2.57035158
H        0.04150225      16.44682644       4.37900092
H       15.61254884       0.21568639       3.14275193
H       14.15811558      16.99628958       3.36064943
H       15.07910377      17.37707444       4.68929344
H        1.10103321      14.18016255       4.16363210
H       17.54637046      12.28955667       3.50589293
H       14.14353909      12.39172607       2.17715259
O        4.58020708       9.86904994       2.25288625
C        6.58342138      11.40116557       4.94128862
C        6.22155327      10.53083625       3.86664890
C        5.72739326      12.36191265       5.37027847
C        4.95043183      10.69949286       3.24179449
C        7.83699882      11.11105091       5.82094481
C        4.48683120      12.47056639       4.82260019
C        4.03797865      11.63183560       3.68803983
H        6.91302293       9.81798758       3.48378398
H        5.89506758      12.96242508       6.26340392
H        8.17367852      10.04249350       5.85948085
H        8.72596153      11.57955326       5.26163490
H        7.53866807      11.50925337       6.83451207
H        3.82833110      13.25812349       5.17302272
H        3.07427254      11.80846292       3.19796991
H        3.62034091       9.83356599       2.06108877
O        2.90908848       6.12773252       9.78899278
C        2.36417015       8.88939082       7.34272199
C        2.50106990       8.22157231       8.58345869
C        2.20112223       8.13080018       6.18133353
C        2.59670330       6.83363945       8.68839332
C        2.16769685      10.36805874       7.28065816
C        2.28147052       6.74945253       6.16835918
C        2.41341243       6.11823892       7.46397133
H        2.57050470       8.79300446       9.54177276
H        2.04286565       8.60464822       5.17082347
H        3.05666727      10.76420381       6.93487811
H        1.32649830      10.54418373       6.59415960
H        2.03122854      10.84306358       8.26718155
H        2.06153069       6.16966656       5.27981429
H        2.45147561       5.05190189       7.54736052
H        2.95995443       5.28115929       9.51826088
O        2.04969094       5.53962839      12.29597923
C        3.66141648       8.48334120      13.85824470
C        3.11612629       7.58564481      12.91775548
C        3.36679942       8.23763589      15.18519203
C        2.42377911       6.42358999      13.26285078
C        4.36949430       9.67850195      13.24460458
C        2.59211291       7.14211572      15.58498501
C        2.14963751       6.21701887      14.61658422
H        3.13698477       7.77867940      11.84539959
H        3.76404838       8.92187023      15.89937232
H        4.51667578       9.61252002      12.19880395
H        3.73743865      10.56173206      13.25867557
H        5.25616725       9.81664989      13.78025016
H        2.38789168       6.94969816      16.65645796
H        1.75614425       5.30185484      14.86671892
H        2.41899861       5.94904197      11.48963645
O        5.68532142      17.58876090      13.28594318
C        3.45680205      15.72745098      15.36956916
C        3.87540445      16.63524104      14.45571569
C        4.25002124      14.69831203      15.91966186
C        5.25288719      16.61983383      14.10859658
C        2.00653249      15.78001685      15.73238927
C        5.57965688      14.68656458      15.52775493
C        6.09319666      15.65268060      14.62015092
H        3.29799739      17.39073693      13.96681685
H        3.89246965      13.94093529      16.51823770
H        1.49957511      15.35582616      14.88227790
H        1.80703278      15.25363071      16.68069694
H        1.63885925      16.77637095      16.00322286
H        6.24269275      13.94287640      15.99979922
H        7.05526329      15.47291939      14.16840528
H        6.63317359       0.04473331      13.29922549
O       16.68859965      14.21230746      13.64046106
C        0.40039302      10.97769449      12.53058822
C       17.27875332      11.95068014      13.13903547
C        1.58416872      11.43480900      11.93374656
C       17.58386990      13.32772990      13.10812074
C        0.08238696       9.45739353      12.70467283
C        1.86861289      12.74512939      11.89250346
C        1.01636587      13.73295657      12.42904434
H       16.42093130      11.63568913      13.71035897
H        2.24877763      10.74903769      11.42806538
H        0.45016337       9.15340408      13.72957540
H       16.73712909       9.29142230      12.70469504
H        0.43215318       8.83626833      11.84883369
H        2.82772273      13.19590247      11.45573041
H        1.33429193      14.75186325      12.52892018
H       16.86933122      15.12540412      13.34642210
O       10.46389413      13.31023140       9.42027015
C       12.08295230      13.79131982       6.15751505
C       11.41717952      13.16005851       7.24211484
C       12.18054939      15.20622772       6.20488539
C       11.00187219      13.93813658       8.37655166
C       12.49948495      12.96799621       4.94125469
C       11.75828764      15.97478379       7.32145761
C       11.20305915      15.32895874       8.50121519
H       11.33665820      12.08673343       7.33255031
H       12.64141956      15.65746770       5.47143642
H       11.62410009      12.87186311       4.35919977
H       13.30744268      13.46245486       4.48156624
H       12.75503196      11.96398166       5.23759284
H       11.98273387      17.07220221       7.37110698
H       10.88728648      15.94312603       9.30790344
H        9.89035500      13.90444404       9.90868231
O        9.83217751       9.64604239      17.07729842
C        7.56251148      12.24373666       0.44761228
C        8.80134473      11.59763988       0.28315433
C        6.34403780      11.74163145      17.64118424
C        8.74706987      10.37489118      17.24400329
C        7.56606906      13.53842650       1.20706930
C        6.35019009      10.52218375      16.96207900
C        7.56015268       9.84224492      16.77181385
H        9.70128344      12.00876329       0.72509870
H        5.35647488      12.17131937       0.12133605
H        6.80576624      14.29394582       0.77668908
H        7.13955829      13.30397645       2.20635878
H        8.53752963      13.96017850       1.53908958
H        5.42262247      10.12089697      16.59598532
H        7.50261269       8.88291283      16.25143543
H        9.51402326       8.86960493      16.64381015
O        8.20908359       1.41880713      13.82511998
C       11.45147698      17.44628661      13.28723750
C       10.06089495      17.63342628      13.35467179
C       12.29101550       0.79738186      13.68760012
C        9.52250481       1.18855437      13.70412975
C       12.01701607      16.16786811      12.83779623
C       11.82358565       2.01765008      14.19276302
C       10.39772239       2.23296186      14.08545676
H        9.37996126      16.79720864      13.07010260
H       13.37474469       0.73166427      13.61207505
H       12.92026255      16.03328152      13.43598702
H       11.29340013      15.43476553      13.12653667
H       12.13764860      16.01893498      11.71240898
H       12.52906744       2.87242393      14.28624067
H       10.05263224       3.27896014      14.31434557
H        7.91749469       2.12499724      14.48574444
O       15.43237102       9.70841925       2.84711382
C       16.25108695       7.34041015       5.53343021
C       15.84127424       7.84834303       4.31695679
C       16.52686236       8.20841064       6.54015145
C       15.67340753       9.26020243       4.12550204
C       16.36002335       5.86183069       5.85143787
C       16.48099763       9.58310407       6.38299283
C       16.03028357      10.17614139       5.20673077
H       15.71957693       7.18206700       3.54218840
H       16.93386398       7.79080318       7.41419919
H       17.38155230       5.61161112       6.25179302
H       15.51787463       5.68173733       6.58785123
H       16.25499614       5.41708202       4.85110518
H       16.65014975      10.22554522       7.25619757
H       15.77188400      11.27573149       5.17776725
H       15.42285536      10.65531250       2.86603752
O       11.13516235      10.11110148       2.13748333
C       11.79189369       9.00344040       5.58428124
C       11.95614525       9.62340940       4.32278865
C       10.58493953       8.31360301       5.81163300
C       11.00168498       9.45050917       3.28358140
C       12.88851361       8.96854385       6.59309725
C        9.64102940       8.15594569       4.78760751
C        9.86225362       8.75346436       3.51930766
H       12.86969908      10.24002004       4.17357178
H       10.49328159       7.70223221       6.66715307
H       13.57442980       8.20341785       6.29454114
H       13.17835179       9.93696041       6.65531720
H       12.67226138       8.72049976       7.59127071
H        8.68494690       7.73764723       5.01963547
H        9.06243880       8.71951874       2.76794552
H       10.59995361       9.78309401       1.41614747
O        7.78271131       3.25727078      15.61213635
C        4.03169356       2.74360061      15.24123375
C        5.43251507       2.83225452      14.92615276
C        3.68033044       3.07212425      16.55789500
C        6.40820455       3.30442638      15.83673733
C        2.96929036       2.56697895      14.11934475
C        4.53743266       3.68258275      17.48425034
C        5.93473221       3.73649134      17.09837324
H        5.76802538       2.38156751      14.01390948
H        2.72145429       2.97496048      16.86775447
H        3.56974716       1.97312190      13.38197522
H        2.18952697       2.01991763      14.57331518
H        2.73533774       3.61140738      13.67469617
H        4.16539376       3.86792476       0.77836261
H        6.59507089       4.05730034       0.23936970
H        8.23415213       4.00396053      15.94783733
O        5.74983991      16.95384002       4.47934520
C        2.86927610      17.26862111       2.11483817
C        3.89013064      17.58865989       3.05453498
C        2.88725263      15.99100769       1.55806396
C        4.82768278      16.65841560       3.50280291
C        1.68912286       0.51621606       1.83107397
C        3.86950653      15.04476999       1.94509734
C        4.86930665      15.40151960       2.86928853
H        3.94742660       0.89044726       3.58629839
H        2.19661444      15.74577530       0.82485274
H        1.49341176       0.38501235       0.80160935
H        0.81606836       0.23304259       2.53358746
H        1.95433157       1.56613491       1.99520183
H        3.69188651      14.05150857       1.50823943
H        5.66407229      14.78910552       3.21604038
H        6.63321362      16.63654032       4.27861709
O       11.20969128       7.86613486      13.15645379
C        7.84620833       6.33890555      12.77203666
C        8.87946211       7.26102926      13.00848018
C        8.16365619       5.10979568      12.14850396
C       10.25908120       6.90102549      12.91548382
C        6.38496583       6.56060972      13.01172283
C        9.50438043       4.82761526      11.83053909
C       10.58196056       5.65250618      12.27961493
H        8.57278643       8.24011135      13.29733043
H        7.36235902       4.42447634      11.90461994
H        5.91705382       5.60796158      13.30118661
H        6.20245149       7.21378270      13.87018140
H        5.83578910       6.97080000      12.26579811
H        9.81952549       3.89533209      11.37737387
H       11.65999097       5.38667944      12.20926478
H       11.62696947       8.17870169      12.42028960
O       16.08187444       7.81208473       0.99488150
C       14.65808722       6.38166862      15.63522302
C       15.55884546       6.68576359      16.71693090
C       13.32580303       6.92804277      15.66209387
C       15.15613786       7.53157625       0.02884536
C       15.08283984       5.48663734      14.51027013
C       12.94860053       7.72091162      16.74626907
C       13.84907854       8.01316874       0.13554415
H       16.54376497       6.16374811      16.55894895
H       12.67193942       6.72359987      14.84967406
H       15.67336434       5.99033344      13.81359566
H       15.76187755       4.64256227      14.94690632
H       14.25974849       5.04388936      13.98094779
H       11.92569634       8.16256651      16.78831597
H       13.43553856       8.58080137       0.97662076
H       15.70227650       8.61260774       1.45397313
O       10.04506180      10.53410089       9.72637310
C        6.32522035      10.76051292       9.42467693
C        7.63722382      11.15308837       9.51268380
C        6.00503505       9.39695444       9.47492731
C        8.68843203      10.17564991       9.79166585
C        5.30973534      11.87970915       9.20963265
C        7.02984263       8.39959664       9.70328809
C        8.37212947       8.80781543       9.89860942
H        7.79132549      12.19363972       9.31038778
H        4.96702726       9.03606595       9.35983523
H        4.32328391      11.43875412       9.54026876
H        5.44209463      12.77478375       9.76976554
H        5.17578298      12.18805200       8.11570030
H        6.71687426       7.31903398       9.73503012
H        9.10527778       8.09008488      10.05085549
H       10.09698215      11.46771059       9.58354492
O        1.66506632       9.74037238       1.59871397
C        0.09945976      12.23903753      17.08391201
C        0.27817793      11.39010977       0.46325726
C        1.10119948      12.47295456      16.17327670
C        1.41256567      10.60168591       0.59198519
C       16.51585691      12.86666795      16.82669792
C        2.25675834      11.66184813      16.32758276
C        2.50820294      10.84793150      17.44468956
H       17.09686720      11.24582347       1.11546293
H        1.08606314      13.14673336      15.23325567
H       15.95988935      13.00268533       0.10316658
H       16.62395201      13.81415362      16.35642840
H       15.88579153      12.35736567      16.08629820
H        3.01009436      11.75775839      15.54658784
H        3.46409218      10.37132761      17.55517275
H        0.82837982       9.44942185       1.86963419
O       17.22670794      16.69058123      12.20197820
C       16.32114467      15.75141903       8.67298217
C       16.91302154      15.74480243       9.94119354
C       15.40949725      16.80511107       8.40462754
C       16.59144504      16.66703881      10.95878338
C       16.68946442      14.72031375       7.63115882
C       14.93405761      17.62755231       9.43648991
C       15.62058019      17.66376882      10.67211814
H       17.37284513      14.81612542      10.27408464
H       14.93393440      16.79453959       7.39620119
H       15.85193139      14.20459351       7.11592636
H       17.40911513      15.11460148       6.89521424
H       17.36051446      13.94943633       8.12844155
H       14.17248104       0.70540648       9.43032994
H       15.28165967       0.60246189      11.51436826
H       17.09382953      17.57532318      12.51140481
O       12.44906046      12.27723355       1.65726026
C       13.11070489      11.78052032      15.71442067
C       12.92114243      11.53579283      17.09831020
C       12.90452995      13.08784206      15.30367516
C       12.57349851      12.55843902       0.33054777
C       13.40954131      10.64465379      14.79436176
C       12.58237883      14.16013052      16.14102176
C       12.31334706      13.78982976      17.50501524
H       12.97500562      10.51851957      17.43177685
H       12.99331662      13.24822093      14.22434597
H       12.57109882      10.00371592      14.64276113
H       13.82618092      11.10384900      13.87902075
H       14.11387255      10.06441441      15.36059543
H       12.39173415      15.15889606      15.73979057
H       12.20056761      14.57280055       0.54738920
H       12.17484888      11.40441089       1.84858221
O        8.64481143       6.56721424      16.00264031
C       11.35038320       4.58928677      17.57542385
C       10.56248139       5.19490442      16.54878818
C       11.11878004       4.86539342       1.26245734
C        9.54139629       6.05175362      16.96215875
C       12.46493380       3.60904542      17.13041946
C       10.10094490       5.81541947       1.61115001
C        9.29110022       6.34301192       0.64845651
H       10.71933575       5.00560599      15.52127596
H       11.57334195       4.35379382       2.10426596
H       13.05847959       3.25196565       0.25278487
H       11.99268820       2.74349233      16.75283927
H       13.04651639       3.97747266      16.35928432
H        9.69155733       6.04045390       2.63151734
H        8.49001329       7.03788901       0.83308966
H        8.95287995       6.32395592      15.15007419
O        6.91127967      14.97239944       8.82748494
C        3.47395428      15.86601138       9.78137413
C        4.81278120      15.59272981       9.95658132
C        2.79657422      15.91852721       8.56306668
C        5.57444294      15.18242799       8.79302133
C        2.83946750      16.43102828      11.01383020
C        3.49471647      15.38916885       7.46796860
C        4.87823689      15.10873049       7.56915596
H        5.31793191      15.67383465      10.83293305
H        1.77723051      16.23538518       8.52558340
H        3.09761485      15.83681970      11.92876741
H        3.02827493      17.50357647      11.24156134
H        1.87068038      16.17570432      10.97292732
H        2.98046264      15.36771893       6.53449575
H        5.41272540      14.99967962       6.66945928
H        7.39431559      14.64626371       8.08677133
O       10.83966621      17.26636117      16.59644901
C        7.45255024       0.51504220       0.15789272
C        8.45656492      17.63781233      17.03068154
C        7.86537725       1.36577048       1.21418078
C        9.86667025       0.18601491      17.33846719
C        5.99884448       0.21912251       0.00384249
C        9.23671631       1.64671540       1.51264759
C       10.19360214       1.00811051       0.67921766
H        8.10104792      16.92148115      16.34222311
H        7.11762633       1.74871655       1.85961037
H        5.89029819      17.00109424       0.59446100
H        5.29808187       0.86299654       0.51964402
H        5.75476037       0.17843646      16.67277526
H        9.48285072       2.25686009       2.34922790
H       11.20986676       1.05914704       0.89882841
H       10.53969364      16.80822644      15.76848036
O        7.95525288      14.20439170       6.49802931
C        9.67426271      16.13044579       3.92694587
C        9.10120697      15.07106496       4.58474801
C        9.65933857      17.35544474       4.56446897
C        8.52189660      15.25667869       5.87493674
C       10.36729070      15.99286689       2.52452071
C        9.04500504      17.63548805       5.78740520
C        8.42754167      16.55258514       6.44081923
H        9.20828985      14.08644336       4.17605850
H       10.13492647       0.54331372       4.19036600
H       10.81593736      16.96600590       2.33917993
H       11.10518322      15.29465828       2.53000718
H        9.66669082      16.03786710       1.73052486
H        8.88974958       0.96512524       6.12748382
H        7.82441275      16.73091257       7.35475692
H        8.45511159      13.44111448       6.34275830
O        8.57287685      14.81519216      10.86124714
C        9.10188030      12.04873476      13.30914693
C        9.31106384      13.18667768      12.46086209
C        7.73958785      11.74940474      13.52851709
C        8.27805139      13.85152426      11.77594818
C       10.12296509      11.47516019      14.23986329
C        6.69911435      12.37572730      12.87734792
C        6.98750197      13.43566302      11.98234586
H       10.25579831      13.46817384      12.16533565
H        7.49837618      11.10942112      14.37183110
H        9.74471984      10.56773243      14.79126548
H       11.03052145      11.41212161      13.74658812
H       10.26771512      12.14566775      15.07757932
H        5.61291465      12.13598517      13.19075282
H        6.22031405      14.03012790      11.49295754
H        7.86515757      14.91199380      10.24014361
O        4.89745575       1.76238728      10.56209369
C        8.40813592       2.08148892       9.42391831
C        7.24497213       1.53920945      10.12569036
C        8.34924752       3.38001039       8.86979903
C        6.04051313       2.23804310      10.06316335
C        9.66657492       1.17403539       9.40795233
C        7.18288793       4.10340986       9.07284971
C        5.97841590       3.54193550       9.51698190
H        7.24635044       0.58863798      10.67655566
H        9.28882612       3.86869334       8.42554166
H       10.51153748       1.78361209       9.27673702
H        9.77281791       0.54564353      10.41857229
H        9.59994782       0.63150364       8.46470661
H        7.00766466       5.14833376       8.71320733
H        5.17934082       4.25328443       9.67340879
H        4.97258198       1.05757811      11.22475683
O       16.31436620       5.11902774       1.84751585
C        2.16593896       5.74654240       2.38704704
C        0.79568959       5.94820843       2.02520158
C        2.56605952       4.56511002       3.02200115
C       17.57867738       4.94183298       2.31547962
C        3.16221969       6.90023528       2.11413172
C        1.62485694       3.61053705       3.42798797
C        0.21017042       3.77799180       3.05076466
H        0.56568527       6.92058848       1.52645573
H        3.60490392       4.30907812       3.29639609
H        2.88958512       7.25789859       1.08414316
H        3.07765787       7.69645189       2.92738711
H        4.17976879       6.50093554       2.03076611
H        1.86057745       2.84555391       4.13971441
H       17.32969124       2.88719271       3.25981281
H       16.21786972       5.95223224       1.43516284
O       16.57704927       1.29465589      13.40521245
C       15.82885215       0.16105504      16.85553940
C       15.87616830       0.11816733      15.45965428
C       16.44705719       1.16675614      17.62093115
C       16.60515984       1.10674589      14.76394058
C       14.97527961      16.82064698      17.58869827
C       17.14508916       2.16460688      16.88246075
C       17.21992471       2.12286531      15.46798989
H       15.39841256      17.02279340      14.89613097
H       16.49628897       1.12251954       0.99361427
H       14.14455587      17.16527995       0.50932930
H       14.55360495      16.12793247      16.89092705
H       15.53567573      16.08897750       0.53114011
H       17.59442101       3.06843334      17.34115960
H        0.11322335       2.86166937      14.93329140
H       16.68884298       2.23210610      13.07850964
