512
Lattice="17.7128441229 0.0 0.0 0.0 17.7128441229 0.0 0.0 0.0 17.7128441229" Properties=species:S:1:pos:R:3 pbc="T T T"
O       11.84136040       4.24997242       3.74416592
C        9.06859898       4.42074425       6.12017400
C        9.89017897       3.89679622       5.06674958
C        9.38753725       5.64553800       6.75252421
C       11.03142375       4.66562639       4.65246467
C        7.80926614       3.68519163       6.55662057
C       10.52229758       6.36825192       6.43610089
C       11.31828937       5.87159087       5.30964560
H        9.69805896       2.85882899       4.77605210
H        8.69100094       6.05371756       7.39088558
H        7.30569590       3.19180600       5.75629507
H        8.01421404       2.83000416       7.22511207
H        7.19406769       4.33845638       7.11092569
H       10.66037550       7.36852780       6.75720675
H       12.13249470       6.49885550       5.09870770
H       12.51867052       4.89964114       3.51517614
O        6.21155972       3.62394475       3.58776227
C        7.94869933       6.57514338       2.41244537
C        7.61709551       5.22351655       2.52581200
C        7.13031102       7.62508408       2.94136142
C        6.51618702       4.89737127       3.39889358
C        9.14010191       6.84880195       1.53993438
C        6.02791544       7.27673388       3.81246260
C        5.76286594       5.92773994       4.00329512
H        8.17429127       4.33945338       2.12064942
H        7.42265866       8.67804355       2.86145023
H        9.11019191       7.80498313       1.12681881
H       10.00589674       6.73010609       2.11023557
H        9.17400011       6.05672494       0.76966486
H        5.36787551       7.96528979       4.37853600
H        4.89843154       5.64071684       4.63002378
H        6.71095039       3.08752407       3.01736306
O       15.99937389       1.42663808      11.00412411
C       14.39303571       3.19449371       8.20160045
C       15.43630382       2.83279382       9.11923679
C       13.07032767       2.78164548       8.25659045
C       15.07462722       1.94586789      10.16488779
C       14.81875631       4.08737262       7.10131748
C       12.79532746       1.83180238       9.24171080
C       13.75693539       1.48562523      10.17964547
H       16.44625993       3.14657163       8.97954902
H       12.30636109       3.07232440       7.54546025
H       15.56313985       4.85924417       7.46815625
H       15.23850721       3.59803186       6.20412930
H       14.00602736       4.69629226       6.66970617
H       11.75293330       1.52790131       9.42247838
H       13.51337865       0.82061793      11.02548629
H       16.83103684       1.83500919      10.81502345
O        2.97423713       1.73908297       9.46716413
C        2.06821057       2.45998355       5.95929270
C        1.97757088       2.00381370       7.33467146
C        3.37473244       2.53893285       5.40305883
C        3.11074842       1.88448900       8.12521068
C        0.77303556       2.75305797       5.18024925
C        4.48464485       2.18746095       6.13930864
C        4.37920728       1.94101062       7.54590975
H        0.96361766       1.77090076       7.74067308
H        3.57166030       2.95102476       4.40071766
H        0.04567783       3.45414561       5.69767410
H        0.97147330       3.17605403       4.23035005
H        0.18713989       1.77097073       5.22516234
H        5.46858003       2.45455601       5.68750129
H        5.23903339       1.82966233       8.15306534
H        3.79928796       1.69524527       9.99321889
O       13.58845887       7.33207546      11.17565563
C       15.49773450       9.78550792      13.26186818
C       14.46790727       9.07528667      12.62061438
C       16.81027455       9.41471922      12.90827791
C       14.68153694       8.00037768      11.77669290
C       15.18878888      10.92281950      14.24795563
C       17.07165396       8.35019802      12.01344346
C       15.99060554       7.66733091      11.44331317
H       13.39502107       9.34288642      12.77908130
H       17.59125924      10.08398390      13.29876986
H       15.06062548      10.52211452      15.28402952
H       16.04977574      11.60428217      14.28377043
H       14.27802342      11.46113374      14.05500660
H        0.33421697       8.09230835      11.73990689
H       16.03489650       6.79107212      10.83008354
H       12.83623555       7.66589407      11.54378019
O       15.90402300      13.87077526       2.80254242
C       16.15969806      16.78238779       5.07284352
C       16.26155450      15.47560218       4.54588286
C       15.35585447       0.05952088       4.45788924
C       15.72809592      15.14425343       3.26033519
C       16.69365098      17.05151038       6.48375824
C       14.83888954      17.45754668       3.22667420
C       15.00389142      16.16066803       2.57321132
H       16.98858885      14.74372581       4.96026202
H       15.15555864       1.00392002       4.98744961
H       16.11254427       0.21294441       6.91526044
H       16.39569428      16.21620944       7.16280687
H        0.05580978      17.25102416       6.48270456
H       14.10896784       0.47140475       2.94355722
H       14.47601135      15.82436617       1.64568580
H       15.22036821      13.63847027       2.25319561
O        2.58831610       9.50583296       1.40363034
C        2.67367870       5.99547899       2.42140957
C        3.11269599       7.18931910       1.82703234
C        1.82344244       6.00777878       3.55402406
C        2.39616195       8.36739291       2.08003656
C        3.11539031       4.70694681       1.80561002
C        1.33802678       7.26746912       3.91803839
C        1.50177757       8.40523653       3.15168092
H        3.70999210       7.26162982       0.92313224
H        1.69441318       5.17002216       4.25194706
H        4.12164620       4.48913898       2.22927275
H        2.53105746       3.89581749       2.03273315
H        3.04692427       4.77882653       0.78146252
H        0.74293401       7.42474581       4.81113231
H        1.10541987       9.35151638       3.46180857
H        1.97963079      10.20874476       1.59381042
O        2.92907546       7.54921356      11.13432890
C        3.60386689       8.81397301       7.71646422
C        3.38250311       8.84292439       9.11703150
C        3.62993525       7.59922559       6.98731198
C        3.08935509       7.61304104       9.82169744
C        3.99875288      10.14839642       7.02756154
C        3.23256305       6.47772424       7.64507128
C        3.00524929       6.46318723       9.03309785
H        3.36950298       9.74704958       9.73279193
H        3.98284006       7.45892825       5.96255712
H        5.03406988      10.19216335       7.04405237
H        3.62108868      10.16223384       5.98356694
H        3.63534503      10.99508399       7.57913744
H        3.12221953       5.61913090       7.03196597
H        2.75156729       5.56171595       9.51717184
H        2.64140262       6.71864000      11.25949134
O        0.71160044       2.90617198      10.57813776
C        0.01670606       5.03566660      13.36802946
C       17.41240048       4.19127914      12.23834995
C        1.34011974       5.28833520      13.82029588
C        0.91751866       3.71984119      11.58776235
C       16.52308994       5.45698976      14.20836528
C        2.47130453       4.78730776      13.15920272
C        2.25182212       3.91468600      12.05337620
H       16.40882977       3.90239321      11.96779929
H        1.53844215       5.88908276      14.68560000
H       15.69908602       4.72542143      14.00124932
H       16.77603813       5.43179969      15.29363338
H       16.19196474       6.44744425      13.97787382
H        3.44917141       5.03981197      13.57468696
H        3.02515685       3.42546588      11.54366663
H        1.46625894       2.50714065      10.22309458
O        6.52571251      17.52450359      12.04456455
C        3.71392736      15.75766774      13.54571990
C        4.47062432      16.64432502      12.77378671
C        4.33806557      14.94397144      14.53819481
C        5.81517273      16.75877490      12.90649991
C        2.21546682      15.54883681      13.29710573
C        5.68843590      15.23463154      14.76643690
C        6.47416679      16.10447907      13.92988534
H        4.01731783      17.25521499      12.01139942
H        3.72466136      14.30958857      15.19970542
H        1.91328985      16.41756620      12.75474992
H        2.12492469      14.72040649      12.56620427
H        1.47434907      15.31792580      14.07938237
H        6.31708656      14.69225273      15.45758632
H        7.56942118      16.15157850      14.14274722
H        7.27884334       0.28836515      12.49569872
O        2.47055077       9.13013735      16.53678060
C        5.98969122       8.21670693      15.99818517
C        4.79305776       8.50885945      16.65887217
C        6.00253281       8.07833622      14.63500689
C        3.59963055       8.69367915      15.87663505
C        7.32179454       8.16701566      16.70383786
C        4.81545985       8.06661942      13.83706937
C        3.62754039       8.34293894      14.46368372
H        4.90924114       8.65871458       0.01483516
H        6.97375852       7.82562123      14.19426085
H        7.35998845       8.79940996      17.59330252
H        7.43498506       7.10308658      17.00100900
H        8.16199619       8.43536829      16.08877858
H        5.01138161       7.97859950      12.82645592
H        2.71582504       8.35392811      13.94553323
H        2.58252038       9.25490436      17.50913478
O        9.51843261      14.04503450       9.67067787
C       11.47704375      16.58358596       7.75712642
C       11.11608812      15.40270742       8.43233786
C       10.44519891      17.53860868       7.59348559
C        9.82176855      15.16682327       8.95035109
C       12.78652529      16.82975953       7.20273431
C        9.14532705      17.36296986       8.10664758
C        8.81746244      16.19278592       8.79882034
H       11.79468368      14.59560945       8.40298575
H       10.60157608       0.69016181       7.02346875
H       13.49832997      17.32768769       7.91938613
H       13.39493541      15.97980375       7.01983558
H       12.63477478      17.49214658       6.32231998
H        8.37721031       0.33866799       7.92810945
H        7.77934823      16.09804875       9.24397542
H        9.05010103      14.29775644      10.48811238
O        8.63288316      11.49852221      17.02640258
C        6.87655738      12.30864953       2.49375478
C        7.49366993      11.51666228       1.44792747
C        6.98688735      13.68135065       2.51137836
C        8.09169868      12.19948119       0.32455568
C        5.99098197      11.66282221       3.57566038
C        7.76116623      14.28777379       1.49321890
C        8.21466430      13.61530268       0.33885932
H        7.40967752      10.43417842       1.45813942
H        6.60700293      14.35381484       3.17764149
H        6.54805944      11.38888779       4.46217311
H        5.32955940      12.48107170       3.95444353
H        5.36046275      10.81057000       3.29288772
H        7.81448419      15.34943098       1.46952914
H        8.53921424      14.22899059      17.20331498
H        9.05514334      12.07503795      16.45481883
O        8.49370982       0.84902282      13.91710573
C       11.67958504      17.00838645      12.75098666
C       10.30193004      17.32674973      12.79491423
C       12.58624435      17.62634714      13.58430012
C        9.82215829       0.53910396      13.72545390
C       12.10788073      15.82838149      11.88695630
C       12.18271697       1.03264213      14.31185030
C       10.78106472       1.25175925      14.43568385
H        9.62751117      16.81654476      12.12408399
H       13.58629404      17.28691849      13.42900428
H       12.21373962      16.11834710      10.81392848
H       13.07306776      15.47674591      12.35737170
H       11.35495907      15.13489520      12.03451163
H       12.93316745       1.66352519      14.84376386
H       10.46664576       1.91113769      15.24958293
H        8.32529373       1.58896416      14.50160465
O       14.78428989       8.70132483       3.55528202
C       16.47344310       8.50194376       6.80721595
C       15.68247209       8.09610800       5.77314837
C       17.26625293       9.67887741       6.74605160
C       15.58539947       8.89475036       4.58535839
C       16.71902915       7.58003942       7.99565906
C       17.26660546      10.41051714       5.56022394
C       16.39140434      10.05835926       4.47045241
H       15.14574844       7.24016923       5.97528930
H        0.18489264       9.90545926       7.54455955
H       17.46081904       8.03644440       8.64796904
H       15.85308786       7.38797833       8.57528300
H       17.01440981       6.61395567       7.50482743
H        0.20484591      11.26412354       5.52833361
H       16.37578864      10.65379322       3.57845180
H       14.80374402       9.47664688       3.00374215
O       10.68095113      12.39483980       2.18497256
C       12.15755364      10.78181457       5.04973839
C       11.78264450      11.78619837       4.16226071
C       11.95789406       9.39867327       4.86097152
C       11.06013631      11.42769237       3.04302805
C       12.89882599      11.16671689       6.30145636
C       11.16986854       9.01695187       3.73448367
C       10.78799620      10.01641966       2.78951353
H       12.01655230      12.80986612       4.42307521
H       12.42165902       8.69670736       5.45409183
H       13.68145143      10.54274099       6.58935756
H       13.13142228      12.22139786       6.36135001
H       12.12701985      11.02214409       7.00531703
H       11.06299703       7.93765137       3.62062279
H       10.25847745       9.78498775       1.92113300
H        9.81649669      12.23979402       1.87831129
O        8.05842742       2.29246725      16.35675760
C        4.43552291       2.70327271      15.47244291
C        5.69067798       2.06101706      15.57893565
C        4.22405836       3.97419332      15.95581552
C        6.77918304       2.76448756      16.24702656
C        3.23525789       1.85783783      15.01885292
C        5.30178373       4.65353228      16.59221084
C        6.52113639       4.05192140      16.73327219
H        5.79047427       1.02369153      15.27979673
H        3.28460936       4.36065285      15.84963781
H        3.55553612       1.21664069      14.17054916
H        3.00506958       1.25293200      15.82102456
H        2.33056762       2.42839035      14.89223667
H        5.19366661       5.63131126      16.95806847
H        7.31213268       4.66767427      17.17011553
H        8.70775392       2.83723533      16.73790992
O        6.94373705       1.63203789       1.82828660
C        3.73115027      17.48341802       2.22031813
C        4.81625654       0.61202709       2.49517849
C        3.72247451      16.74044462       0.97137560
C        5.88682365       0.75144952       1.54612955
C        2.50598824      17.30950405       3.14947158
C        4.88388518      16.71665951       0.19364415
C        5.88675035      17.66046396       0.43177768
H        4.83225303       1.21664950       3.43057332
H        2.81406466      16.13573897       0.70099875
H        2.26902454      16.23966220       3.08968974
H        2.66457480      17.51601768       4.21432710
H        1.64808205       0.14583649       2.78192457
H        4.75677280      16.22879597      16.98395995
H        6.67556098      17.69367031      17.37618220
H        7.50837292       1.53423378       1.04492899
O        9.90193726      10.48890469      14.41780832
C       11.35899445      10.61768577      11.19633859
C       11.01073750      10.99358090      12.49737015
C       10.82214452       9.43515016      10.61106903
C       10.16691613      10.12292928      13.16627476
C       12.37412215      11.50287901      10.45075440
C        9.97765602       8.58749835      11.40403225
C        9.48136120       8.96376839      12.64959856
H       11.25364918      11.84543981      13.14605528
H       11.09447715       9.17109660       9.64215293
H       13.12773060      11.96962772      11.12120365
H       12.95438224      10.94891587       9.76123012
H       12.04974465      12.44352777       9.84903408
H        9.58792940       7.69496023      10.96611742
H        8.82315902       8.33674393      13.18387478
H       10.59647779      11.09459324      14.72503158
O       14.91320786      10.91102873       1.66676061
C       13.10685862       8.90768305      16.79136930
C       13.34697583       9.83722225       0.11110926
C       14.23304804       8.22464597      16.23733985
C       14.64445930      10.06592281       0.59865275
C       11.74451064       8.52740633      16.31151033
C       15.52107812       8.47781971      16.77996944
C       15.73027028       9.38482405       0.06234183
H       12.50010438      10.32065001       0.46281209
H       14.06306705       7.49257650      15.46631310
H       11.17593049       9.44579589      16.34027071
H       11.77213665       8.28495054      15.29591198
H       11.21084724       7.60001263      16.82816938
H       16.43338431       8.03747655      16.52486198
H       16.75578774       9.69581086       0.45882891
H       14.21816913      11.59970284       1.65558643
O        9.07118123      12.50433211       7.20430430
C        7.05232236       9.60378762       8.49949855
C        7.61950303      10.89470746       8.41014953
C        7.18938371       8.74165407       7.40165687
C        8.33860614      11.34706855       7.23979349
C        6.42981434       9.13386728       9.80219615
C        7.97548729       9.10206811       6.28125475
C        8.39021319      10.44679986       6.15849895
H        7.78708908      11.48776459       9.27640714
H        6.79911415       7.65725923       7.43821823
H        5.84917420       9.90349977      10.24680447
H        5.89090744       8.23859122       9.64650690
H        7.26145258       8.81356039      10.45464087
H        8.05682724       8.41430664       5.47040607
H        8.95202193      10.77053433       5.26739686
H        9.17056036      12.97449473       8.06081896
O        0.91451859      13.02693323       3.24788067
C        1.25533307      12.07041746      17.48623152
C        0.65863699      12.37012132       1.01913703
C        2.64999101      12.00061984      17.37097278
C        1.47140035      12.65711887       2.12952512
C        0.39220931      11.73608549      16.32417147
C        3.47167788      12.30461748       0.80118723
C        2.85903493      12.54917030       2.04135114
H       17.26597895      12.46418071       1.13589108
H        3.10726185      11.63419664      16.43470393
H        0.65032842      12.49353841      15.53365033
H        0.59542374      10.75660465      15.94421485
H       17.04464512      11.78905654      16.54631520
H        4.58230219      12.09276982       0.71562725
H        3.45988821      12.77077456       2.95069050
H       17.69711603      13.26007894       3.22791297
O       16.01363888      14.82418281      13.22056321
C       15.97230992      12.67615428      10.27543681
C       16.16603646      13.11309657      11.61719655
C       15.48545746      13.56459834       9.30176977
C       15.81046068      14.42472178      11.92477781
C       16.22410194      11.24717351       9.83041532
C       15.28717700      14.93931723       9.56099510
C       15.50534771      15.33377882      10.93187791
H       16.46700879      12.27209520      12.28673374
H       15.09877188      13.29869981       8.28220434
H       17.02699873      11.32705712       9.13644091
H       16.50089723      10.55854095      10.60325763
H       15.38987969      10.75312041       9.40692220
H       14.94365626      15.64401920       8.85370149
H       15.42603037      16.39849756      11.14971716
H       15.91772294      15.79225041      13.45445972
O       13.35269062      13.19393667       1.46044962
C       11.94166223      13.94368471      15.77730128
C       12.06596901      13.61833274      17.18401967
C       13.17245687      13.98766076      15.02082153
C       13.33117641      13.48355944       0.08848832
C       10.57810307      14.18210104      15.10442940
C       14.39421869      13.81402666      15.67000860
C       14.48666532      13.62612960      17.08101763
H       11.15353363      13.54760386      17.70778104
H       13.09591873      13.96386817      13.93968251
H       10.51746720      13.93435787      14.04808521
H        9.97111009      13.50080123      15.72960192
H       10.36481698      15.22441518      15.31523116
H       15.27976188      13.78771709      15.19274052
H       15.42176286      13.49686929      17.58924791
H       12.49104875      13.10270081       1.85150549
O        9.77809304       3.95296616       0.03538872
C       11.33308415       5.06243150      14.56156179
C       10.30438938       4.75746680      15.51023218
C       12.70791580       5.17162832      15.04365554
C       10.62709066       4.49984742      16.87333562
C       11.21543453       5.01311531      13.03296403
C       12.91450967       5.04365535      16.44139386
C       11.89729927       4.73260696      17.36005515
H        9.30329994       4.67890950      15.11058080
H       13.51368986       5.29787140      14.41966729
H       11.84768722       5.82729526      12.62840677
H       11.68282055       4.06405771      12.71781219
H       10.17824222       5.03274469      12.67871990
H       13.96090426       5.10039773      16.86167327
H       11.97610626       4.74003024       0.70771529
H       10.28978276       3.50323413       0.67605584
O        5.51852087      15.26539466       8.29365835
C        2.00974148      15.72927911       8.76774728
C        3.34064991      15.83720471       8.86829835
C        1.50794207      14.79279979       7.79656414
C        4.16656216      15.15055989       8.09860224
C        1.09525678      16.45763300       9.69332414
C        2.38290875      14.14434642       6.86636167
C        3.70527294      14.27297313       7.11218209
H        3.65266659      16.63087962       9.52484843
H        0.49732091      14.65652286       7.74173229
H        1.74503076      16.93358700      10.44231034
H        0.56362577      17.23915398       9.16601763
H        0.41630739      15.77167834      10.23287339
H        1.98926065      13.46000806       6.04833859
H        4.46808884      13.79744213       6.54158174
H        6.12487156      14.91798829       7.62671044
O       10.53136387       2.41563937       2.11213916
C       13.30760342       0.92234355       0.22509262
C       12.59547673       1.84249374       1.01151026
C       12.77102139      17.39704827       0.02861282
C       11.27223656       1.53679894       1.46200787
C       14.62040575       1.20091592      17.43530163
C       11.42515027      17.09014123       0.37677998
C       10.67014849       0.29870247       1.14514726
H       13.07451757       2.70116054       1.31269730
H       13.32248563      16.63599352      17.23578443
H       14.77056830       0.73067838      16.50112007
H       14.85561418       2.24509969      17.22538853
H       15.34540379       0.77573527       0.37255245
H       10.87499997      16.11853892       0.17415043
H        9.61713486       0.12284823       1.40801198
H       11.14432881       2.92531110       2.68021998
O        7.18201692      14.14532593       6.31192766
C        9.61756241      16.05349051       4.29936637
C        9.04035465      15.01419131       5.07572679
C        9.03207369      17.33289336       4.19019145
C        7.72550249      15.19649519       5.61136653
C       11.03209497      15.73166006       3.76158525
C        7.73027938      17.51275599       4.85465908
C        7.05280067      16.43597651       5.47700461
H        9.48538887      14.01885736       5.03515794
H        9.62607421       0.45584078       3.75996092
H       10.80312961      14.97101015       2.95581843
H       11.53393581      16.48909070       3.22903667
H       11.65525271      15.27764500       4.46221448
H        7.25962159       0.77918137       4.83752414
H        6.09880369      16.75619880       5.93271915
H        7.79544908      13.42375764       6.46196104
O        6.59534609      14.02899237      10.71400769
C        5.48029063      11.97128931      13.52075338
C        6.27255685      12.75095167      12.71845101
C        4.18854294      11.58509491      13.07798508
C        5.86350920      13.17977064      11.45385201
C        5.95933808      11.46490288      14.82821897
C        3.81869526      11.92107513      11.76208748
C        4.67296060      12.64899386      10.89458187
H        7.31180105      13.05920496      12.95949453
H        3.52226498      10.92756051      13.62485696
H        6.78274517      10.79196265      14.79601262
H        6.34258372      12.31036744      15.41574158
H        5.23436868      10.95503989      15.44666281
H        2.94136189      11.52248549      11.27650602
H        4.43008046      12.86336792       9.90145722
H        6.10609618      14.23837506       9.88247880
O        5.18988118       1.93098560      11.06748526
C        8.38522559       3.58371996      10.29748214
C        7.45513685       2.56470688      10.53029598
C        8.01805950       4.96209477      10.16020225
C        6.10384693       2.80720576      10.76472657
C        9.81507741       3.15662007      10.14588648
C        6.68892954       5.16705216      10.39502664
C        5.68501844       4.15864279      10.63296654
H        7.96405867       1.61527089      10.67476174
H        8.73595415       5.66318153       9.82985278
H       10.04274613       2.60456154      11.05571267
H       10.06495124       2.66366213       9.26013462
H       10.35299888       4.11109228      10.11123013
H        6.34768038       6.16830722      10.07117661
H        4.64421671       4.36807590      10.54844966
H        5.61177221       1.10054564      11.18195837
O       14.14689861       6.09573554       3.56017063
C       16.84296551       5.05376816       1.35573640
C       15.89934832       5.91515298       1.94193449
C       16.89292126       3.69542669       1.73159900
C       15.03704983       5.33512043       2.92799694
C        0.13297818       5.68954183       0.38095148
C       16.04408103       3.11206943       2.70096944
C       15.11975446       3.96258543       3.30934770
H       15.83855574       7.00543702       1.70903805
H       17.71036801       3.12115462       1.25197040
H        0.40913011       6.65541181       0.76400125
H        0.93766685       5.01340302       0.30325860
H       17.47855388       5.91245829      17.06208741
H       16.09113692       2.05869221       2.97433461
H       14.41233994       3.60102925       4.07533633
H       14.40530701       7.03832797       3.58449959
O       16.31917979       0.06692252      13.77173856
C       17.63817890      17.02948002      17.19712616
C       16.91457807      16.84841051      15.93945429
C        0.51096268       0.52965377      17.50502541
C       16.89887930       0.25438347      14.99593416
C       17.65732120      15.87644341       0.46890639
C        0.30481883       1.66057495      16.64980448
C       17.47235415       1.42780381      15.37895027
H       16.47326923      15.86623279      15.78372887
H        1.14336712       0.69791408       0.66415450
H        0.09960874      16.14623856       1.49702319
H       16.74341908      15.29762189       0.49989800
H        0.72321716      15.16488680       0.11240810
H        0.67215385       2.62969578      16.99537342
H       17.36672193       2.31790408      14.70815514
H       16.21782044       0.79888491      13.17674361
