512
Lattice="17.7128441229 0.0 0.0 0.0 17.7128441229 0.0 0.0 0.0 17.7128441229" Properties=species:S:1:pos:R:3 pbc="T T T"
O       12.04133261       4.63125266       3.09500967
C       11.13173074       3.59476048       6.57948567
C       11.11946503       3.77973488       5.18304213
C       12.17665873       4.15568508       7.28459644
C       12.09936195       4.47151389       4.46306201
C       10.02321725       2.91546361       7.18403967
C       13.22871031       4.87650489       6.56283265
C       13.28525264       4.92344478       5.16734993
H       10.23772759       3.49834298       4.65110578
H       12.21618081       4.17654188       8.30295252
H        9.68299746       2.11351925       6.54396511
H       10.10518181       2.50622484       8.18100611
H        9.18483730       3.57123768       7.14856843
H       13.97684432       5.34852988       7.06653077
H       14.08091113       5.49850312       4.77256310
H       12.85227874       5.03091464       2.69292107
O        5.20872204       2.91895388       3.26790817
C        7.96222189       5.31224011       3.89040292
C        7.26819683       4.32826954       3.16960881
C        7.71806554       5.68931062       5.20996469
C        6.13531433       3.76413022       3.84941655
C        9.13271278       6.03632430       3.22675078
C        6.67606473       5.13433446       5.84264630
C        5.90576351       4.16232801       5.24122718
H        7.52062603       4.12680751       2.17365460
H        8.37618150       6.36517400       5.64771434
H       10.07621047       6.04182879       3.74729987
H        9.23609925       5.73686377       2.15814562
H        8.86969031       7.10643268       3.20802324
H        6.53224310       5.31018763       6.91139617
H        5.05401858       3.68429233       5.65431078
H        5.77674480       2.43830396       2.73080069
O       15.60738235       2.39511960      11.44160045
C       15.37772673       2.24672599       7.78503652
C       15.91227227       2.53394440       9.03050396
C       14.13326960       1.51946550       7.74758216
C       15.16061409       2.19068103      10.19117388
C       16.02458400       2.58377783       6.37852776
C       13.45701584       1.10178732       8.88000168
C       13.95425535       1.47401295      10.12498872
H       16.89301119       3.00685791       9.08594374
H       13.68603606       1.30686974       6.80239056
H       15.18738728       2.87222536       5.75446844
H       16.68832916       3.43810255       6.47069528
H       16.59633598       1.73261428       6.10339330
H       12.46865452       0.66765798       8.94143703
H       13.46028337       1.29991294      11.06839884
H       16.24667372       3.13069475      11.50276935
O        3.72611844       2.96394836       9.95004005
C        3.93757134       1.53028845       6.56871780
C        3.44219379       2.19782220       7.68121822
C        5.20220246       0.99077594       6.59645576
C        4.23233743       2.31910350       8.82182474
C        3.05947253       1.46357061       5.26547411
C        6.04661899       1.03313303       7.76580340
C        5.52194845       1.75795655       8.88949195
H        2.44180489       2.70771393       7.58091235
H        5.60446880       0.43147424       5.75703473
H        2.30902436       0.67380325       5.41632423
H        2.56173957       2.39361270       5.08327967
H        3.66236074       1.19461190       4.39881321
H        6.95736895       0.43617018       7.87012606
H        6.15835415       1.83277709       9.77532285
H        4.35141411       2.98883219      10.68653577
O       10.99126945       8.80526921      11.09582965
C       14.48154221       9.39384182       9.89503106
C       13.13742885       9.66612794      10.25697850
C       14.92430243       8.12290943       9.62654545
C       12.27145088       8.60759211      10.57347657
C       15.58443315      10.45195535       9.81036659
C       14.10140190       7.08124219      10.07754215
C       12.80678596       7.33883590      10.48186731
H       12.94992009      10.72884957      10.58230361
H       15.90796587       7.92017981       9.26817608
H       16.56361150       9.98016389       9.68972143
H       15.31568256      11.17233792       9.00350458
H       15.55750637      10.92865830      10.78603175
H       14.28939944       5.99141967       9.94171012
H       12.12071173       6.53481435      10.64404752
H       10.72754171       9.74118647      10.92609325
O       15.75909424      13.50431697       1.81130154
C       15.33201548      16.20850655       4.26810263
C       15.06420733      15.36412264       3.17869175
C       16.21493366      15.89473959       5.24054422
C       15.90651500      14.24550469       2.91283432
C       14.46982060      17.45001923       4.42417714
C       17.08641204      14.76426615       5.01135474
C       16.88396909      13.92167061       3.88148244
H       14.33606804      15.66370688       2.41623386
H       16.24272318      16.43835836       6.21346882
H       14.55913096       0.56912821       3.79392520
H       13.41005501      17.16354842       4.35891759
H       14.70433687       0.13076182       5.46722864
H        0.23605355      14.59927429       5.60064991
H       17.55861317      13.13385010       3.73206913
H       14.85998186      13.50924590       1.52934645
O        1.88101768      10.20518909       1.70859684
C        5.00684066       9.86360473       3.71756503
C        4.00446414       9.60378276       2.72824104
C        4.83330700      10.86959210       4.70981267
C        2.83565442      10.37672527       2.77086703
C        6.33183764       9.12048684       3.77690704
C        3.65451896      11.58642160       4.66919961
C        2.63759703      11.37333419       3.73214334
H        4.15449138       8.84265358       1.95665284
H        5.62427149      11.06282920       5.43497263
H        6.23795311       8.26825911       4.51333417
H        6.51185613       8.74571354       2.73675714
H        7.12187235       9.75663352       4.15441220
H        3.56034679      12.36288382       5.40431747
H        1.77451329      11.94901864       3.96029401
H        1.56847298      11.10129479       1.39992077
O        1.91988490       5.14375226       9.09081568
C        2.24565165       8.50226110       7.78599104
C        1.78754003       7.46745766       8.60894457
C        3.22987024       8.40229476       6.74846152
C        2.39944198       6.20352481       8.42144892
C        1.40328738       9.76307910       7.76251875
C        3.87051977       7.09289435       6.69347694
C        3.38406210       6.02409918       7.41010809
H        0.93477665       7.42945202       9.39707519
H        3.54575784       9.31271481       6.24580092
H        0.46105540       9.42282338       8.28121784
H        1.88411977      10.50361400       8.35304043
H        1.15851917      10.08912585       6.76459632
H        4.76264396       6.91101555       6.14928408
H        3.91053559       5.07758247       7.31844725
H        2.66025975       4.48548239       9.10959145
O        0.30949776       4.05260637      11.31113479
C        0.41945290       5.38409350      14.74920084
C       17.60606243       5.08202490      13.49448576
C        1.76483085       4.99833464      15.04717999
C        0.73707746       4.43029514      12.54603480
C       17.31744252       6.22753849      15.73215369
C        2.59197631       4.36236748      14.12958161
C        2.05044169       4.07366053      12.86276354
H       16.57375924       5.34152868      13.23913020
H        2.10060965       5.13394534      16.09808086
H       16.71212965       6.89346580      15.22844944
H       16.65561428       5.46689548      16.26982688
H        0.29671003       6.80043291      16.37179464
H        3.59309098       4.17445992      14.49703959
H        2.70928112       3.54119934      12.17366324
H        0.90974160       4.30537586      10.64327724
O        6.81066537       1.04906747      13.39000573
C        3.65274465       0.55499747      15.17841810
C        4.63717280       1.05996686      14.31706194
C        4.08379419      17.40289202      16.22469878
C        5.95395176       0.55557574      14.31682895
C        2.10203544       0.80408560      15.00686838
C        5.46997462      17.12140380      16.44376354
C        6.39815223      17.49106466      15.40074971
H        4.38222296       1.84520520      13.63269388
H        3.37608414      16.94901812      16.88224791
H        1.80172412       1.60281694      15.70333671
H        1.77056081       1.08415649      14.01621579
H        1.46615133      17.63778883      15.21757800
H        5.76899996      16.61831549      17.31580539
H        7.38707932      17.07178666      15.33408550
H        7.71165694       1.01152675      13.70715536
O        2.01173145      12.16465094      11.64571277
C        2.03569831       9.85971700      14.49700859
C        1.98567557      10.99703303      13.77987980
C        1.97205519       8.61912711      13.76075064
C        1.95171141      10.99710235      12.38921155
C        2.17334673       9.91365731      16.02774169
C        1.85532558       8.54072787      12.33109259
C        1.80781269       9.79764318      11.71421229
H        2.08628446      11.93674633      14.31242334
H        1.89692588       7.77013492      14.40090166
H        1.50635397      10.73334279      16.41305742
H        2.05924709       9.02236179      16.63698395
H        3.21890258      10.10040787      16.25108509
H        1.61454496       7.55740738      11.88854480
H        1.72777327       9.84026551      10.68889575
H        1.66297299      12.91381930      12.01241696
O        9.33344914      13.96212606       9.80449061
C       11.35376596      15.37882763       7.16888631
C       10.72231613      14.46005185       7.94608437
C       10.97366434      16.72239535       7.15761900
C        9.80835685      14.85099960       8.94408326
C       12.41769847      14.97014509       6.18417653
C        9.93135588      17.09358062       8.06916100
C        9.39570963      16.22500723       9.02833345
H       11.14851384      13.49397518       8.07920177
H       11.32161954      17.52325538       6.50087672
H       13.35810107      15.46883250       6.30791067
H       12.79012829      13.94563831       6.23437601
H       12.07002287      15.16892500       5.17061548
H        9.66961289       0.39154909       7.92805241
H        8.64233009      16.62531221       9.65152544
H        8.68749813      14.42343387      10.35491092
O       10.18399056       8.97170196       0.15676250
C        7.24960878      11.00354885       0.95599656
C        8.58307457      10.47161425       1.03216514
C        6.30491224      10.44346477       0.10821854
C        8.90867076       9.44330254       0.15317248
C        6.91981291      12.30893505       1.67184655
C        6.63031236       9.40741271      16.93804897
C        7.97360125       8.89528837      16.98087805
H        9.30131301      10.91555116       1.64921698
H        5.33555921      10.91864534      17.63781062
H        6.88947777      12.16651510       2.79321559
H        7.70781682      13.12074235       1.55081877
H        5.99690390      12.67559180       1.31471099
H        5.81431277       9.12972423      16.28510920
H        8.25649734       8.18981888      16.23323414
H       10.40376552       8.36568184      17.16824702
O        9.08428841       1.78239105      14.27788935
C       11.45628990      17.04970965      12.97088607
C       10.29985100       0.09369579      13.05455648
C       12.45011752      17.18437828      13.95623112
C       10.14977872       0.99948560      14.16298641
C       11.67940250      16.08599412      11.80507833
C       12.30772867       0.33995245      15.06083836
C       11.18187850       1.12017417      15.10338144
H        9.47813985      17.63577798      12.37332022
H       13.32832391      16.49226397      13.94738887
H       12.44770185      15.36969184      12.14188670
H       10.79847879      15.49283189      11.65078593
H       12.03629914      16.62998828      10.87500485
H       13.12524082       0.42372846      15.77625242
H       11.06956791       1.75994698      15.96798280
H        9.00311435       2.40788067      15.03075736
O       17.13445442       9.89089095       2.81610448
C       17.71106327       7.02435388       5.03964933
C        0.29317703       8.10865733       4.15107782
C       16.45261417       6.92605527       5.70432061
C       16.99682494       9.01469041       3.81496875
C        0.90517222       5.84185096       5.20621377
C       15.47968946       7.92842900       5.48824469
C       15.73117549       8.88626096       4.54338406
H        1.25630922       8.11921238       3.57255058
H       16.13197380       6.14815415       6.41299237
H        0.71530264       5.22199796       4.33596506
H        1.90663973       6.12538148       5.18276796
H        0.64095834       5.21091986       5.99234266
H       14.51201935       7.99558677       6.00713916
H       14.88816459       9.51203868       4.22457563
H        0.28721107       9.94718399       2.46752278
O       11.74553774      11.01980247       1.94211438
C       12.98441931      10.75889196       5.40970673
C       12.86933541      11.21283966       4.06218184
C       12.25040537       9.67268241       5.91543225
C       11.94434538      10.58690315       3.23756444
C       13.98928504      11.35660457       6.40237885
C       11.26858862       9.04989715       5.11137219
C       11.16763960       9.47857149       3.75233385
H       13.57179557      11.96067342       3.79159475
H       12.24823804       9.37946023       6.92555917
H       14.83592283      11.61453526       5.76980215
H       13.73047499      12.29063417       6.92209278
H       14.38145139      10.65951359       7.12118087
H       10.79754134       8.19097358       5.39060208
H       10.48941114       8.95455866       3.09386397
H       11.26375914      10.50430311       1.28149984
O        9.04351979       3.75421016      16.21356113
C        5.69224238       3.99371859      17.68971534
C        6.79796693       3.47759350      17.08044829
C        5.66761326       5.33695131       0.39404084
C        7.99245048       4.24184420      16.88831634
C        4.42489196       3.22388632      17.61778401
C        6.86574249       6.10850460       0.27748167
C        7.98702689       5.50981977      17.45412828
H        6.72112693       2.52763430      16.54045589
H        4.76198995       5.86267379       0.71433153
H        4.69705597       2.20262494      17.31234808
H        3.89006036       3.26730914       0.85390747
H        3.93466525       3.62681899      16.81556284
H        6.86503698       7.05458442       0.64940774
H        8.88021728       6.05746620      17.34129798
H        9.61495936       4.47118574      15.97936346
O        6.00876519       0.24398844       2.05266669
C        2.56141537      16.77129580       2.29383764
C        3.67206147      17.59970680       1.96917851
C        2.80339098      15.51562279       2.85976280
C        4.94717573      17.24309469       2.39790139
C        1.21400532      17.32470171       1.94293649
C        4.10769598      15.20321924       3.35497729
C        5.14866874      16.11237986       3.14383615
H        3.58140162       0.76734580       1.33534497
H        1.99340864      14.79257937       3.02452362
H        0.40385427      16.78125542       2.44003796
H        1.20066495       0.71197830       1.93856070
H        1.26484970      16.91405599       0.92098427
H        4.33809622      14.30404892       3.90466445
H        6.13455015      15.82510592       3.44980589
H        6.76785539       0.17667582       2.66507196
O        9.55887434       7.12693139      13.08852698
C        6.01251987       8.28715385      12.78195161
C        7.43706975       8.09777330      12.48277981
C        5.39520810       7.41077852      13.75317634
C        8.19888725       7.18324109      13.20752308
C        5.17828742       9.18764071      11.87951320
C        6.15643536       6.44134372      14.39091538
C        7.51699257       6.34951453      14.12445185
H        7.90603428       8.66404757      11.77677605
H        4.38206415       7.49939137      14.04208230
H        4.63687940       8.61893248      11.17124171
H        4.38528817       9.65734115      12.39348423
H        5.85015628       9.92367028      11.44200630
H        5.66864833       5.72640237      14.97170901
H        8.13855000       5.55107783      14.47274911
H        9.74297491       7.59557982      12.27503978
O       15.11413300       8.52040193       0.67317129
C       14.88784263       8.80852697      14.74725011
C       14.80887236       8.21207629      16.05559551
C       15.41120840      10.11589753      14.58344362
C       15.28835669       9.02545911      17.10639218
C       14.39038287       8.02334224      13.61173613
C       15.88045634      10.83298676      15.64644832
C       15.91961743      10.27351726      16.94826795
H       14.49765018       7.21933940      16.19670748
H       15.46998895      10.54098204      13.62101451
H       13.59919924       7.50236250      14.08854112
H       14.03917178       8.58404235      12.69833879
H       15.21116393       7.34229858      13.26520374
H       16.26722458      11.80403818      15.45329460
H       16.30905482      10.70911350       0.18253209
H       15.86345675       8.78901104       1.20619167
O        9.92035084      11.34259143      10.00023686
C        6.73217979      10.56145426       8.45812214
C        7.73460818      11.19463179       9.25357084
C        7.09219909       9.61529113       7.46048287
C        9.07824052      10.88768483       9.09154765
C        5.15431134      10.80086652       8.66254116
C        8.48803295       9.38235992       7.22517322
C        9.42415532       9.89056655       8.12689561
H        7.35183012      11.85572239      10.00683203
H        6.27589262       9.07571815       7.14201583
H        4.63490225       9.98392931       9.22006712
H        5.20236298      11.56960407       9.39221080
H        4.57931774      11.18608653       7.85583860
H        8.80019545       8.66952458       6.54527554
H       10.47100267       9.53531204       8.08689016
H        9.96816813      12.30912694       9.96527465
O        0.45463682      12.60218400       1.48254663
C        1.11677096      14.12201732      15.84176806
C        0.43977720      13.43989930      16.90470063
C        2.51835207      14.03574722      15.84453238
C        1.09452137      13.04515838       0.36064048
C        0.40992935      14.68003311      14.63671539
C        3.18202007      13.68930287      16.94411415
C        2.54637533      13.15155320       0.35165244
H       17.08512747      13.46033314      16.89301414
H        2.99117179      14.57199575      14.97448640
H        0.43140632      13.96452998      13.79119812
H       17.10274954      15.01019470      14.89523373
H        1.10208031      15.48244736      14.27333463
H        4.27109828      13.78285003      17.02250069
H        3.09233022      12.84031545       1.22956869
H       17.28544770      13.02076144       1.67567204
O       16.43535126      15.33171639      12.26133990
C       16.66211416      13.69997222       8.94269446
C       16.87122447      13.99801345      10.31877405
C       15.60145142      14.35946648       8.30941160
C       16.13371947      14.97871442      11.03537869
C       17.53251699      12.63092198       8.22706631
C       14.79297153      15.26239258       9.04647326
C       15.08347054      15.66925747      10.39580211
H        0.03064617      13.56289688      10.81102116
H       15.43009073      14.15169928       7.27054233
H       17.16897829      12.22998618       7.23162861
H        0.78318848      13.11416683       8.11357486
H        0.15636662      11.82858232       8.94438404
H       14.04231141      15.88108124       8.56999983
H       14.35616037      16.32998094      10.84833855
H       16.10025151      16.20570530      12.54417170
O       13.29414148      12.95241618       0.40635956
C       12.09561856      12.30478939      14.66879932
C       12.13802276      12.25175597      16.04626608
C       13.14349579      12.97590744      13.98395401
C       13.10957640      12.98501296      16.77541560
C       11.24423050      11.41031102      13.86113907
C       14.12159752      13.70311850      14.68815956
C       14.07573572      13.70112048      16.06131441
H       11.37482607      11.71357334      16.60559311
H       13.16541686      12.88387968      12.93125526
H       10.59315918      10.95507071      14.58389135
H       10.69856879      11.92533461      13.06146010
H       11.85714405      10.56760796      13.48361344
H       14.98011449      14.11594149      14.14937958
H       14.87767762      14.11491820      16.62014341
H       12.77086815      12.37352552       0.96336052
O       10.47922716       7.10074104      15.64721924
C       12.76801952       4.33037315      15.01534415
C       12.00737818       5.50498449      14.74197515
C       12.93187610       3.80991617      16.24271029
C       11.36978043       6.09588002      15.82793354
C       13.46774565       3.57136643      13.85800095
C       12.30107285       4.40932938      17.32820095
C       11.53927855       5.56190327      17.11534789
H       11.84343336       5.83928280      13.76173136
H       13.53182013       2.94684814      16.43338194
H       14.32174170       4.21580958      13.82607549
H       13.64100983       2.56407471      14.13306285
H       12.99037950       3.63090415      12.86059903
H       12.42494158       3.99816453       0.59558307
H       10.93751899       5.95786418       0.18523855
H       10.24198536       7.25458963      14.71165635
O        5.31022390      15.88176938       9.25670610
C        1.91783861      16.89682870      10.25016049
C        3.34509007      16.70440425      10.31122738
C        1.15361553      16.45713982       9.15518492
C        4.04577072      16.12913450       9.24402770
C        1.26430042      17.64810249      11.31370706
C        1.91471046      16.03469021       8.05652134
C        3.32230435      15.73600295       8.07984467
H        3.88093205      17.03935733      11.14595922
H        0.05327419      16.69914051       9.11647925
H        1.45788408       0.99984709      11.21785271
H        0.18862300      17.41672058      11.31598401
H        1.63664020      17.16606965      12.30080966
H        1.42455850      15.75254253       7.17816846
H        3.73707873      15.24823681       7.18035639
H        5.53355870      15.17478268       8.65403312
O       12.05124967       1.66990397       2.71226781
C       10.71303220      16.64137789       0.78648520
C       11.56022118      17.37349190       1.58885044
C        9.49905138      17.24308104       0.29395171
C       11.15813281       0.97016809       1.91977066
C       10.80646321      15.12175561       0.52047962
C        9.09407359       0.75237171       0.72861054
C        9.94543380       1.52967791       1.49342507
H       12.45272428      16.95375739       1.98964915
H        8.82204836      16.75176763      17.30947557
H       11.69706838      14.90643344      17.66281938
H       10.80219661      14.49767158       1.34910131
H       10.12486137      14.84516260      17.50829273
H        8.17813510       1.18398228       0.35743975
H        9.60027877       2.51778818       1.80693381
H       11.71917831       2.55148345       2.97261500
O        6.15612821      13.74709306       7.42390968
C        8.85837478      14.12914915       4.87712902
C        7.91787144      13.54353861       5.67529096
C        8.89821495      15.56587127       4.74183255
C        7.02519323      14.31271182       6.47712177
C       10.00349367      13.29341020       4.17574511
C        7.99010074      16.35428097       5.41914181
C        7.06598988      15.73183169       6.32855620
H        7.74925942      12.45268667       5.69455084
H        9.68704233      16.04225587       4.08815189
H        9.45137814      12.62628536       3.55783880
H       10.64634416      13.82206313       3.43572404
H       10.64081769      12.60273461       4.84610064
H        7.89384872      17.42884677       5.33278120
H        6.42340038      16.35126679       7.03114021
H        6.54708730      13.02339090       7.85061485
O        6.96923721      15.01764987      10.97011545
C        7.24158393      13.52751410      14.39348809
C        7.50117619      14.29572113      13.22339427
C        6.01633928      12.88532718      14.52070371
C        6.63681837      14.32731069      12.15597332
C        8.24952713      13.45940357      15.54911575
C        5.13255546      12.91245566      13.41621481
C        5.39796877      13.73330132      12.25169262
H        8.31492398      15.02085431      13.14306744
H        5.87297765      12.31122907      15.42114588
H        8.76520453      12.48701226      15.63611945
H        8.95871544      14.26591977      15.54198939
H        7.69962462      13.70797224      16.41185482
H        4.29283992      12.18479034      13.42790612
H        4.71533121      13.77651058      11.42595459
H        6.21813292      15.22498621      10.38872946
O        5.73352564       3.21369267      11.82107670
C        8.98925765       4.53967062      10.79742795
C        8.01928584       3.73834223      11.48103184
C        8.57145822       5.66839158      10.10159998
C        6.64979159       4.01327768      11.27263352
C       10.41454465       4.16783472      11.03801917
C        7.19495470       5.87634953       9.82923490
C        6.24620967       5.01476631      10.45408253
H        8.36593127       2.89302399      12.00577196
H        9.38644545       6.31893637       9.75941393
H       10.70663227       4.45021772      12.09333282
H       10.64639092       3.14072550      10.97369446
H       11.14710377       4.64709952      10.37386482
H        6.90500575       6.77340534       9.35379763
H        5.18113383       5.03627966      10.39951473
H        6.23047734       2.57864780      12.27721143
O       14.61637695       6.12006514       1.83860192
C        0.47976553       5.11863141       1.77992858
C       17.02194504       5.93392203       1.66110021
C        0.43263740       3.74312365       2.17385252
C       15.79236135       5.38979892       2.02235299
C        1.84536176       5.73291802       1.55018892
C       16.85191178       3.25613925       2.52323762
C       15.66857868       4.06477232       2.43976568
H       17.10207856       6.88218661       1.20475517
H        1.28925431       3.09283124       2.41009524
H        2.00842287       6.76151828       1.91367012
H        2.61188237       5.18097032       2.09960110
H        2.04787446       5.76565562       0.51558374
H       16.71734788       2.21443009       2.90102930
H       14.72456742       3.67059130       2.85234346
H       14.57099470       6.84990253       1.24921587
O       15.89296080       0.17466908      13.31098962
C       15.90497697       0.62887374      16.97907775
C       15.74071720       0.06899554      15.71196547
C       16.29478546       1.99542417      16.98894818
C       16.15942231       0.71840019      14.52459515
C       15.40444248      17.60828780       0.55203281
C       16.73934466       2.63439146      15.84961273
C       16.65280672       2.00571632      14.57356084
H       15.17822664      16.85895156      15.60285997
H       16.26430204       2.48765153       0.18521170
H       15.85482369       0.28147486       1.57040686
H       14.33485962      17.59103216       0.70977643
H       15.68683042      16.56721517       0.57517994
H       17.12701731       3.60527592      15.99956110
H       16.83062196       2.52414557      13.66606206
H       15.92677945       0.96385365      12.71862667
