512
Lattice="17.7128441229 0.0 0.0 0.0 17.7128441229 0.0 0.0 0.0 17.7128441229" Properties=species:S:1:pos:R:3 pbc="T T T"
O       15.17778223       2.52211188       1.96519083
C       13.10512839       2.27661659       4.97260232
C       13.72296322       1.99747145       3.76879646
C       13.38917814       3.57798366       5.56300826
C       14.46774737       2.97147232       3.06605600
C       12.18253831       1.28366173       5.68042458
C       14.01928212       4.59247191       4.77394338
C       14.62635792       4.30166853       3.47758098
H       13.48303923       1.03282083       3.30192807
H       12.84400132       3.79797368       6.44343559
H       12.05519952       0.39275499       5.08479856
H       12.66868614       1.08273341       6.58271239
H       11.15357307       1.75187454       5.89971015
H       13.87862020       5.62584934       5.18073626
H       15.23414982       5.01113542       2.87182157
H       15.56686465       3.31791347       1.56333708
O        5.96498783       7.74312917       2.84960950
C        6.55218924       4.15972645       3.65105690
C        6.65385491       5.43213543       3.01732229
C        5.89222580       4.05584530       4.94615018
C        5.97043703       6.53512270       3.55904662
C        7.34169150       3.05102403       3.06674249
C        5.48163795       5.20324462       5.57342418
C        5.51845908       6.43196193       4.92564779
H        7.21078959       5.57490298       2.08312942
H        5.86871023       3.19784673       5.59811519
H        7.09438497       2.92451749       2.03469218
H        8.44294688       3.16997633       3.25380778
H        6.98535846       2.16084498       3.64376475
H        5.08622727       5.27721935       6.52233394
H        4.98091521       7.29756533       5.46544498
H        5.45115016       8.44939365       3.17555797
O       17.20019962       3.58919634      11.14299452
C       13.92629058       4.29136138       9.85410026
C       15.10515658       3.64921680      10.17860799
C       13.88798280       5.68655206       9.95357644
C       16.15765372       4.31917091      10.78308931
C       12.77137993       3.50731476       9.29185168
C       14.93444741       6.44647732      10.44169395
C       16.06302526       5.72288958      10.87555707
H       15.07004124       2.55537284      10.09038278
H       12.95373208       6.17596212       9.72101399
H       13.16108504       2.62065040       8.79688514
H       12.17445679       3.34012642      10.18032244
H       12.27111754       4.04157000       8.49691536
H       14.87670262       7.56252079      10.63183124
H       16.84807921       6.37356327      11.18485200
H        0.22345362       3.93196141      11.59995990
O        3.11050477       3.00555998       8.25205755
C        1.48892891       1.07722730       5.54802854
C        1.72221445       1.99692227       6.64697059
C        2.61438244       0.38340203       5.04810767
C        2.96916006       2.16160721       7.22982034
C        0.06396418       0.77659341       5.07312908
C        3.86143616       0.47176090       5.69490131
C        4.00066314       1.40817510       6.76008096
H        0.97974107       2.63313654       7.07483412
H        2.45183296      17.36873867       4.25668131
H       16.97470734       1.41786360       5.49031179
H        0.07247734       0.80474270       3.99719707
H       17.51768822      17.43615154       5.22070988
H        4.72122975      17.53729810       5.36206462
H        4.97174024       1.51374970       7.09457875
H        3.99746361       2.79832107       8.52165991
O       11.22140468       9.06713530      11.08904387
C       13.44685563      11.88654184      10.66376200
C       12.27581533      11.11396562      10.67455091
C       14.65614550      11.32623631      11.28771636
C       12.28107929       9.84411194      11.27019510
C       13.49904106      13.15637867       9.85755440
C       14.57034873      10.04774871      11.90728196
C       13.38451106       9.34231978      11.96040490
H       11.37018662      11.35152839      10.18800077
H       15.61725506      11.90779808      11.29647879
H       13.85459487      12.99612530       8.82959902
H       12.50665969      13.46579945       9.76082223
H       13.96463531      13.95775664      10.42226802
H       15.43884842       9.60342077      12.38146188
H       13.44316248       8.31791929      12.46297118
H       10.45727332       9.46118275      10.68081356
O       14.66646078      11.88210475       2.96455670
C       15.96290961      15.38341822       2.93761959
C       15.12220391      14.29366668       2.73416041
C       17.28956526      15.17450669       3.24398356
C       15.53113271      12.99558968       2.96748834
C       15.56871343      16.84191199       2.81570555
C        0.07218057      13.83005908       3.23855643
C       16.88705860      12.73745959       3.23306553
H       14.10680966      14.49706497       2.42470264
H        0.22363709      15.95855523       3.29086650
H       16.38103738      17.45941247       2.34891138
H       14.62332620      16.89420420       2.27294483
H       15.34268071      17.22118718       3.78111204
H        1.13037126      13.52532153       3.29190370
H       17.33303387      11.69582674       3.17393106
H       13.79266986      12.09950853       2.64266040
O        4.03731069      10.22707400       1.94927792
C        4.58273894      10.87462361       5.51557878
C        4.81445477      10.55154898       4.15800592
C        3.31132844      11.25395791       5.87035333
C        3.80940779      10.54528770       3.24277694
C        5.76264209      10.86892750       6.48613058
C        2.27045642      11.22004516       4.97995474
C        2.42139560      10.79447575       3.63867084
H        5.87128026      10.31662940       3.86072255
H        3.21347943      11.57471197       6.85611404
H        5.64485477      11.50566462       7.33372382
H        5.67543418       9.85142559       6.86002851
H        6.64370129      11.05798706       5.87876741
H        1.30471676      11.40117999       5.43727356
H        1.60001347      10.73170912       2.88091433
H        3.41431405      10.15529490       1.24278575
O        2.23288768       5.42943733      10.09136637
C        1.22710216       8.89878779       9.42278124
C        1.39856727       7.69530813      10.10531313
C        1.66423114       9.02429981       8.08886602
C        2.08890543       6.63596301       9.39796234
C        0.56167746      10.03502071      10.09639199
C        2.31684038       7.97022061       7.40497366
C        2.55992427       6.71778007       8.08046919
H        1.02044735       7.56203301      11.10514069
H        1.37099650       9.95261237       7.63748498
H        1.10674780      10.89541552       9.76196916
H       17.23056066      10.21129886      10.04796309
H        0.80246158       9.97996858      11.17595098
H        2.62011127       8.09378400       6.36117286
H        2.94102430       5.80354638       7.53364574
H        2.38896963       4.70432041       9.48909470
O        1.24353672       5.17735587      12.48362782
C        3.40796741       7.67515452      14.15120525
C        2.75347453       6.90306323      13.12862953
C        3.22743899       7.34650385      15.48680987
C        1.85540985       5.88356604      13.47520077
C        4.38638888       8.78069396      13.82713533
C        2.31886238       6.29289416      15.83460073
C        1.64868319       5.53474327      14.81280279
H        2.90851491       7.19078371      12.06250424
H        3.74944580       7.85997031      16.28338274
H        5.39095588       8.45660398      13.61002667
H        4.09477114       9.09331497      12.80089580
H        4.23492957       9.54107712      14.56781969
H        2.11711018       5.94623507      16.86004919
H        1.02394189       4.66312604      15.08728308
H        1.60787610       5.60148911      11.69858371
O        5.98691238       1.24465941      12.36429202
C        3.17493330      17.68272322      14.26881648
C        3.93214392       0.71022368      13.30413887
C        3.80723252      16.73036662      15.02309365
C        5.30133296       0.54017858      13.24723947
C        1.66675372       0.14446158      14.54283942
C        5.22193515      16.47694385      14.96632070
C        5.96421164      17.29671104      14.08309990
H        3.59100528       1.31121598      12.55631952
H        3.21758223      16.10979035      15.62259167
H        1.11598491      16.89505314      14.51437205
H        1.47863848       0.54468871      15.52337666
H        1.24148648       0.81677396      13.82499867
H        5.61557515      15.58227425      15.44782317
H        7.04501547      17.01225421      13.87700103
H        6.91554775       1.21451459      12.59215847
O       16.09292094      14.27644288      12.99662574
C        0.73520810      11.73713275      13.82355661
C       17.23530503      12.38654511      13.64094005
C        1.96251114      12.41355894      13.52143727
C       17.28297338      13.71716014      13.18840906
C        0.66437335      10.26928154      14.26295419
C        2.00490082      13.71744174      13.05386836
C        0.78729059      14.38719439      12.86399986
H       16.22920152      11.84536342      13.79979017
H        2.88622416      11.94189348      13.73550531
H       17.46451745       9.97249497      14.74129271
H        0.74233291       9.46964556      13.47799755
H        1.42552743      10.13926256      14.99904333
H        2.98672559      14.19828261      12.79885691
H        0.93506986      15.44482556      12.59738347
H       16.15133287      15.03516047      12.38115358
O        9.15645348      12.70418525       9.39535456
C       11.76461791      13.30317431       6.79239058
C       10.77113999      12.64664556       7.59897104
C       12.19091418      14.63359712       7.17520826
C       10.08779154      13.31169458       8.62393674
C       12.44496637      12.64279150       5.65059393
C       11.53798981      15.30500240       8.19955252
C       10.50460060      14.67720926       8.84670136
H       10.68350167      11.58883021       7.37125776
H       12.90174403      15.17800241       6.66005371
H       13.42914509      13.05466203       5.67563288
H       12.47358508      11.61523241       5.79144305
H       11.96776030      12.93175544       4.67928509
H       11.77952150      16.29935885       8.47718346
H        9.96829491      15.21128479       9.71965354
H        8.86991573      13.32843257      10.09496271
O        9.16769249      10.05813967       0.62930022
C        8.68131873      13.23848112      16.65255327
C        9.28858901      12.08215555      17.03823345
C        7.56835969      13.73386303      17.36871015
C        8.73156774      11.34945585       0.40166074
C        9.13885383      13.96743821      15.44056968
C        6.93827265      13.00916130       0.64617162
C        7.55828360      11.82642566       1.07787945
H       10.13274599      11.75081404      16.43984798
H        7.06954622      14.70529351      17.09572270
H       10.05855443      14.40241650      15.71090639
H        9.33773402      13.26491225      14.61325100
H        8.42466864      14.74821773      15.07334744
H        6.09535634      13.40767325       1.20591136
H        7.25770934      11.23308219       1.91463252
H        9.62586204       9.77979372      17.53521360
O        8.61316698       1.13460981      13.97761863
C       11.30466098      16.71432198      12.82051736
C       10.00963194      17.11617847      13.12638976
C       12.37704738      17.61476903      12.81577174
C        9.78398374       0.74098208      13.51374725
C       11.56072036      15.25303058      12.63467486
C       12.20015687       1.26058368      13.15865312
C       10.86303705       1.65679676      13.54949985
H        9.20668197      16.42463526      13.39761404
H       13.38402641      17.28036719      12.64639895
H       10.67841979      14.75216792      12.23684824
H       12.32873159      15.06088005      11.85680167
H       11.91181188      14.74331743      13.59062244
H       13.03707036       1.95784129      13.19443975
H       10.75955184       2.69773399      13.88077045
H        8.73069334       1.94913773      14.55849194
O       15.84299499       9.54617317       3.77738197
C       16.92459308       7.07503701       6.38296753
C       16.74707301       7.70356959       5.12386814
C       16.39692203       7.69052807       7.53752937
C       15.95994513       8.86904338       4.97270321
C       17.59646955       5.74289664       6.41036829
C       15.68682527       8.92122340       7.43263578
C       15.55238110       9.56406039       6.16532060
H       17.16114880       7.24347175       4.22183374
H       16.54381908       7.11100557       8.46428938
H        0.93938367       5.85320936       6.03803230
H       17.68076678       5.33915871       7.36817301
H       17.15249032       5.03642023       5.70222047
H       15.22951089       9.44464888       8.25887012
H       15.06740976      10.50423294       6.08348032
H       15.31803823      10.31830559       3.71973642
O       10.47470085      10.16123539       2.95011072
C       11.14105849       8.91465221       6.31285565
C       11.33752318       9.49073331       5.04521573
C        9.87403174       8.31412995       6.57715806
C       10.36675346       9.42285757       4.07240555
C       12.13811123       9.08554003       7.43021190
C        8.91541041       8.06083407       5.52472091
C        9.18126902       8.64690697       4.30386997
H       12.25272745       9.93638502       4.78179516
H        9.60620423       7.96669094       7.55743758
H       12.77104781       9.83839671       7.05140945
H       11.65707925       9.34471084       8.35922831
H       12.86940039       8.22751880       7.56272790
H        8.06506358       7.38873020       5.67876525
H        8.40145554       8.39654248       3.57785690
H        9.91385709       9.87498827       2.22180761
O        8.84136777       3.21766911      15.53806892
C        5.23387367       3.60192738      16.32873110
C        6.43711707       3.09459829      15.91329352
C        5.29623812       4.93772524      16.77445569
C        7.67304823       3.81878867      15.95956082
C        4.05329576       2.76440313      16.30090884
C        6.48740964       5.72075680      16.76327943
C        7.70149593       5.14083909      16.34537185
H        6.34564802       2.09159934      15.58059961
H        4.40380608       5.33502217      17.13192146
H        3.29645621       3.32013723      16.85139761
H        3.45075419       2.70346968      15.37224862
H        4.05395836       1.75367766      16.79941504
H        6.34023202       6.81745971      17.11300217
H        8.57873802       5.87625826      16.38178736
H        9.61510344       3.56955135      15.91244619
O        6.47813898      16.70183630       3.18054907
C        3.22230610      16.51038086       1.62352704
C        4.44085290      16.97872719       2.03004409
C        2.87831357      15.22263700       1.95974815
C        5.30619324      16.19911046       2.77659554
C        2.21999451      17.36175757       0.85938649
C        3.76799112      14.37914681       2.70129475
C        4.95708952      14.90914960       3.18489624
H        4.69575307       0.29257376       1.76551717
H        1.84211835      14.98001533       1.69671365
H        2.83190708       0.06415657       0.11399019
H        1.50109609      16.85103822       0.26249409
H        1.61871029       0.44228346       1.43907839
H        3.48174381      13.36960397       2.94057433
H        5.54433093      14.11544402       3.65197101
H        7.15893933      16.07005238       3.39657392
O       10.18094007       8.19556797      13.57311377
C        8.08218653       5.32712961      12.73120480
C        8.52173963       6.55969930      13.28365795
C        9.00240145       4.37282991      12.29351276
C        9.85646224       6.91843364      13.15444300
C        6.54867525       4.96672745      12.76005875
C       10.40274317       4.70553567      12.25983173
C       10.83618876       5.95369294      12.75385346
H        7.76513629       7.28071338      13.70415182
H        8.60290427       3.45908159      11.87688139
H        6.27100215       5.75849524      13.37878986
H        6.23150691       5.09313627      11.79460263
H        6.31433116       3.99315200      13.12906341
H       11.05233117       3.96906596      11.82262739
H       11.87101999       6.17555859      12.69231706
H       10.72390560       8.64748261      12.92261557
O       17.18085943       9.26245146       1.37910358
C       15.95098863       7.46775246      16.17729377
C       16.77277618       8.32836362      16.92554106
C       14.77353536       6.87483264      16.68486046
C       16.41862491       8.54257866       0.55342171
C       16.19564313       7.19626329      14.68632925
C       14.38806349       7.14659991       0.28926329
C       15.24788847       7.94139894       1.10969600
H       17.58065510       8.77203885      16.44813419
H       14.22589461       6.22115220      16.09582746
H       16.14210202       6.08230329      14.64173272
H       15.39721510       7.61680153      14.13240729
H       17.16290854       7.49020143      14.31192763
H       13.69807899       6.46324002       0.72578841
H       14.97538919       8.21025701       2.10570644
H       16.77220183       9.48048502       2.21390682
O        8.99896585      10.18659995       9.44735428
C        5.40743359      10.03107207      10.22197467
C        6.73576184      10.45415826      10.02087635
C        5.23340299       8.59528828      10.26820288
C        7.77093887       9.60380691       9.69475086
C        4.29175326      11.08525694      10.45729404
C        6.33168055       7.71637850       9.92843615
C        7.56255587       8.26911169       9.57094102
H        6.80888559      11.49873079      10.01573837
H        4.23772302       8.20776247      10.28839061
H        3.71277661      11.15403872       9.55808501
H        3.54685803      10.83231470      11.23347331
H        4.54363886      12.11287560      10.73807603
H        6.12571772       6.69959940       9.82786419
H        8.37781698       7.61305419       9.31871384
H        8.94636848      11.11117766       9.26246564
O        1.86841641      10.17735692       0.32549449
C        0.56518642      13.42408204      16.90789901
C        0.66077108      12.15358726      17.54307938
C        1.73335737      14.09180427      16.43969060
C        1.87250962      11.48963892      17.66830277
C       16.94682062      14.21272249      16.77878319
C        2.96080974      13.48566986      16.66735736
C        3.01080695      12.18359162      17.24408176
H       17.51117468      11.58332466       0.21704008
H        1.59434870      15.00527999      15.95393970
H       16.98899928      14.99248187      16.05587786
H       16.05645361      13.64161933      16.61604425
H       16.88297080      14.74399383       0.00626826
H        3.75644693      14.07380926      16.39204008
H        3.98936220      11.80068134      17.27832520
H        1.05811175       9.77257095       0.56514737
O       16.29101618      16.53778807      11.25302044
C       16.56834914      14.47677445       8.17666679
C       16.48512973      14.84828331       9.53909523
C       16.16251101      15.47433845       7.16071962
C       16.12450922      16.11684999       9.94163583
C       16.92806891      13.10432190       7.86266907
C       15.83255588      16.76715774       7.64542694
C       15.86581432      17.16202727       9.05186156
H       16.72063508      14.16947794      10.27924804
H       15.91907234      15.26223113       6.15667479
H       17.49774758      13.18198988       6.89610844
H       17.52023287      12.60841088       8.62444137
H       15.99269267      12.60237556       7.56972744
H       15.54256082      17.57893981       6.94192528
H       15.60489166       0.43653246       9.33175794
H       16.19689908      17.47311489      11.44961451
O       12.11082077      12.41057205       2.11342740
C       13.14918767      11.52523420      16.29394904
C       12.59492245      11.35548971      17.68696305
C       13.45803899      12.82469556      15.80837566
C       12.41926971      12.49780088       0.74499762
C       13.40131601      10.34017975      15.37048270
C       13.19382589      13.90090103      16.62772262
C       12.67249078      13.76432123       0.18835729
H       12.19469207      10.47062527       0.42929712
H       13.76980314      12.99096439      14.78192464
H       14.50784650      10.30116567      15.14606804
H       13.11483787       9.34033943      15.74464431
H       12.98898965      10.48457728      14.38747880
H       13.37298257      14.88074398      16.27026701
H       12.54476903      14.62076078       0.77369580
H       11.50228020      11.74688583       2.37760924
O       10.26437417       7.90232453      16.32576185
C       11.73571975       4.55717581      17.25896809
C       11.38625955       5.66358551      16.45392330
C       11.34527737       4.50966893       0.90675076
C       10.69301313       6.78894079      17.04616170
C       12.38268818       3.34467586      16.57284140
C       10.46873822       5.49740117       1.38721667
C       10.23840546       6.72036635       0.67626481
H       11.73162026       5.73126153      15.41776171
H       11.64048542       3.55205016       1.33817957
H       11.80459861       3.03628341      15.71569058
H       13.42995998       3.65394928      16.35380293
H       12.46376609       2.48583248      17.31063317
H       10.12108999       5.47746602       2.42269601
H        9.71400377       7.62501073       1.02734477
H       10.41178225       7.90548646      15.45454315
O        6.24014613      15.50576099       9.39733572
C        2.86619327      16.95241111       9.72666450
C        4.23240908      16.74824475       9.98308487
C        2.12871766      16.02957197       8.92881365
C        4.91707584      15.74873421       9.25513609
C        2.08765318       0.34877765      10.37237613
C        2.88225519      15.10839824       8.17267947
C        4.20010115      14.95879954       8.37037657
H        4.73584998      17.34416089      10.69042574
H        1.03434772      16.15875675       8.81285097
H        1.59969240       0.19301531      11.31079895
H        2.86274114       1.13738214      10.55934446
H        1.33238150       0.88129065       9.77785462
H        2.37057283      14.56948041       7.50167060
H        4.68625643      14.30580416       7.67790942
H        6.56298223      15.12153323       8.59371520
O       11.63546297      16.74347592      16.13340147
C        8.59381258       0.14790156       0.37153411
C        9.41257592      17.34485105      17.01130622
C        9.24499532       0.77298495       1.44383808
C       10.85530767      17.37565342      17.05268459
C        7.08205499       0.19104171       0.25676022
C       10.61329123       0.80361780       1.46609199
C       11.43516796       0.28698755       0.49018298
H        8.97893556      17.01642813      16.12189071
H        8.77992668       1.08751531       2.33710677
H        6.70507369       0.78133843      17.11457395
H        6.69844180      16.90309212       0.07630554
H        6.55784132       0.65579282       1.10031626
H       11.11911898       1.16906595       2.41443087
H       12.53501737       0.26752288       0.56667272
H       11.21959827      16.81565796      15.22523391
O        7.26712592      14.12292321       7.26566185
C        9.11233848      15.07772913       4.15744597
C        8.48294209      14.23611398       5.06258862
C        9.51896182      16.34894904       4.55890283
C        8.08826651      14.74676137       6.30843830
C        9.42748926      14.58506111       2.77759183
C        9.25237300      16.82359936       5.90733849
C        8.57011895      15.97841902       6.78797443
H        8.16768266      13.30788086       4.63414609
H       10.07066057      16.93496998       3.84863350
H        9.90640394      15.41374984       2.15793811
H       10.11713969      13.79149045       2.89097019
H        8.47786422      14.30708424       2.29596547
H        9.63121885       0.03182897       6.30012350
H        8.25906774      16.36737176       7.83169929
H        7.17422549      13.18080233       7.32892355
O        7.69419027      14.32696481      11.27006453
C        7.29970481      11.43628560      13.47550195
C        7.80562679      12.26225269      12.49058117
C        6.17420364      11.83202012      14.25017470
C        7.20474786      13.55647915      12.30270827
C        7.96865661      10.10969093      13.65373648
C        5.53926161      13.05629480      13.95341383
C        6.04723404      13.89868258      12.96572152
H        8.74984127      11.97674799      11.91835262
H        5.83409453      11.13586549      14.98462695
H        8.66874862      10.23120544      14.44587877
H        7.14401236       9.50386954      13.98561502
H        8.41399960       9.79234667      12.71755682
H        4.75097024      13.30627617      14.53766178
H        5.54663331      14.78658092      12.73435400
H        7.26526950      15.12050019      10.93949378
O        5.33202971       2.79734012       9.83244802
C        8.98289764       2.02116843       9.18463705
C        7.64776363       1.88923027       9.55268204
C        9.34398921       3.17638570       8.47986608
C        6.64645882       2.85074064       9.32842054
C        9.90060796       0.84300673       9.43826885
C        8.37227414       4.21422217       8.36339716
C        6.98254599       4.07130154       8.78764213
H        7.32359875       1.03808084      10.04385782
H       10.28995369       3.36880217       8.05306596
H        9.46986377      17.68871361       9.21676688
H       10.70716848       0.91582799       8.71879967
H       10.45766666       1.05512295      10.34787058
H        8.61424089       5.20871791       7.94688618
H        6.26914699       4.88118401       8.64201897
H        5.29926674       2.11647886      10.52323137
O       16.93066682       4.72394459       0.59570053
C        1.85626569       5.78379437       2.84652749
C        0.72112075       5.92579745       1.96938811
C        2.52661655       4.54355377       3.11587064
C        0.26953471       4.74110355       1.34269474
C        2.36942634       6.98298191       3.59697423
C        2.10385185       3.43727006       2.31968997
C        0.95806715       3.53304195       1.53550059
H        0.26055471       6.88832210       1.89103067
H        3.39139651       4.35599865       3.73623779
H        3.20297808       7.52652952       3.15101467
H        1.65387621       7.75639883       3.69053076
H        2.72039804       6.73432905       4.58932330
H        2.67563520       2.49492990       2.37980132
H        0.61091091       2.68564681       0.93789007
H       16.66314061       5.57217144       0.16660262
O       15.95581518       1.54623339      12.12631467
C       15.80701529       0.82730868      15.68489142
C       15.96087386       0.64756674      14.35175362
C       15.79118954       2.09394160      16.20367630
C       15.86881799       1.74687625      13.48758184
C       15.65296033      17.35591626      16.66305291
C       15.66025500       3.17534873      15.39989029
C       15.80465829       3.07383963      14.00397619
H       16.01522766      17.43294881      13.96563214
H       15.78669687       2.26868059      17.24972890
H       14.98170245      17.58618370      17.49398578
H       15.08452910      16.58738980      16.13757171
H       16.51908251      17.17572147      17.13798816
H       15.42350937       4.14468756      15.80436950
H       15.88861990       3.93505048      13.34809246
H       16.33092413       2.36930253      11.86167142
