512
Lattice="17.7128441229 0.0 0.0 0.0 17.7128441229 0.0 0.0 0.0 17.7128441229" Properties=species:S:1:pos:R:3 pbc="T T T"
O       12.82365284       2.95557314       3.05143863
C       10.68985469       2.94901532       6.03959540
C       11.20169878       2.64528306       4.76295248
C       11.36914393       3.89814757       6.83567385
C       12.30897188       3.26272239       4.24865232
C        9.34335735       2.42821735       6.50037181
C       12.60218937       4.46609837       6.41297394
C       13.08488411       4.08154581       5.17532286
H       10.70717847       1.97773135       4.09780712
H       11.18382927       4.24196413       7.90491996
H        9.30810293       1.98130284       7.50537449
H        8.69056131       3.29643148       6.54482969
H        8.99581356       1.72655205       5.78754648
H       13.13574267       5.06267529       7.12515704
H       14.08170582       4.38537137       4.83137748
H       13.48311915       3.52975388       2.77451998
O        5.27769318       2.69780413       2.79455283
C        8.12022235       4.89928087       3.43130130
C        7.33364013       3.78934657       3.04429248
C        7.48391913       5.77148427       4.36856839
C        6.02702587       3.69307830       3.39440137
C        9.55978043       4.97576931       3.07780711
C        6.15606010       5.57445447       4.81647427
C        5.43998770       4.49166850       4.34499746
H        7.80849743       3.21554738       2.30776418
H        8.16790118       6.49564615       4.82534853
H        9.96882071       4.84554559       4.08913745
H        9.94362218       4.22221412       2.40835224
H        9.67506433       5.93904647       2.61892072
H        5.74042985       6.26145574       5.63081060
H        4.40795805       4.30263216       4.69345395
H        5.78129753       1.99996055       2.35483969
O       15.34690852       4.83089441      11.56129484
C       15.57348422       2.84184985       8.36563619
C       15.98617540       3.66488317       9.43917391
C       14.32489552       2.25830943       8.42157767
C       15.07394484       3.95784452      10.52705051
C       16.45791035       2.57345319       7.20700889
C       13.50121093       2.42681223       9.53642282
C       13.85105713       3.37534792      10.46514252
H       16.93688649       4.11224734       9.39702479
H       13.98516821       1.52647614       7.73582837
H       16.17217508       3.21394671       6.33111393
H       17.41851210       2.78589373       7.54574139
H       16.37133631       1.52255544       6.98468680
H       12.44158798       2.09592633       9.50743891
H       13.12686802       3.60805010      11.18615577
H       16.25762450       5.12952157      11.56419308
O        3.85640682       2.84368108       9.39819027
C        3.58096285       1.22830713       6.08534900
C        3.24125319       1.82967137       7.34386868
C        4.88073329       1.05240040       5.71912708
C        4.22024991       2.25455701       8.20454676
C        2.51119975       0.82808297       5.10726183
C        5.86695967       1.44180675       6.61315508
C        5.53807231       2.06420455       7.81498113
H        2.23049834       1.96252848       7.67461689
H        5.07010281       0.74342388       4.71150744
H        2.91186830       1.21699637       4.16659634
H        2.38031582      17.44195179       5.13359407
H        1.49272181       1.16974101       5.47246408
H        6.92432067       1.43284005       6.32384065
H        6.30145449       2.54897143       8.38865430
H        4.65900347       2.96380247       9.87104796
O       10.51673410       9.74456936      10.51448556
C       13.29775915      11.94667231      11.58280284
C       12.07486718      11.47380363      11.15650881
C       14.42779758      11.05960884      11.66358048
C       11.80256911      10.13261561      10.89479493
C       13.45871661      13.45442496      11.89967109
C       14.19362932       9.65759577      11.48716728
C       12.91010463       9.26199982      11.07230142
H       11.28110817      12.14416450      11.09540466
H       15.43787366      11.33425716      11.91289951
H       14.01888455      13.95701942      11.04810679
H       12.50859701      13.98716101      12.08102521
H       13.95615690      13.55051208      12.84908983
H       14.99455384       8.95264729      11.66078353
H       12.66810853       8.21202882      11.02321680
H        9.99539695      10.55497111      10.24419287
O       15.89836953      12.84741941       3.27801792
C       15.47884626      16.38867679       4.41518175
C       15.16031252      15.16115520       3.85789142
C       16.63459901      16.54759134       5.13681472
C       16.10442937      14.05048251       3.94397927
C       14.55313661      17.58319257       4.23172071
C       17.54636184      15.51673905       5.24781742
C       17.31830408      14.24181240       4.67943493
H       14.24765901      14.87581040       3.36961193
H       16.86933685      17.40982352       5.65594120
H       14.85310637       0.37109132       3.32121832
H       13.49787964      17.43597117       4.19706473
H       14.64088395       0.59872955       5.06775702
H        0.78664093      15.69910883       5.79005362
H        0.15113930      13.36213693       4.84286637
H       14.98868319      12.56665873       3.03322849
O        2.07325850      10.10617503       2.91039206
C        5.67401995      10.02915207       3.65798830
C        4.43783507       9.66122594       3.06904110
C        5.74549942      11.05543015       4.64667035
C        3.27632447      10.45105697       3.41215144
C        6.92765302       9.16833440       3.38044720
C        4.63003927      11.78997953       5.02068905
C        3.39133257      11.47435833       4.45270631
H        4.28508411       8.82239044       2.35908557
H        6.65010707      11.20258517       5.17820723
H        6.97321032       9.01520171       2.27793594
H        7.87769922       9.67640458       3.65176597
H        6.67875753       8.24245588       3.86037493
H        4.75204654      12.67316670       5.62620290
H        2.52091982      12.05368822       4.63841175
H        1.63688278      10.82141733       2.40949560
O        1.94782486       5.01456125       9.20732612
C        1.95376207       8.12924720       7.22023326
C        1.76734334       7.24903363       8.26873145
C        2.43014712       7.65335666       6.00373202
C        2.11536716       5.87714139       8.15244258
C        1.51859553       9.52413518       7.25943651
C        2.68819736       6.27874930       5.79790130
C        2.66023413       5.43958266       6.94330758
H        1.37483890       7.56936223       9.12541994
H        2.55436764       8.32449772       5.12015007
H        1.90507517      10.09953761       6.44362732
H        0.40529542       9.61030837       7.24748419
H        1.78847202       9.96850400       8.16219549
H        2.95001233       6.04767766       4.89176737
H        2.90000963       4.33324702       6.79084837
H        2.54267956       4.25159190       9.19046650
O        0.40978849       5.23911446      11.34357938
C        0.98855674       4.73744318      14.99336347
C        0.28266505       4.89022373      13.76079646
C        2.41645739       4.55524267      14.91761020
C        1.02939159       4.81573596      12.51484333
C        0.24663537       4.96743981      16.28595058
C        3.11349093       4.46050492      13.63764399
C        2.38031907       4.69449912      12.45107593
H       16.96698779       5.03786608      13.80104245
H        3.01542095       4.68587357      15.79941613
H        0.79578553       4.36985417      17.02035831
H        0.40396111       6.04468875      16.60896615
H       16.92549161       4.70644294      16.40988856
H        4.18958001       4.13412648      13.56258172
H        2.85173967       4.73449659      11.45758504
H        0.98176869       5.20121922      10.58428334
O        6.79232410       1.15700431      12.72027346
C        4.01223425      17.10907318      14.31637820
C        4.72673115       0.21882890      13.42817409
C        4.77616443      16.19549712      15.13725443
C        6.10651681       0.27361715      13.51419233
C        2.54193406      17.13227646      14.51460926
C        6.17638418      16.24827493      15.17991723
C        6.79392355      17.09604941      14.29849884
H        4.08486729       0.97031888      12.93731603
H        4.21242724      15.59632887      15.92994547
H        2.33823650      17.48017700      15.54448044
H        1.98469819       0.16867231      13.85881678
H        2.12900567      16.16654151      14.22947026
H        6.82135492      15.73903516      15.86855247
H        7.78722150      17.17984629      14.30650815
H        7.73075879       1.17867765      12.95866577
O       17.58861185      11.91628526      13.62686108
C        1.98761119       8.92465590      14.62817704
C        1.15069387      10.11023914      14.62135491
C        2.02052289       8.28641830      13.33076042
C        0.60455856      10.75266351      13.46985364
C        2.66259100       8.30197982      15.85910446
C        1.36958537       8.85228027      12.19372567
C        0.82367746      10.11229406      12.26981969
H        1.01481585      10.70357328      15.48722297
H        2.70894189       7.48489419      13.10439198
H        3.58613213       7.79060702      15.54083558
H        2.89333156       9.03147195      16.64800182
H        2.00599282       7.53324208      16.20526901
H        1.45481990       8.30315283      11.22342054
H        0.41095536      10.62136100      11.31353962
H       17.55196752      12.07574233      14.51366312
O        9.20100375      14.40326165       9.89990109
C       11.60409652      14.80589489       7.07571001
C       10.82349307      14.26060749       8.07267450
C       11.75792106      16.24677348       6.99402843
C       10.00391211      14.98005215       8.93398360
C       12.28948245      13.98005614       6.03610650
C       10.83742187      16.99749460       7.79270405
C        9.86626515      16.42115975       8.70193209
H       10.61632849      13.19961045       8.12082373
H       12.26475347      16.81485806       6.26392832
H       11.66396379      13.97544475       5.20289745
H       13.25555175      14.39834979       5.76256461
H       12.39605100      12.97665859       6.44753830
H       10.75558183       0.34225364       7.76738260
H        9.25155612      17.04299446       9.38996464
H        8.72724555      15.01145743      10.45542616
O       10.36357510       9.53801626      17.58525847
C        6.96507914      10.86942662       0.31951379
C        8.40040737      10.79875931       0.33092792
C        6.18461106       9.85577181      17.42269164
C        9.03170781       9.61273811      17.54978155
C        6.19321875      12.00737972       0.91493861
C        6.90873735       8.70296326      16.89540332
C        8.29631009       8.60364147      16.96257723
H        9.02287462      11.66007035       0.59590726
H        5.10566458       9.85790873      17.20249275
H        5.31109911      11.52362575       1.28251018
H        6.76643474      12.27860386       1.79240497
H        5.95078458      12.78929374       0.25904857
H        6.27842698       7.92339109      16.44725645
H        8.75623715       7.73985267      16.55094434
H       10.68204737       9.07261922      16.79114154
O        9.34988364       1.46790540      13.38155250
C       12.16292001      17.22731118      12.18707491
C       10.94936277       0.23077262      12.12076260
C       12.72802908      16.84874937      13.39263954
C       10.40911498       0.66415245      13.30243849
C       12.83371793      16.68490326      10.97087011
C       12.08042432      17.15653996      14.55153071
C       10.93064884       0.21049848      14.53347280
H       10.56234781       0.50426867      11.14184524
H       13.66484499      16.31189296      13.44666140
H       12.18287107      16.15314349      10.28835415
H       13.28697712      17.52484088      10.39387022
H       13.60575336      15.99178813      11.25096208
H       12.50944824      16.89886994      15.46156388
H       10.56466711       0.58229475      15.45436670
H        9.32532764       2.08882126      14.12460292
O       17.03424050      10.15814498       3.91041811
C       16.03509137       7.59057516       6.40345933
C       16.59824238       8.18410270       5.28440913
C       15.29975535       8.43140802       7.25783757
C       16.43806326       9.55774939       4.93862883
C       16.11681066       6.07544737       6.62001543
C       15.11119987       9.78816035       7.04733113
C       15.70046917      10.31571508       5.90528022
H       17.26051094       7.55552521       4.68229075
H       14.81834355       7.98484605       8.10452162
H       15.74113296       5.98967259       7.61886933
H       15.57292088       5.44263880       5.86038993
H       17.14373321       5.72418437       6.70747113
H       14.53748562      10.36633844       7.77607103
H       15.67711603      11.41588168       5.77104427
H        0.01807013       9.69087943       3.57339870
O       11.23503453      10.53001538       2.48934697
C       11.57119524       9.42382925       5.96099934
C       11.29677033      10.24382938       4.82192816
C       12.00620724       8.11224049       5.73227179
C       11.46222056       9.70900699       3.53292438
C       11.42924994       9.96321181       7.33845996
C       12.35546492       7.70978056       4.46309799
C       12.05225283       8.42379513       3.30162784
H       11.02604580      11.28382504       4.83974442
H       12.19276241       7.38613901       6.49808060
H       10.83483347      10.90791230       7.34062592
H       11.13173664       9.19518919       8.04922997
H       12.35214404      10.27021982       7.67418847
H       12.88348602       6.76916370       4.43485553
H       12.23799721       8.09947121       2.23150546
H       11.06333500      10.00452839       1.66563459
O        9.34339362       3.47146383      15.35030599
C        5.71324368       3.21585115      16.43747092
C        6.99873248       2.89815380      15.81202844
C        5.62355747       4.22154857      17.37100240
C        8.13297865       3.63803211      16.00770422
C        4.44508393       2.37047231      16.21872449
C        6.79056691       5.01295767      17.55066225
C        8.00603420       4.75729095      16.83988546
H        7.03881550       2.11597900      15.14292545
H        4.69404750       4.38876613       0.18591922
H        3.60997077       2.60057750      16.89072502
H        4.05211570       2.36506283      15.19787699
H        4.61351539       1.33540395      16.48732365
H        6.68375524       5.86744718       0.53045122
H        8.82779065       5.44265887      16.86368631
H       10.00021309       4.10835283      15.58315244
O        6.54060000       0.24646296       2.18546002
C        3.11981808      17.00373365       1.27685525
C        4.23854707       0.06677318       1.56316096
C        3.10110113      15.64526318       1.61306640
C        5.38439153      17.21885063       2.18178379
C        1.87295895      17.62748915       0.57650509
C        4.17101098      15.06268523       2.33088930
C        5.31061123      15.84797840       2.58412992
H        4.36167961       1.09966899       1.20087073
H        2.25699035      15.04338888       1.39198887
H        2.06894677       0.80659883      17.69599017
H        1.36408643      16.84401119      17.65379638
H        1.14800735       0.17322636       1.36199988
H        4.03021412      14.02296367       2.62222338
H        6.11473343      15.42343431       3.21158631
H        7.29042521      17.61605604       2.55362991
O        9.98910859       8.01269586      12.98365577
C        6.31095824       8.33626422      12.83063200
C        7.68336467       8.64475849      12.61718737
C        5.93549886       7.14438770      13.45336606
C        8.65261933       7.69233739      13.10629597
C        5.27948608       9.41818516      12.56924752
C        6.91416802       6.26417414      13.93095309
C        8.26736311       6.49102309      13.73321261
H        7.92008984       9.53937831      12.11144179
H        4.87335925       6.97369336      13.67415396
H        4.46817505       9.13651241      11.92438304
H        4.89870635       9.84139919      13.48052081
H        5.75511266      10.13817360      11.97346237
H        6.57827298       5.44808461      14.42914071
H        8.92789077       5.69175409      14.02083776
H        9.98230444       8.52722275      12.24507617
O       14.62597422       7.58950836       1.71234431
C       15.42632958       8.06633614      15.90720108
C       15.26168490       7.42147836      17.16256697
C       15.31447109       9.44708655      15.80913916
C       14.92772086       8.23178180       0.55442159
C       15.81048485       7.35436832      14.65558369
C       15.21815565      10.26570247      16.95810798
C       15.00608413       9.66971853       0.44903503
H       15.18238531       6.33926324      17.18042186
H       15.47999752      10.03018005      14.89453425
H       16.93615295       7.29304559      14.42587674
H       15.54741737       6.34444703      14.74883884
H       15.20216168       7.74319040      13.85943597
H       15.27560266      11.34948027      17.04201540
H       14.77285112      10.35220507       1.31577644
H       14.94754296       8.20548999       2.36651502
O        8.82622263      11.65662018      10.09266592
C        5.20146987      11.42563020       9.10627223
C        6.43624250      11.94245519       9.57829516
C        5.22768802      10.19778985       8.40819523
C        7.64863393      11.27999028       9.41478374
C        3.86002524      12.09893038       9.30746802
C        6.46981163       9.53226738       8.22238207
C        7.66054968      10.02754979       8.77293758
H        6.41519116      12.85639393      10.20195798
H        4.33924181       9.87309280       7.96328004
H        4.01385427      12.79317877      10.10918352
H        3.40516343      12.63621933       8.44314769
H        3.01586153      11.48484668       9.66341691
H        6.43282664       8.56063494       7.67079038
H        8.54841804       9.54425573       8.60472835
H        8.86758284      12.61082118      10.14282472
O        0.89723917      12.19481128       2.00927525
C        0.48606221      13.73785799      16.32095106
C        0.15462036      13.38851430      17.69060394
C        1.70304812      13.26087834      15.73955171
C        1.19725579      12.74576233       0.76237756
C       17.19707235      14.47851695      15.47590074
C        2.65970880      12.66390979      16.49853786
C        2.45489398      12.39305096       0.14283572
H       16.84482046      13.64341018       0.29522547
H        1.99467573      13.52362778      14.67731848
H       16.74031487      15.31807896      15.97957500
H        0.00748759      14.72748491      14.57050175
H       16.44883319      13.82831737      15.39633774
H        3.57217502      12.48897270      15.83974778
H        3.07493570      11.69851086       0.59189022
H        0.04343052      12.49545759       2.27765010
O       16.55789332      15.92721097      12.34357023
C       16.31436826      14.00399792       9.23126792
C       16.42718163      14.32977542      10.60566898
C       15.98821713      14.99157156       8.29169352
C       16.35006146      15.66151276      11.06078215
C       16.67783399      12.64119373       8.74834866
C       15.75665730      16.33584908       8.69549183
C       16.02742712      16.65226695      10.08309003
H       16.68927468      13.62889481      11.41579197
H       15.87979401      14.83543443       7.28238226
H       15.84612734      11.93634191       8.81360208
H       17.30643851      12.58476037       7.89325828
H       17.43071092      12.26536621       9.45362199
H       15.60773404      17.08769216       8.03038367
H       15.84407179      17.65427007      10.37197978
H       16.75755270      16.79445685      12.58207946
O       13.48917027      12.34091898       2.30264272
C       12.63939506      12.40130783      16.43051431
C       12.75266447      11.98727270       0.04729285
C       13.12445403      13.68461771      16.05972959
C       13.44900133      12.77109018       1.01971444
C       11.98859656      11.55454471      15.32110203
C       13.80354964      14.43764573      17.01549294
C       14.04878693      14.03424658       0.64263641
H       12.29003903      11.02689434       0.31571404
H       12.83367330      13.98481109      15.03811542
H       12.37025812      10.47083813      15.40191137
H       10.98844341      11.51721803      15.28217625
H       12.48940256      11.80433964      14.40161249
H       14.21441261      15.45211722      16.84489640
H       14.67978253      14.58016647       1.29873752
H       12.83189411      11.66768664       2.50047281
O       11.17341210       7.91522178      15.37982954
C       13.18785314       4.80325947      15.55708797
C       12.67065627       6.06959457      15.07580012
C       12.83224268       4.34845715      16.80147744
C       11.75305851       6.79571975      15.79736498
C       14.02985297       3.86030409      14.69233138
C       11.93836207       5.05766907      17.56411998
C       11.39264377       6.31612229      17.10508943
H       13.07474643       6.29892360      14.18815818
H       13.15994990       3.34274964      17.10330915
H       15.12223157       4.11157153      14.79235921
H       13.82530034       2.83751497      14.95870309
H       13.84305895       3.92761462      13.57405109
H       11.75439801       4.57397638       0.82304345
H       10.80462210       6.90301676      17.70048235
H       11.06560944       7.95752418      14.44058782
O        6.12872353      15.89305379       8.85355224
C        2.61993158      16.72940835       9.69294033
C        4.04876354      16.63684163       9.86873152
C        1.94549768      16.19105887       8.52861778
C        4.81604760      15.94870885       8.84758525
C        1.81365219      17.51698272      10.75507730
C        2.77548700      15.54866580       7.58647048
C        4.16877661      15.36866856       7.76101938
H        4.60161716      17.02580668      10.71143653
H        0.90630234      16.42542801       8.38695539
H        0.88500631      17.00332843      10.70176954
H        2.26813624      17.55054540      11.75745360
H        1.67419307       0.74288636      10.32319846
H        2.45695996      15.16317571       6.61157615
H        4.70075291      14.82705721       6.95814819
H        6.50902689      15.33568910       8.21389021
O       12.58236708       0.69461356       1.65949116
C        9.84492169      16.64396062      17.57269827
C       11.14344650      17.00519212       0.35529601
C        8.78333235      17.56069690      17.66683170
C       11.43809268       0.54142666       0.91298769
C        9.65538477      15.19521022      17.19921245
C        9.14229864       1.14957613       0.32721106
C       10.43604651       1.47400459       0.79847998
H       11.95011850      16.14751571       0.42308905
H        7.75763611      17.28409141      17.50069932
H       10.31483253      14.55596169       0.12694846
H        8.64371089      14.75389722      17.30811987
H       10.09065994      14.99680426      16.19996665
H        8.26386806       1.80655207       0.36536811
H       10.69080587       2.54354558       1.00476545
H       12.62336747       1.47369422       2.23713609
O        7.11427367      14.27694691       7.04100545
C        8.77816897      14.53539133       3.76928964
C        8.11437131      14.03314309       4.88137737
C        8.80070769      15.94154966       3.57273300
C        7.58780458      14.86149601       5.87564707
C        9.55639102      13.67414497       2.69931395
C        8.33600810      16.85121683       4.56573685
C        7.70355203      16.26801371       5.74841093
H        8.15270575      12.99443168       4.98228033
H        9.29069108      16.35439193       2.63496480
H       10.09611396      12.79297922       3.10497595
H        8.83779213      13.25509772       2.03690299
H       10.33973927      14.20154731       2.29178087
H        8.21594257       0.26067327       4.38401484
H        7.25801379      16.91743632       6.47177631
H        6.82506727      13.35817763       6.83256138
O        7.29824844      15.80250641      11.30105211
C        7.67773840      13.04689008      13.68837350
C        7.90934929      14.10877957      12.85056745
C        6.35116464      12.59629530      13.86294382
C        6.91311045      14.79038994      12.09897562
C        8.83084535      12.32826146      14.30057731
C        5.31730874      13.21680040      13.21140193
C        5.57399707      14.34394999      12.36246595
H        8.90196698      14.46559963      12.76363319
H        6.20846212      11.74521700      14.46141772
H        9.14512621      13.00709628      15.11018231
H        8.53351089      11.43400173      14.79287337
H        9.76113327      12.17353357      13.64651877
H        4.36576632      12.87864253      13.54507018
H        4.72402220      14.76829384      11.86939390
H        6.55385619      16.20276972      10.84228255
O        5.90014292       3.07335716      11.09067028
C        8.94664280       5.02084194      10.73518927
C        8.10194491       3.96644526      10.99783287
C        8.51634492       6.11965974       9.94356366
C        6.74341813       4.05611444      10.69503430
C       10.44997769       5.03668153      11.03913956
C        7.09196849       6.11407524       9.61513891
C        6.19836106       5.15184464      10.02221774
H        8.52244430       3.11659033      11.51287382
H        9.16423837       6.98411498       9.64993698
H       10.84794603       4.24941879      10.41935008
H       11.00061016       5.94335529      10.80413305
H       10.56249686       4.78096484      12.10777800
H        6.75845532       6.98579378       9.10231494
H        5.20553608       5.15198431       9.78747955
H        6.33488732       2.30989937      11.54939854
O       14.89982760       4.82527952       2.24786907
C        0.88886451       4.69071601       2.11666252
C       17.31939582       5.24026165       2.19804243
C        1.14326241       3.36768172       2.49513364
C       16.19564163       4.40266990       2.38194845
C        1.97348168       5.61397724       1.58037088
C        0.03867500       2.54295852       2.87454025
C       16.43381025       3.03899093       2.82534275
H       17.30454064       6.25490808       1.89297103
H        2.10563561       2.93579759       2.60259948
H        2.49878721       6.01421351       2.48125137
H        2.69341772       4.99362821       0.97098409
H        1.66673600       6.41108120       0.92477899
H        0.19999982       1.55607181       3.18362872
H       15.66606258       2.37171340       3.06820062
H       14.88777918       5.65239117       1.73414810
O       15.49848086       1.03070324      12.78102570
C       15.89709197       0.85029443      16.43387821
C       15.32487426       0.83564994      15.20684556
C       17.15921084       1.44604620      16.56554244
C       16.06056512       1.09013686      14.03801505
C       15.06606714       0.67481416      17.70564838
C        0.14705012       1.74365337      15.41933654
C       17.34579987       1.59363717      14.10264294
H       14.31562168       0.57042035      15.08129152
H       17.53214031       1.66978010      17.55194945
H       14.54826775       1.52289055       0.36215554
H       14.27585735      17.69421924      17.36749137
H       15.51340021       0.19697290       0.80972845
H        1.09699902       2.09666509      15.62389890
H        0.18442825       1.82940135      13.21726106
H       14.58572667       0.76518514      12.73810777
