512
Lattice="17.7128441229 0.0 0.0 0.0 17.7128441229 0.0 0.0 0.0 17.7128441229" Properties=species:S:1:pos:R:3 pbc="T T T"
O       13.28616266       2.43301180       3.33274103
C       10.55940999       1.95209124       5.84313925
C       11.63410381       1.71851644       4.96064709
C        9.90514796       3.14232301       5.79904792
C       12.09695237       2.61268988       4.01937427
C       10.14636295       0.94099296       6.92683192
C       10.22201151       4.13730188       4.80908183
C       11.28045148       3.76975700       3.92209550
H       12.07547970       0.78068020       5.12175089
H        9.24687259       3.45384071       6.56860807
H        9.09556862       0.67515292       6.76538071
H       10.69017457       0.01487402       6.72782964
H       10.32007197       1.12821480       7.92225505
H        9.85782676       5.09851205       4.62626769
H       11.64473065       4.60591198       3.32685686
H       13.62474871       3.26214580       3.03530627
O        4.47039433       7.53743074       2.04802578
C        6.78460863       4.67302340       2.50138860
C        6.28086765       5.89052203       2.02509067
C        6.15628135       3.98581166       3.57262074
C        5.05266369       6.39370631       2.64827260
C        8.09949137       4.07516602       1.99182660
C        4.93077888       4.44890287       4.05850155
C        4.38014783       5.68020087       3.65484160
H        6.68801551       6.46657122       1.21253313
H        6.47516053       2.98955385       3.95279208
H        8.54297319       4.37175765       1.05073913
H        8.78694495       4.52935969       2.70544132
H        8.21037129       3.00791263       2.13130863
H        4.39449259       3.88918771       4.90451624
H        3.52355640       6.02383870       4.06259963
H        3.86742545       8.06823127       2.55817473
O        0.16732335       2.91876711      11.40732033
C       15.40793134       5.27250368       9.94865272
C       16.05884880       4.49199266      10.92024394
C       15.68415664       4.97635100       8.63756810
C       17.14226927       3.64048777      10.51422834
C       14.45488799       6.37404124      10.33666626
C       16.72663259       4.14588681       8.22303550
C       17.53405358       3.56351686       9.15373777
H       15.84955121       4.61839498      11.94221494
H       15.21001185       5.45962437       7.79948590
H       14.16338846       6.24604637      11.32893722
H       15.03526705       7.31034021      10.21259480
H       13.48824219       6.55592261       9.86217436
H       16.79130992       4.01625446       7.15615577
H        0.60721691       2.86859758       8.90196880
H        1.05565180       2.77641256      11.13003223
O        4.54467853       3.45406447       8.68493166
C        3.50677568       1.06134230       6.13825783
C        3.51168553       1.96076790       7.25427385
C        4.70778065       0.72345312       5.53471607
C        4.71036539       2.51187073       7.69067723
C        2.22818420       0.63204073       5.59467179
C        5.94151096       1.19841522       6.06647554
C        5.94068851       2.18265424       7.02914693
H        2.55858720       2.15228564       7.77753601
H        4.75926941       0.14619552       4.62310261
H        2.29432142      17.24805654       5.50934489
H        1.36851082       0.83721636       6.31970756
H        2.08322024       1.14738160       4.65311089
H        6.79530165       0.82359339       5.53783618
H        6.84579228       2.69644436       7.35251324
H        5.37649410       3.54302528       9.16604116
O       11.03823657      10.37131007      12.24587764
C       14.39551770      11.31566656      11.03186050
C       13.02655428      11.31054131      11.29674819
C       15.19580313      10.35903117      11.66187969
C       12.41331911      10.31077415      12.03502801
C       15.08255442      12.35069504      10.12258152
C       14.55871752       9.25879250      12.38850771
C       13.17193548       9.21063363      12.46059672
H       12.45503922      12.16490267      10.96241449
H       16.23784979      10.31108374      11.62910913
H       14.30186263      13.04967043       9.86452398
H       15.88415734      12.91156373      10.52112063
H       15.46248424      11.88319714       9.24859655
H       15.07708858       8.41965369      12.77144624
H       12.58419233       8.29151986      12.70312084
H       10.58420250      11.00004443      11.66534304
O       14.96992860      12.78717728       3.90035483
C       15.98009176      16.35646223       4.20538513
C       15.18308678      15.21343477       4.12363443
C       17.39129837      16.17524322       4.40139698
C       15.75625452      13.88004002       4.14832441
C       15.42215860       0.01804622       4.28236642
C        0.24567116      14.86233415       4.47998998
C       17.12248602      13.74243434       4.29519757
H       14.07725301      15.43227295       4.05862534
H        0.13058915      17.14933521       4.53862455
H       14.44091059      17.58496186       4.76033220
H       15.97447649       0.75349246       4.83885307
H       15.15366314       0.29257157       3.25410894
H        1.35483038      14.77954334       4.55329474
H       17.63697705      12.81506610       4.07358890
H       14.15736783      13.04359120       3.45182863
O        2.71248820       9.27930654       3.44780422
C        5.49098992      10.67104140       5.19920510
C        4.58574409       9.74351686       4.67558760
C        5.24000538      12.04149506       5.17154849
C        3.44072989      10.18207686       4.07313618
C        6.66384317      10.20464106       5.97197638
C        4.00408044      12.48596759       4.64738417
C        3.08080791      11.55061090       4.16568057
H        4.77676842       8.67841183       4.80950158
H        6.05590516      12.70305791       5.54443350
H        7.56551176      10.18228470       5.41867748
H        6.74692230      10.83487438       6.84226923
H        6.58712439       9.12975151       6.37975554
H        3.68416002      13.55726691       4.70192224
H        2.20618864      11.89737688       3.69045720
H        1.99527243       9.64146583       2.90602050
O        4.25945301       6.24796913       8.24864488
C        1.79606601       8.68499307       6.99992164
C        2.83751779       8.09669349       7.77047338
C        1.04754854       7.90923112       6.06943331
C        3.21904305       6.70967035       7.55638226
C        1.47104013      10.15229238       7.02930997
C        1.37127168       6.52057570       5.97520521
C        2.41951038       5.97339624       6.71993176
H        3.31152296       8.85446667       8.33154630
H        0.30515287       8.29897930       5.44120068
H        2.45486722      10.56457167       6.91840237
H        0.79877728      10.45883601       6.32101439
H        1.21677709      10.47314950       7.99094316
H        0.74119614       5.94031341       5.38855844
H        2.69238610       4.96574249       6.59131190
H        4.50592729       5.36785081       7.99998399
O        2.99258998       3.20660053      10.92377091
C        1.74104034       6.69086887      11.61009614
C        2.10125679       5.55416173      10.85596621
C        1.85043859       6.64179129      12.98292331
C        2.62564178       4.39215398      11.52126216
C        1.14859139       7.89699131      10.93051835
C        2.31793143       5.46403307      13.62811032
C        2.78004921       4.37293718      12.91032757
H        1.96546421       5.49595440       9.73148177
H        1.52967317       7.45232291      13.52625027
H        0.82864880       7.81572817       9.90447668
H        0.28383621       8.11011817      11.52449393
H        1.89146683       8.72487121      10.85159811
H        2.24501828       5.50860525      14.64351359
H        3.16989069       3.51196476      13.46449197
H        3.49463770       3.37457407      10.11364680
O        6.79871982       1.17213257      12.85140477
C        3.44384226       0.30117689      14.12179924
C        4.47102601       0.91396184      13.35719678
C        3.85895204      17.18785388      15.20927690
C        5.82650406       0.62057624      13.57863704
C        2.02437563       0.72904058      13.94340118
C        5.20616601      16.87778478      15.42972492
C        6.18953465      17.38601381      14.53706499
H        4.16724278       1.51572284      12.51328759
H        3.08687223      16.80230151      15.71940115
H        1.78878576       1.42073440      14.78735289
H        1.84403906       1.19752581      12.95836415
H        1.27934032      17.59372990      14.09684228
H        5.52382049      16.14465635      16.07561226
H        7.25350131      17.08595466      14.57177612
H        7.68070237       1.12656704      13.29306619
O       15.61468478      14.22013572      13.47971535
C        0.54807422      11.71744711      13.61270752
C       17.00159772      12.32870702      13.69431761
C        1.59692287      12.38169978      12.92799214
C       16.85659817      13.66122432      13.27855273
C        0.70541807      10.26625003      14.10634889
C        1.38659178      13.65372623      12.39407320
C        0.19653528      14.35014650      12.63060477
H       16.17350961      11.77438632      14.11310703
H        2.50988337      11.91528872      12.72131481
H        0.02935124       9.70474770      13.57787303
H        1.66298683       9.83481898      13.67429440
H        0.58068302      10.07828709      15.19602644
H        2.22400709      14.12865215      11.95061297
H        0.18719325      15.37611004      12.29225142
H       15.50108239      15.14155647      13.39126472
O        9.72439868      14.15663803       9.79096409
C       12.55219741      13.81932670       7.58202857
C       11.44519798      13.49235033       8.36607541
C       12.99977118      15.12953914       7.51598310
C       10.85592249      14.48339058       9.18127461
C       13.29808450      12.65341201       6.88813670
C       12.42392746      16.08193365       8.36855971
C       11.36579760      15.76303798       9.21763921
H       11.15902968      12.48378829       8.32744624
H       13.83254730      15.40506853       6.84509154
H       12.66793742      12.09447974       6.18794211
H       14.07631592      13.17122790       6.35494132
H       13.68606684      11.95897438       7.61091591
H       12.77502924      17.09738294       8.33640968
H       11.01675049      16.54873424       9.74380324
H        9.18760137      14.86662082      10.17333820
O        9.98218698       8.74384972      17.42084476
C        6.89709572      10.36202379       0.68250567
C        8.28687725      10.11945865       0.55581311
C        6.01955615       9.90915177      17.42284730
C        8.76000782       9.20752260      17.30797667
C        6.28056928      11.20186305       1.83955444
C        6.48046228       9.14745893      16.33606255
C        7.84451527       8.76148985      16.31715674
H        8.93144362      10.44063278       1.33720193
H        4.95148641      10.10778518      17.54714092
H        7.05091105      11.65259981       2.45789591
H        5.58147809      11.97554127       1.43847148
H        5.70121637      10.56256202       2.51917202
H        5.81859703       8.66387492      15.66583103
H        8.14705884       7.93709134      15.57311948
H       10.20026954       8.31632984      16.60318340
O        9.03454216       1.13191828      14.22420182
C       11.60564387      16.29622269      13.69415804
C       10.43474828      17.03058877      13.42809058
C       12.59266907      16.72116321      14.60782301
C       10.18780246       0.44544297      14.26639250
C       11.86665484      15.07164945      12.84593279
C       12.31631023       0.19014905      15.38138445
C       11.07994325       0.82992391      15.24506176
H        9.64391578      16.58819993      12.81765070
H       13.47373370      16.20014594      14.84150770
H       12.49191941      15.29518594      11.91123365
H       12.21366406      14.35171106      13.56442937
H       10.85134483      14.69133720      12.52666594
H       12.92916763       0.43897073      16.24150046
H       10.97799224       1.72860696      15.79148017
H        9.00144243       1.97897300      14.77034940
O       15.97035569      10.38747471       3.60308237
C       14.58934541       7.63247317       5.52257090
C       14.96013757       8.36211807       4.40019342
C       14.81640288       8.07042644       6.81412314
C       15.56529531       9.64651370       4.65372306
C       14.08401549       6.20079671       5.35233271
C       15.38700154       9.33615897       7.07985317
C       15.75356568      10.12504217       5.96194839
H       14.88693958       7.89920913       3.44286502
H       14.55774778       7.51008781       7.66850465
H       13.30528392       6.01707652       6.09764801
H       13.66403318       5.93637671       4.41270038
H       14.81629898       5.43094690       5.42508988
H       15.56906657       9.60933276       8.14102724
H       16.15909353      11.05813656       6.08088772
H       15.74477276      11.32968296       3.71708528
O       11.04023572       8.87802575       2.06710593
C       10.27066217       8.42731238       5.65452178
C       10.95886082       8.63723951       4.41573548
C        9.01235394       7.77807571       5.53009012
C       10.42921018       8.37160885       3.12419425
C       10.97521201       8.63553284       6.96006765
C        8.50337939       7.41057216       4.25372482
C        9.19248544       7.74862305       3.04368453
H       11.90615424       9.14247996       4.52165652
H        8.51604645       7.46791098       6.45917683
H       10.74427894       9.51525927       7.52040440
H       10.63823770       7.67648824       7.43945373
H       12.01670826       8.60774199       6.81155400
H        7.59930172       6.80262644       4.14057862
H        8.84569031       7.44238058       2.07353773
H       10.61109631       8.72910154       1.23047615
O        8.78009149       3.59633147      15.65632901
C        5.42591446       3.12543501      16.92113417
C        6.68652071       2.86702671      16.50406526
C        4.92438044       4.47252156      16.84729244
C        7.49601647       3.91103537      15.99341272
C        4.60997640       2.05426752      17.70896370
C        5.75624548       5.50512344      16.46604893
C        7.02578414       5.19805581      15.96871985
H        6.93037122       1.85362339      16.61993357
H        3.83431099       4.60637049      17.20745225
H        3.60768185       1.82320408      17.27304031
H        5.19914062       1.07288696      17.66891834
H        4.54343447       2.30305945       1.03399722
H        5.40948480       6.51286628      16.61920853
H        7.74593878       6.03529086      15.70873993
H        9.26303863       4.37665615      15.22110973
O        6.55095892      15.51823175       3.90565435
C        3.55327005      15.49005863       1.77770722
C        4.44601377      15.67169167       2.85282339
C        4.04589175      14.90444109       0.59865098
C        5.80620647      15.38466705       2.77012323
C        2.11373297      15.78148566       1.89588010
C        5.42950665      14.61144918       0.49940535
C        6.35739280      14.83486405       1.56877705
H        4.17016482      15.96135840       3.86593016
H        3.31946319      14.71164975      17.48539923
H        1.81622796      16.33611735       2.78178760
H        1.59921557      16.35953007       1.05213246
H        1.53455746      14.82524744       1.99591625
H        5.87261021      14.41677417      17.30272210
H        7.50933889      14.58096429       1.53607714
H        7.47710425      15.36915992       3.75380519
O       10.09050887       8.05790539      12.88002432
C        6.48889067       8.81594067      12.68048829
C        7.89241141       9.02346670      12.81191089
C        5.93311436       7.50170482      12.65195906
C        8.73726145       7.88583200      12.81553644
C        5.50355300       9.96817745      12.49511568
C        6.78613464       6.45081508      12.66576765
C        8.16780307       6.64196257      12.83827229
H        8.24687392       9.98784203      12.74022714
H        4.83660930       7.38318616      12.64142785
H        4.83619106       9.66146594      11.70480610
H        4.91005564      10.25972124      13.36921697
H        6.02445052      10.81363638      12.09403558
H        6.46288926       5.41525499      12.70745822
H        8.91274609       5.84566605      12.75919686
H       10.42970377       8.91353777      12.62246798
O       13.38573788       7.25332954       1.37458577
C       15.24427860       7.73257977      15.85203937
C       14.47590662       7.20403664      16.94652397
C       15.56046701       9.13825686      16.03271027
C       14.02728547       7.90081280       0.32986981
C       15.65461131       6.89664369      14.59788011
C       15.00706277       9.91414188      17.09543409
C       14.29172812       9.27310497       0.43303080
H       14.30797963       6.12064999      16.95351017
H       15.99948002       9.71820815      15.20886658
H       16.47572314       7.35163374      14.00388477
H       16.11090757       6.00773593      14.96419189
H       14.81913214       6.50234371      14.03651333
H       15.17505437      10.97002124      17.22560475
H       13.88902675       9.87572600       1.27712675
H       12.82411730       7.92321753       1.83223715
O        9.60741144      11.63097953      10.36303597
C        6.23440754      10.61736760       9.31755245
C        7.32333517      11.42523473       9.74063679
C        6.40483298       9.22050030       9.13640768
C        8.57557577      10.87279987       9.86743809
C        4.93315882      11.29557269       9.16168973
C        7.72428661       8.62353084       9.35827171
C        8.78868373       9.44528042       9.73235407
H        7.06166066      12.41275292       9.95604431
H        5.53831410       8.65460265       8.67584007
H        4.68295900      12.21986387       9.73383453
H        4.79337448      11.58928113       8.13637921
H        4.16975292      10.53787446       9.32942662
H        7.81633317       7.58521134       9.40610555
H        9.76979465       8.89649717       9.90222100
H        9.60906855      12.58158292      10.12179858
O        0.46074240      10.17890851       2.18427660
C        0.26090740      13.02712233      17.52726887
C        0.02411784      12.19112379       0.89694558
C        1.39691608      12.77208655      16.73563705
C        0.78176699      11.04306740       1.18336385
C       17.02958447      14.22601863      17.08084433
C        2.24652587      11.71598584      17.04820989
C        1.92099262      10.82432434       0.34841062
H       16.94778774      12.28346431       1.62281641
H        1.52300224      13.35068425      15.85485308
H       16.31207401      13.86840886      16.36939353
H       16.44975460      14.61938603       0.18157059
H       17.56865801      15.21368562      16.70184426
H        3.14895693      11.43580084      16.51266345
H        2.49564045       9.89881063       0.59057230
H       17.31278907      10.36331003       2.66757285
O       15.16449520      16.79058970      12.41988764
C       16.48453536      16.47777423       8.90851268
C       16.01709470      16.12071530      10.23021747
C       16.08001061      17.66656628       8.38041603
C       15.41575153      17.13583759      11.06128256
C       17.16559088      15.51622063       8.02369479
C       15.37816164       0.90139995       9.18725501
C       15.13698235       0.67290275      10.56911925
H       16.17520574      15.05854642      10.50909335
H       16.38486087       0.17450113       7.39440840
H       16.48627934      15.17551524       7.23234622
H        0.22653421      15.97596362       7.47963611
H       17.58569860      14.60945790       8.46589867
H       15.14936546       1.92381151       8.68321485
H       14.61654295       1.39000888      11.10906657
H       15.06530949      17.57674639      12.86041716
O       12.30892037      11.57486073       2.38922760
C       12.25859659      11.71687509      16.43203385
C       11.88324579      11.34813244       0.03253761
C       12.92102970      12.88466165      16.13912665
C       12.42586779      12.04819156       1.10964711
C       11.75780680      10.93056788      15.30756615
C       13.41450864      13.54478560      17.23273073
C       13.18540488      13.18721621       0.84729140
H       11.22023542      10.56070195       0.28939461
H       13.17205252      13.25307317      15.13510148
H       10.68700543      10.54165711      15.40945213
H       11.70660796      11.53271123      14.44955723
H       12.36644875      10.07975701      15.05706810
H       13.87719103      14.46293810      17.18050121
H       13.78230284      13.80320996       1.55736784
H       12.01520188      10.65641836       2.49882198
O       10.27126306       6.87635388      15.47092240
C       12.84184896       4.26633977      14.78034619
C       11.87597995       5.30846236      14.58697994
C       13.08635291       3.84380851      16.07249782
C       11.13760737       5.84675425      15.71519381
C       13.58257541       3.70232813      13.62631341
C       12.33923789       4.35884415      17.16671836
C       11.34358428       5.35391139      16.96077475
H       11.68834399       5.75063720      13.66280104
H       13.87610633       3.12796422      16.08937004
H       13.14639138       4.07018037      12.62969902
H       14.62465853       3.99881234      13.55408680
H       13.60524367       2.67182549      13.67253927
H       12.58328214       4.08467411       0.49431664
H       10.68345966       5.70386563       0.08911624
H       10.47806538       7.19905352      14.55268581
O        6.68651200      16.70365323       8.72398050
C        3.17402116      16.35890934       9.70114319
C        4.45833524      16.94900306       9.46004728
C        2.91275156      15.08043897       9.05168359
C        5.42409521      16.25561337       8.77780942
C        2.12198066      17.03741029      10.45397447
C        3.91126213      14.48149997       8.21148254
C        5.12664128      15.09370000       8.04549646
H        4.59289776       0.14796325       9.85203395
H        1.95943385      14.70072471       9.33656925
H        2.54306945      17.53673970      11.32173239
H        1.87455421       0.08877801       9.73122821
H        1.18578977      16.42518140      10.53528912
H        3.55251168      13.51070790       7.90257198
H        5.97107378      14.66281087       7.52650491
H        7.21837058      16.27151210       8.14719470
O       12.87310559      17.67174439       1.91973420
C       10.19116581      16.22555491      17.70319944
C       11.43278468      16.37009624       0.63413139
C        9.16175630      17.26520557       0.04787635
C       11.67053883      17.57953236       1.28993708
C       10.02581743      14.94097308      16.80982260
C        9.49821503       0.72260454       0.71832116
C       10.75160352       0.88891567       1.43874079
H       12.20101323      15.64435630       0.52350757
H        8.26059720      17.05524086      17.18835087
H        9.04230258      14.63329568      17.03766536
H        9.98504667      15.14503873      15.70499229
H       10.79301485      14.18118964      17.04580107
H        8.71351176       1.55249363       0.75391743
H       11.05423039       1.91451301       1.87537696
H       12.93680129       0.67031106       2.53460935
O        8.60419972      15.12080856       7.28281167
C        9.24850884      13.05813936       4.28758390
C        8.78946961      13.41255179       5.59923467
C        9.70997709      14.02689438       3.38097416
C        8.85048147      14.73854426       6.00153836
C        9.48431749      11.62688159       3.89691693
C        9.57693479      15.39235072       3.76262871
C        9.22217936      15.74621940       5.02119364
H        8.46830633      12.58018802       6.22555117
H       10.10970812      13.88163533       2.37076259
H       10.08896371      11.24975336       4.73424453
H        8.57621919      11.06195057       4.03394502
H        9.94113184      11.42652331       2.94158857
H        9.77364797      16.14359718       3.05138809
H        9.04401596      16.81684350       5.21530622
H        8.94299796      14.66976188       8.06907968
O        7.94328271      15.72570019      11.32221841
C        7.22773380      13.35535352      14.18494064
C        8.00706128      14.01971248      13.17036465
C        5.79270183      13.56411965      14.30451896
C        7.30200928      14.79339966      12.13368012
C        7.86984619      12.41285684      15.18792320
C        5.14466221      14.41658433      13.39770732
C        5.91390142      14.94465221      12.30180401
H        9.01440075      13.88331173      13.15181179
H        5.29547909      13.02806066      15.08687550
H        7.53016160      11.35920184      14.97560148
H        8.96429372      12.33506574      15.00835590
H        7.77531080      12.71836185      16.22204303
H        4.09458358      14.68227869      13.55938938
H        5.31517569      15.69493346      11.71978045
H        7.22531289      16.35550012      10.99620381
O        6.57118738       2.59322815      10.42105348
C       10.17145517       2.78789434      10.57808715
C        8.86284892       2.34756068      10.77829084
C       10.50262099       4.00897713      10.01303386
C        7.81453934       3.12710090      10.25199048
C       11.20964111       1.85637257      11.09725739
C        9.37624280       4.74053519       9.42781873
C        8.04257916       4.32862911       9.58688114
H        8.64377623       1.43242579      11.37754818
H       11.49662207       4.30613144       9.91397680
H       12.16008035       2.21259637      10.57717050
H       11.20378715       1.93950419      12.18228305
H       11.19936968       0.79839692      10.66937238
H        9.64984420       5.68678081       8.86730259
H        7.13281834       4.72392848       9.20382779
H        6.47219818       1.97944366      11.08250388
O       14.25249977       4.73735420       2.38398372
C        0.11484765       5.57075089       1.86175645
C       16.39249074       5.61205634       1.80095307
C        0.69892374       4.71903928       2.78426960
C       15.62381383       4.67483660       2.51148679
C        0.93081010       6.52935936       1.10978422
C       17.62210552       3.82689213       3.51577587
C       16.25778836       3.81036496       3.41057186
H       16.02041137       6.35593363       1.14141633
H        1.80408065       4.71684215       2.88537024
H        0.30979418       7.30718156       0.77453339
H        1.59737422       6.97903251       1.81917008
H        1.44117095       6.10428740       0.22421344
H        0.44670448       3.24304854       4.19540139
H       15.71113684       3.11464298       4.00124255
H       13.99254433       5.47046959       1.87095460
O       16.30785571       1.79174699      13.27121063
C       16.63789461       1.68627712      17.08542353
C       16.47078809       1.20643884      15.69564884
C       17.18954339       2.93386022      17.32288770
C       16.70198345       2.16091651      14.60531796
C       16.35212553       0.67727669       0.46000141
C       17.51530770       3.81917676      16.29053646
C       17.27497164       3.42970856      14.93760680
H       15.96461991       0.39572357      15.44337861
H       17.36324463       3.27916920       0.62203123
H       16.74316463       1.06473959       1.42127100
H       15.24775424       0.51629271       0.45483473
H       16.82881397      17.44189629       0.39250262
H        0.25029690       4.74083325      16.63210226
H       17.44355345       4.10164317      14.12686410
H       16.84710443       2.08683740      12.54338158
