512
Lattice="17.7128441229 0.0 0.0 0.0 17.7128441229 0.0 0.0 0.0 17.7128441229" Properties=species:S:1:pos:R:3 pbc="T T T"
O       11.49864343       3.94307126       3.78158816
C        8.89306348       4.23786299       6.36574799
C        9.59142185       3.82946702       5.24322703
C        9.52198609       5.12902991       7.29010490
C       10.86840559       4.35384830       4.96156461
C        7.46670994       3.79847528       6.61833850
C       10.80594199       5.58934383       7.04204189
C       11.49559386       5.24360450       5.83467315
H        9.12380098       3.14372297       4.50538743
H        8.94482706       5.45495485       8.10922914
H        7.17506247       3.03582818       5.91351174
H        7.31107772       3.35609080       7.60983218
H        6.86257706       4.63820229       6.59595615
H       11.39633396       6.21431315       7.72189745
H       12.48081859       5.62131503       5.64556284
H       12.24462386       4.56721771       3.60392447
O        5.54764653       3.54088415       3.19053353
C        8.07272379       6.21290361       2.87509814
C        7.48552868       4.98142490       2.71016450
C        7.51551531       7.23504580       3.77646889
C        6.23423261       4.70987996       3.36284318
C        9.45396557       6.42146951       2.32470330
C        6.29459208       6.91343294       4.45225323
C        5.65260987       5.73087846       4.17684414
H        7.71372401       4.19013126       2.00907495
H        8.02938757       8.16972198       3.95240135
H        9.65498430       7.52031540       2.12331320
H       10.24961865       5.99456580       2.88661159
H        9.47789635       6.10109142       1.22428194
H        5.84757788       7.52832676       5.22417877
H        4.73300588       5.48719415       4.71923266
H        6.01787638       2.78993271       2.82467529
O       16.10301482       2.71138724      11.70653525
C       13.81369274       3.07686066       8.89273531
C       14.96843889       3.09306834       9.69760789
C       12.56780308       2.73663553       9.46991794
C       14.95024813       2.72967423      11.01061251
C       13.88891333       3.53921802       7.44741621
C       12.52087090       2.43890674      10.81623272
C       13.66820751       2.38808541      11.62952949
H       15.91750928       3.39265990       9.19993201
H       11.63892857       2.84091337       8.87717882
H       13.29768121       2.85349264       6.86371707
H       13.58038027       4.59888398       7.33628516
H       14.84339233       3.27373999       7.01205223
H       11.45939322       2.26379008      11.07056269
H       13.54750521       2.29522830      12.70499035
H       16.79877373       2.98441966      11.07199651
O        2.74222843       1.46630047       9.27897895
C        1.50838838       2.34117580       5.97599122
C        1.56070453       2.14434710       7.38088313
C        2.69462801       2.38675917       5.24058952
C        2.80950264       1.89052738       8.00498133
C        0.16538896       2.72817584       5.33081931
C        3.91900476       2.12788352       5.86311838
C        3.96991104       1.90212830       7.27169840
H        0.64599676       2.14702158       8.03123396
H        2.53148100       2.53280110       4.15606631
H       17.67895645       2.14094699       4.44491500
H       16.93241802       2.63432350       5.94121988
H        0.26017158       3.80639752       4.99486739
H        4.83131320       2.17481361       5.28467538
H        5.01307181       1.69558185       7.56462344
H        3.54540149       1.47095553       9.78296706
O       13.12581594       8.68549595      10.48086134
C       15.63539705      10.42394577      12.58671582
C       14.44165757       9.73937539      12.18441049
C       16.74760467      10.46665665      11.71319389
C       14.28311993       9.21973361      10.85901345
C       15.71544711      10.93238277      13.99983108
C       16.55569628       9.96549503      10.33828175
C       15.33368207       9.34889672       9.96394639
H       13.68827949       9.57592635      12.93818937
H        0.03082326      10.84428525      11.97293562
H       16.48527944      10.55124364      14.54324138
H       15.76792621      12.05448479      14.00874435
H       14.86188706      10.64169366      14.60769103
H       17.46721883       9.95040432       9.71287845
H       15.28510868       8.94922702       8.93006699
H       12.36868146       9.16346360      10.91182741
O       16.00546054      13.49278519       2.93969825
C       17.00064059      15.91902128       5.40820816
C       17.04702896      14.76948601       4.66152091
C       15.82282100      16.72666332       5.48061773
C       15.94352299      14.48315709       3.81974089
C        0.44638783      16.36839345       6.27107268
C       14.69574052      16.38065468       4.77686824
C       14.76016457      15.26040465       3.89487582
H        0.31260085      14.20629036       4.71055008
H       15.64120131      17.63301233       6.08311342
H        1.44075819      15.92061180       5.96159855
H        0.60842268      17.42266788       6.00957785
H        0.22460039      16.14325794       7.34411730
H       13.80163085      17.00530883       4.84103510
H       13.89449823      14.95787947       3.26095240
H       15.24314950      13.03072177       2.64971717
O        2.93976481       9.09783248       1.19619440
C        2.45686890       5.68139366       2.23751529
C        2.68049254       6.81771312       1.43351910
C        2.35363523       5.77637735       3.66036190
C        2.79939805       8.11027860       2.02949866
C        2.47831950       4.29045277       1.58229073
C        2.44302469       7.04529912       4.26052702
C        2.68359344       8.17255593       3.45907904
H        2.73100101       6.69530708       0.31493903
H        2.33252280       4.82064092       4.23654565
H        3.39298772       4.04557577       1.05468235
H        2.29877276       3.48856266       2.25333074
H        1.69707318       4.35923744       0.78198716
H        2.29398929       7.09899655       5.32695033
H        2.90565186       9.09087020       4.01892284
H        2.92384259       9.86741070       1.75798035
O        2.34599375       9.10606291      10.99516865
C        3.77304727       9.13960314       7.76505170
C        3.22055277       9.56681849       8.98552607
C        3.68625056       7.78792180       7.39931417
C        2.72399228       8.60676518       9.86482398
C        4.42112043      10.03472318       6.79037549
C        3.05804828       6.80907484       8.25425270
C        2.60173759       7.20199580       9.56264066
H        3.28614478      10.53496965       9.36697304
H        4.11081727       7.45368261       6.49680646
H        4.25641560      11.06015459       7.14248939
H        5.54627797      10.00146368       6.78336201
H        4.12563569       9.77941925       5.82555556
H        3.09031839       5.80761368       7.84543572
H        2.27957954       6.56944769      10.32907539
H        2.11616370       8.36439036      11.65281754
O        0.97277498       3.34832865      10.52811490
C        0.61042357       6.16311695      12.78531642
C        0.44196306       5.31779061      11.70187722
C        1.73531705       6.02572220      13.53480632
C        1.30534342       4.22999943      11.41418506
C       17.17275723       7.12597429      13.16801330
C        2.63682139       4.97408271      13.27574336
C        2.44542591       4.05417415      12.22090873
H       17.37115064       5.59208093      11.05950289
H        1.86667082       6.55969578      14.42101416
H       17.47720783       8.13130902      13.37758816
H       16.29303542       7.11331703      12.54946901
H       16.71791475       6.72479581      14.08845688
H        3.57124130       4.84219597      13.86590110
H        3.17922560       3.29570488      12.01045354
H        1.54621482       2.56493851      10.32262708
O        6.53258691      17.52279958      12.13608276
C        4.13454824      15.47166959      14.15861658
C        4.70591679      16.26438055      13.05769194
C        4.95282737      15.24369856      15.30855232
C        6.05393277      16.72717903      13.09428359
C        2.73882204      14.99481561      14.00535924
C        6.30806620      15.67727953      15.32336088
C        6.86913231      16.37970051      14.19727424
H        4.03398404      16.49826105      12.21313826
H        4.52820296      14.55421398      15.97861940
H        2.28556421      15.47077898      13.14311270
H        2.68318877      13.92039905      13.87974480
H        2.24225240      15.21261846      14.95011227
H        6.80711161      15.50730283      16.23674715
H        7.85132943      16.71307362      14.15466694
H        7.48379853      17.67061909      12.28764575
O        3.10643564       8.90190097      16.22304346
C        6.78786827       8.24147927      16.04345582
C        5.39781702       8.46025427      16.47337070
C        7.01331904       8.01410106      14.70147308
C        4.31456780       8.52381178      15.70237804
C        7.92104122       8.05639831      16.97497036
C        5.82346513       7.93616176      13.88872572
C        4.49020342       8.19764376      14.35040324
H        5.25612339       8.72304330      17.52237418
H        7.99616991       7.80250736      14.30838789
H        8.75264651       8.72212983      16.57727052
H        7.66001808       8.30023854       0.27649128
H        8.43059243       7.12493647      16.99675310
H        6.05410557       7.62168463      12.88755622
H        3.67466864       8.05167032      13.64605932
H        3.14739129       9.04100063      17.19266104
O        8.55890619      14.44797431       9.67130878
C       10.23406837      17.06050596       7.61505465
C       10.03441056      15.78255136       8.20518324
C        9.33037573       0.38355091       7.76215637
C        8.80334775      15.63982885       8.97826352
C       11.45866718      17.39156576       6.79931418
C        8.19966739       0.19432679       8.45660364
C        7.92137575      16.70851892       9.16398500
H       10.88750158      15.14113109       7.99744769
H        9.45942281       1.28783858       7.25595001
H       11.14916865      17.46701400       5.73782076
H       11.98077067       0.65267076       7.06526028
H       12.16294964      16.56957386       6.89655911
H        7.46685556       0.92275772       8.44064303
H        6.98982510      16.53092255       9.74876862
H        7.71708533      14.51505262      10.15268134
O        8.73282890      11.11602344       0.49339305
C        6.27298659      12.14458855       3.06889290
C        6.99774830      11.37588446       2.18342842
C        6.16739206      13.55899276       2.79641566
C        7.81819999      11.91750699       1.15548257
C        5.63891226      11.52944538       4.24293099
C        6.76685139      14.14622200       1.64799630
C        7.57744658      13.31506936       0.81963857
H        7.17884187      10.33214915       2.44767851
H        5.57508692      14.18049455       3.39365221
H        6.21474088      11.81041342       5.06166327
H        4.63637146      11.80041653       4.28459112
H        5.71743879      10.46767718       4.18071621
H        6.54328516      15.22775775       1.33188422
H        8.07185109      13.75798693       0.01877929
H        9.22850048      11.50701048      17.52591242
O        9.01514174       1.09618648      13.17760423
C       11.63013902      16.39246336      12.50694770
C       10.41940903      17.09885463      12.44191154
C       12.55371358      16.77462724      13.49146177
C       10.20549860       0.47859741      13.30107814
C       12.08946078      15.33528039      11.51412769
C       12.34156677       0.18034736      14.32079653
C       11.11441505       0.86506500      14.32113480
H        9.71706257      16.79510047      11.66361179
H       13.50748319      16.25766218      13.46868093
H       12.37325352      15.87323296      10.58956058
H       12.98269867      14.72974167      11.81324571
H       11.25741642      14.72801916      11.20040838
H       13.15941928       0.49964631      14.88994735
H       10.96460458       1.66072650      14.95805010
H        9.02547327       1.84524323      13.76231356
O       15.43344435       7.92734640       3.28914721
C       17.00605462       6.96311266       6.57452459
C       16.45128249       6.88778616       5.25988747
C       17.36153705       8.28353597       7.01930147
C       16.10253209       8.01207626       4.48916227
C       17.23063063       5.81816999       7.55894308
C       17.11124697       9.40515015       6.25511304
C       16.36972453       9.29163770       5.03702469
H       16.25449410       5.89532314       4.96868747
H       17.69687751       8.41358344       8.03624654
H       17.20651597       6.22374412       8.58757247
H       16.46202964       5.07513771       7.50607059
H        0.43712243       5.33350122       7.52845887
H       17.42493105      10.38180176       6.64285277
H       15.99206421      10.22347619       4.62654308
H       15.39042023       8.75899316       2.87975388
O       10.58424595      12.23371420       2.68161974
C       12.41034853      10.29528774       5.30256689
C       11.79094530      11.42974039       4.65571583
C       12.40684061       9.05248200       4.67291358
C       11.17679844      11.24732246       3.41518695
C       13.15157063      10.44273306       6.57188601
C       11.84296007       8.86460101       3.41913019
C       11.23054166       9.96438024       2.81467783
H       11.85616022      12.40554791       5.07312675
H       12.85381768       8.23534675       5.15960120
H       14.15874433      10.15200523       6.35685565
H       13.02161792      11.47658249       6.82487362
H       12.64684820       9.81081730       7.29892011
H       11.79670099       7.90089262       2.94693249
H       10.67992265       9.80936064       1.85069902
H        9.97485611      11.91539548       2.01675576
O        8.51898090       3.17518032      14.78509154
C        4.94029260       2.67332586      15.11068299
C        6.27055465       2.58134335      14.70443451
C        4.58649744       3.64518971      16.04933853
C        7.26049949       3.37485213      15.22902767
C        3.99720073       1.58277164      14.60045269
C        5.59417079       4.51302716      16.52952059
C        6.94564206       4.38865940      16.20360595
H        6.66653135       1.84790912      13.99694185
H        3.57103257       3.86868295      16.24672875
H        3.24516910       1.83110072      13.78919559
H        4.67489699       0.79549054      14.29832099
H        3.37319390       1.31639991      15.47033003
H        5.31537086       5.38547400      17.10057662
H        7.59542729       5.15518793      16.51267502
H        9.10912550       3.73088023      15.13395171
O        6.44532397       1.62984294       1.58100480
C        3.95932637      16.96728744       2.83653342
C        5.02327888       0.10983765       2.72903103
C        3.42173049      16.40608081       1.64828936
C        5.42735417       0.70438134       1.48683609
C        3.24845350      16.45617244       4.06706491
C        3.80923558      16.92522140       0.40352000
C        4.74881115       0.31611802       0.34595424
H        5.44754840       0.52598940       3.61655126
H        2.69495728      15.53138670       1.63262674
H        2.24576736      16.80588612       3.98703737
H        3.23670019      15.39548384       4.06594916
H        3.75787176      16.78431084       4.95797765
H        3.52010944      16.47140290      17.19065064
H        5.08149585       0.71313640      17.08543563
H        6.96225091       1.63858019       0.74059872
O       10.77247266      11.31720100      14.90904356
C       11.00245418      10.96019028      11.19139697
C       11.14018390      11.50820978      12.45649268
C       10.44569116       9.66436486      11.11116525
C       10.79665150      10.79956885      13.62260149
C       11.39969468      11.73393190      10.00161291
C       10.13778908       8.94158331      12.25633458
C       10.36558674       9.51075539      13.54040817
H       11.52015547      12.54219363      12.55044697
H       10.27050156       9.16693759      10.15389467
H       12.18371571      11.29169838       9.43311556
H       10.54130033      11.80464619       9.32330801
H       11.82666382      12.72127809      10.39227414
H        9.83404990       7.91237712      12.13740779
H       10.05902966       8.86638249      14.38626641
H       11.12115878      12.16341437      15.00632995
O       14.48281552      10.79784708       1.66878723
C       14.65940307       8.22039875      16.80404396
C       14.07016062       9.18519992      17.64388166
C       16.04976003       8.05486457      16.72392879
C       14.97888969      10.00348789       0.65945198
C       13.83894421       7.33406154      15.94186800
C       16.91193684       8.85767224      17.39100301
C       16.35319576       9.82211476       0.61352365
H       12.98734257       9.32812825       0.06402539
H       16.49424079       7.26730649      16.11607211
H       14.18790721       6.33710612      15.59739526
H       12.85100512       7.24236014      16.33854599
H       13.62334660       7.85084607      15.06438260
H        0.22987379       8.77361617      17.07629891
H       17.05996437      10.46634144       1.16124187
H       13.80988727      11.35425875       1.30572256
O        8.22748497      12.83908251       7.36362247
C        7.41047251       9.86529020       9.41762008
C        7.48833436      11.20320859       9.02450809
C        8.12791349       8.85629918       8.63806550
C        8.12355752      11.52848521       7.79956319
C        6.65705737       9.53005799      10.74331365
C        8.88656053       9.27303582       7.47043713
C        8.70239765      10.52801574       6.97767842
H        6.99812535      12.02645739       9.45482840
H        8.08973338       7.70245913       8.91934565
H        5.58825190       9.23035501      10.59010601
H        7.30637497       8.82529943      11.29336176
H        6.62174735      10.45308495      11.29813177
H        9.50427968       8.52330682       7.00227949
H        9.21400986      10.88793146       6.10518775
H        8.44819887      13.44590779       8.08297173
O        1.05850685      12.65969059       2.81997865
C        1.35205088      12.67139290      16.90747203
C        0.87891644      12.75366714       0.48841372
C        2.74085033      12.30072614      16.73825884
C        1.69096553      12.63906134       1.59517337
C        0.44737489      12.73551466      15.66320697
C        3.57156109      12.15739913       0.15872140
C        3.04907564      12.41404004       1.41374192
H       17.58213773      12.93959145       0.60002951
H        3.21919417      12.24473329      15.79329074
H       17.14697064      12.40128359      15.78810614
H        0.30926089      13.78080869      15.35650295
H        0.89559721      12.17807836      14.86700938
H        4.65052466      11.93959125       0.05474257
H        3.66650113      12.33477700       2.26400911
H        0.12937484      12.82446757       2.75337057
O       15.64537614      15.13532717      12.60242151
C       15.32206380      13.79225678       9.11971960
C       15.58997173      13.82982196      10.54477091
C       15.02385753      14.97118247       8.42692783
C       15.37904503      15.04616355      11.21980076
C       15.29221300      12.39356863       8.46634273
C       14.99365485      16.17661775       9.19114551
C       15.12940364      16.21795224      10.55638573
H       15.71208955      12.93056915      11.07686730
H       14.79768602      14.99573450       7.36326573
H       14.65731737      11.77058148       9.09454201
H       14.90644450      12.42169143       7.45932026
H       16.30924119      12.07744340       8.36999954
H       14.72653220      17.07991846       8.67583968
H       15.01594394      17.20293919      11.03256736
H       15.92174822      15.96067721      12.98961712
O       13.29974667      13.20270905       1.65450387
C       11.52942673      13.90066600      16.19338801
C       11.74640158      13.61491769      17.58364407
C       12.62107078      13.97060780      15.32006142
C       13.11037020      13.45236745       0.33763860
C       10.19732765      14.36214014      15.57194146
C       13.98277544      13.64278269      15.76319347
C       14.16778746      13.38021553      17.11852973
H       10.97628020      13.59491715       0.59113551
H       12.61880915      14.29800241      14.30236754
H        9.40438232      14.46510898      16.18343265
H       10.40366144      15.35397025      15.12140892
H       10.03423659      13.68786724      14.72798888
H       14.82122472      13.66290317      15.10894316
H       15.13051009      13.19052488      17.50163190
H       12.46130933      13.05270190       2.08467840
O       10.49426839       4.27106627      16.36453440
C       12.97699468       4.84822191      13.71540026
C       11.76231406       4.83494839      14.39419856
C       14.08477291       4.06541972      14.28497579
C       11.66041596       4.22238360      15.63442539
C       13.21984273       5.56903204      12.46335211
C       13.95530721       3.34956113      15.48556758
C       12.71729800       3.45443247      16.11877755
H       10.91751589       5.26275211      13.94978275
H       15.05461592       4.08745567      13.82089754
H       13.36342983       6.59988826      12.63021329
H       14.11062430       5.21380553      11.88931651
H       12.35501456       5.50651795      11.80149398
H       14.82125342       2.70703648      15.76582899
H       12.70319042       2.88617147      17.10555773
H       10.63254691       3.97906870      17.26347113
O        5.29869185      15.48029783       7.55986252
C        1.92184214      15.04021284       9.06537810
C        3.12398325      15.69150759       8.63277730
C        1.67490628      13.72924385       8.61960961
C        4.03520963      14.96695340       7.79698856
C        0.89292695      15.72257653       9.86425786
C        2.48935838      13.08538513       7.66814400
C        3.75818320      13.67058710       7.38019607
H        3.44786267      16.64472290       9.03139552
H        0.64847269      13.26726372       8.78744798
H        0.82468571      16.79454384       9.86312145
H       17.69574687      15.19427285       9.54372230
H        1.01662874      15.49079308      10.89678714
H        2.17137173      12.17662063       7.14423758
H        4.56345096      13.28814854       6.66939121
H        5.77985744      15.06488086       6.82567724
O       10.24683730       3.45182780       1.55585729
C       11.98078264       0.19341858       0.97365032
C       11.68228385       1.45596334       1.49090135
C       11.10043907      17.34406248       0.03436481
C       10.54286432       2.18109908       1.08850520
C       13.29541941      17.23540699       1.21620465
C        9.86608360       0.29040925      17.34892869
C        9.64100431       1.58877001       0.14007157
H       12.42515548       1.87298458       2.24386421
H       11.46360543      16.44528818      17.30017438
H       14.07381475       0.07030644       1.78059502
H       13.23186856      16.28643433       1.70198529
H       13.62907618      17.05248542       0.22543305
H        9.23447396      17.54746593      16.70787864
H        8.71354509       2.03579216      17.67630040
H       10.65813243       3.54235964       2.40661625
O        6.87204580      14.39705240       5.79886807
C        9.47733439      16.05552228       3.75518775
C        8.75450251      15.14550290       4.51403229
C        9.04362878      17.38250047       3.83306669
C        7.68025279      15.45756130       5.27806440
C       10.80941525      15.66369191       3.17301623
C        7.87922561       0.06599445       4.49193151
C        7.15827007      16.76807238       5.23231243
H        9.03967043      14.13860663       4.43611104
H        9.60106368       0.51133642       3.33298012
H       11.67470262      16.16177884       3.73121233
H       11.04588564      14.60856062       3.14298343
H       10.85303563      15.99000576       2.19128675
H        7.65502606       1.05218872       4.51957585
H        6.21646039      17.01070440       5.78873403
H        7.43272813      13.82397428       6.40325964
O        5.73030918      14.04785467      10.36636733
C        5.93726584      11.98398775      13.35386010
C        6.22006104      12.81108257      12.24094282
C        4.61229356      11.52656199      13.45759777
C        5.26057669      13.22060245      11.33819091
C        7.07531007      11.65233159      14.34207524
C        3.63368008      11.83625568      12.45646902
C        3.94220160      12.77249094      11.45862266
H        7.18164257      13.11629158      11.99805541
H        4.36496088      10.90662414      14.29983169
H        6.76982096      11.11508955      15.25151433
H        7.83545770      11.00624089      13.79371303
H        7.57162761      12.58565699      14.65125579
H        2.63971933      11.37844763      12.43285528
H        3.24867263      12.95782406      10.60757040
H        4.97852999      14.44495490       9.77592369
O        5.28667780       1.83818997      10.66661193
C        7.80697881       4.43746907      11.14788831
C        7.18629633       3.22861606      11.07607990
C        7.02831874       5.60823933      10.87542754
C        5.83772836       3.05816447      10.74387847
C        9.23622928       4.53141612      11.59848142
C        5.71490488       5.50451708      10.54337953
C        5.10627963       4.23900995      10.50397049
H        7.74822115       2.29260384      11.21063503
H        7.60854117       6.54858620      10.85030677
H        9.59507078       3.75651195      12.27923305
H        9.89218538       4.66525740      10.74098099
H        9.32891794       5.45576759      12.23132502
H        5.15865511       6.43053972      10.32340843
H        4.16503529       4.19695567      10.10853037
H        5.74316991       1.17055366      11.20793523
O       13.77261977       5.70934808       3.32114819
C       16.10776515       3.62748258       1.36418767
C       15.33992034       4.70673268       1.78739055
C       16.13434924       2.43752539       2.09120430
C       14.48188913       4.61758111       2.86874249
C       16.76986220       3.68718264       0.04214097
C       15.33977889       2.36379194       3.26368277
C       14.55337196       3.44007075       3.65789617
H       15.33480301       5.62829880       1.20679063
H       16.59691013       1.54983404       1.70436880
H       16.14046051       3.16615555      17.01611353
H       17.06863620       4.66614906      17.40917578
H       17.54640748       3.04811257       0.23537875
H       15.36095391       1.40347313       3.85087523
H       13.95489139       3.37643471       4.51460334
H       14.34044471       6.44220099       3.17150440
O       16.20663219       0.25375304      13.39809537
C        0.12582655      17.46472183      16.61766401
C       17.06711982      17.19064925      15.43528579
C        0.79116695       0.96960098      16.78616327
C       16.98370500       0.46650624      14.48806288
C        0.24315299      16.29250599      17.69592712
C        0.66499668       1.95668855      15.69760787
C       17.61383812       1.67200773      14.57062588
H       16.65331215      16.15218976      15.29897634
H        1.31177711       1.18143278       0.01989494
H        0.55366414      16.70025317       0.93697379
H       17.04857791      15.69286818       0.09303896
H        0.98379555      15.57702380      17.35004713
H        1.21371114       2.87733895      15.76846332
H       17.61219791       2.48325518      13.88193591
H       15.97110948       1.08845205      12.99183047
