512
Lattice="17.7128441229 0.0 0.0 0.0 17.7128441229 0.0 0.0 0.0 17.7128441229" Properties=species:S:1:pos:R:3 pbc="T T T"
O       14.04352044       3.38767973       3.01427102
C       11.53728160       3.14282004       5.69972513
C       12.38938777       2.77613694       4.62983758
C       11.72025225       4.40724079       6.32852380
C       13.30698779       3.75294392       4.09526321
C       10.49126883       2.14760918       6.11783353
C       12.65873088       5.31386757       5.85715329
C       13.48994915       4.99272467       4.76016991
H       12.25204029       1.81604654       4.18785055
H       11.25863561       4.76707137       7.18263959
H        9.48087928       2.63022469       6.16657580
H       10.44313397       1.39738720       5.37046957
H       10.75517535       1.65197672       7.08262404
H       12.78790219       6.24603220       6.44446302
H       14.21886299       5.69370556       4.37708428
H       14.68835538       4.08305777       2.82644772
O        4.73723675       2.95434397       2.53640325
C        7.93021582       4.14135709       3.78344206
C        6.94980952       3.41718497       3.06283978
C        7.53357121       5.03037338       4.79527471
C        5.57758919       3.63837076       3.30763554
C        9.37722792       4.03778798       3.58376259
C        6.17855557       5.30405594       5.01230847
C        5.16584181       4.56266200       4.32558062
H        7.25978855       2.67297098       2.28550312
H        8.27549663       5.63977954       5.29736884
H        9.65613021       4.42071803       2.64256811
H        9.90948924       4.50089670       4.45418963
H        9.72278792       2.94748501       3.56332382
H        5.88490427       6.04839418       5.74848320
H        4.13322168       4.62718490       4.48369508
H        5.08941123       2.16138224       2.21471008
O       15.76151124       3.62624268      11.63787550
C       15.40053121       2.35607026       8.24651031
C       15.97499267       2.99573052       9.38088902
C       14.17401926       1.71943289       8.39694375
C       15.24156854       2.98197290      10.59381952
C       16.21200279       2.37149149       6.92231879
C       13.43037861       1.70899570       9.57405359
C       13.97841077       2.36542756      10.65389397
H       16.87946208       3.55814743       9.32514072
H       13.83059311       1.09733563       7.51734307
H       15.48360219       2.48459596       6.09180569
H       17.03200747       3.10819019       6.93761875
H       16.70592431       1.42921498       6.78338075
H       12.54844727       1.12716415       9.64510569
H       13.55739386       2.28754727      11.64374983
H       16.46911002       4.20635523      11.39137636
O        3.72618093       3.26538599       8.45057845
C        3.74740467       0.87630714       5.73416880
C        3.31408549       1.74068895       6.73496929
C        5.16398206       0.73902736       5.48249172
C        4.25375204       2.42723185       7.52219809
C        2.67400000       0.29127184       4.88705309
C        6.11302707       1.51106152       6.17556862
C        5.64742239       2.31610978       7.17752802
H        2.23182925       1.84188493       6.88748730
H        5.42644014       0.08097784       4.71943241
H        1.69643478       0.43026121       5.16212947
H        2.74249392       0.97050414       3.99414510
H        2.70670699      16.89808671       4.57556325
H        7.18122929       1.59347210       5.92617456
H        6.36958204       3.02402235       7.57951240
H        4.22752397       3.12141565       9.19940671
O       10.81419438       8.71211866      10.85954338
C       13.90876894      10.77623358      10.40730283
C       12.51005875      10.47913279      10.61922228
C       14.88881364       9.79120879      10.49998200
C       12.10803124       9.13882073      10.77629429
C       14.38414992      12.20638303      10.24241352
C       14.49504040       8.43030382      10.80806256
C       13.12691308       8.14089102      10.87107535
H       11.76684610      11.24993497      10.64933818
H       15.97603178      10.00789590      10.45171373
H       14.85006989      12.56624119      11.14593599
H       15.12330841      12.45942929       9.47855383
H       13.58363047      12.78935543       9.92947050
H       15.16607919       7.62939215      10.71220354
H       12.83658123       7.06995552      10.74559072
H       10.23655319       9.42471399      10.41412157
O       15.51515603      12.71284659       2.69654544
C       14.77593392      15.88192243       4.49190354
C       14.60429855      14.79872782       3.59874965
C       15.92719849      16.05785744       5.30503295
C       15.58613599      13.80553394       3.56933547
C       13.74675175      16.89885645       4.57073812
C       16.84618073      14.88981637       5.34978427
C       16.71966877      13.88796435       4.38317159
H       13.73185743      14.72847381       2.98000285
H       16.08240116      16.90702745       6.00901483
H       13.60117727      17.32168939       5.55823396
H       14.04138906       0.06629430       3.98913862
H       12.78798331      16.49364871       4.32004922
H       17.61299627      14.91397026       6.03848282
H       17.53338088      13.14783820       4.35992493
H       14.67387094      12.55941391       2.25679189
O        2.32214115      10.64959154       3.31864346
C        5.86017525      10.45632751       4.45928753
C        4.57153277      10.02248664       3.91635159
C        6.00500722      11.75781426       5.00704465
C        3.57806426      11.00572199       3.77659708
C        7.00655897       9.49746154       4.14049459
C        5.02568217      12.72272267       4.83601147
C        3.78435643      12.31075724       4.19142905
H        4.28711278       9.04614554       3.38765877
H        6.91447438      12.06680247       5.43058089
H        6.68885293       8.58375898       3.66999742
H        7.51288724      10.05556811       3.39137230
H        7.54643536       9.37404242       5.09642918
H        5.02083380      13.68633496       5.31614177
H        3.09747216      13.15964648       3.95738436
H        1.84131748      11.37223848       2.83197367
O        1.78524573       5.09224728       8.65622768
C        1.84215627       8.65849745       7.43904858
C        1.56624322       7.57827508       8.27713395
C        2.75622795       8.63502283       6.42970888
C        2.03464962       6.26056069       7.88763266
C        1.38271658      10.02209134       7.88340537
C        3.28237874       7.30244649       6.10295968
C        2.86470834       6.12286390       6.78821916
H        0.91940731       7.88598743       9.11827247
H        3.07729608       9.49117869       5.92514588
H        2.01211953      10.35740414       8.71948150
H        1.48889651      10.80625084       7.12794843
H        0.36227356       9.99839744       8.12157492
H        3.85561285       7.35386485       5.26794840
H        3.23034964       5.14503833       6.52002562
H        2.34472310       4.32897306       8.40961316
O        0.47460981       4.74831123      11.39508037
C        0.95360051       5.87261344      14.81811900
C        0.32617450       5.62259770      13.61174757
C        2.27138317       5.49695137      14.95031947
C        1.02738749       4.94324474      12.59185387
C        0.13742143       6.46992657      15.95018088
C        3.00080660       4.88442619      13.91766014
C        2.38254928       4.56877615      12.74716181
H       16.97951839       5.91360306      13.35476314
H        2.78567019       5.77453938      15.85562437
H        0.40231158       5.96997516      16.87540176
H        0.42065229       7.54345261      16.16668017
H       16.75004027       6.37074003      15.73875097
H        4.00038870       4.58678054      14.16222096
H        2.92012049       4.07970963      12.01344419
H        1.02334799       4.85934519      10.62244864
O        6.32986855       0.73320772      12.56479462
C        3.68006179      17.69647748      14.94503005
C        4.36557521       0.63726468      13.92275524
C        4.22496702      16.65401470      15.70158188
C        5.68981793       0.14703960      13.61138050
C        2.28977627       0.55043073      15.21241185
C        5.52290107      16.22542750      15.47934429
C        6.24853823      16.80112372      14.39872457
H        3.90992895       1.38208755      13.29316092
H        3.66740190      16.28203901      16.59485010
H        2.24975300       1.65316598      15.04903310
H        1.52475940      17.69603792      14.67502197
H        2.04358877       0.59790020      16.30467951
H        5.97550711      15.43133205      16.02916719
H        7.20186154      16.42883669      14.10638673
H        7.24535229       0.53174239      12.69721561
O       17.47721106      12.48402337      12.65058041
C        1.67593657       9.82048301      14.29237698
C        1.06558854      11.07616793      14.09264432
C        1.76137461       8.79523367      13.24631453
C        0.41944118      11.27972213      12.85640727
C        2.45980456       9.42632373      15.58021724
C        1.20491699       9.13057669      11.99244538
C        0.58312743      10.42876095      11.83444180
H        1.15553080      11.68633862      14.91524871
H        2.32147707       7.83567099      13.44147349
H        1.87832317       9.88541732      16.40573082
H        2.58001840       8.31043707      15.67584988
H        3.51094070       9.80819566      15.51451092
H        1.35061368       8.41126632      11.12099655
H        0.12920915      10.72629437      10.93261969
H       16.76848457      12.81483332      13.24613523
O        9.48035628      13.46357300      10.19371074
C       11.82647721      14.05536271       7.39654025
C       11.07973400      13.41507176       8.43092844
C       11.53541531      15.40186311       7.07492623
C       10.21842901      14.13146106       9.22682520
C       12.85143801      13.35389066       6.67614784
C       10.62846201      16.08427170       7.90540468
C        9.94738537      15.43534114       8.96233497
H       11.20455292      12.33264704       8.62426931
H       11.98887232      15.90377122       6.24184005
H       13.84424426      13.61541845       7.07929996
H       12.72850800      12.35496101       6.86322968
H       12.80609311      13.42106731       5.57924031
H       10.39239946      17.14147312       7.67111597
H        9.26013462      15.87771704       9.61207935
H        8.82119502      14.04037705      10.64847373
O        9.79820932       8.77990877       0.27810036
C        7.17025210      11.35065119       0.74029263
C        8.42630338      10.73775786       0.71671571
C        6.06717697      10.65194797       0.24953621
C        8.60380317       9.44158397       0.15384253
C        6.97318511      12.74518067       1.22080229
C        6.25540774       9.43323316      17.28560998
C        7.49653540       8.80191867      17.22551173
H        9.30904702      11.23133596       1.11950655
H        5.18908212      11.15966440       0.13834776
H        7.93568800      13.15694719       1.53991162
H        6.65873870      13.33365714       0.38869409
H        6.22971191      12.87858794       1.99166183
H        5.43332586       9.11727275      16.63448641
H        7.69413693       7.87239170      16.75247845
H        9.84011582       7.95529073      17.51246175
O        8.97424781       1.03285985      13.07239797
C       11.90173517      16.45558364      12.61835399
C       10.70204188      17.12780804      12.31563748
C       12.53946262      16.54517152      13.89720922
C       10.13885867       0.25646544      13.35288887
C       12.40548383      15.47812010      11.58916072
C       11.97538576      17.39559452      14.92956471
C       10.72338329       0.27739478      14.66607524
H       10.37806908      17.06570083      11.28994765
H       13.44463992      15.98179444      14.05816144
H       13.53279142      15.36981035      11.47578441
H       12.07845388      14.46448108      11.83476805
H       12.05437089      15.63638066      10.57506011
H       12.41377609      17.37101116      15.88634087
H       10.20487623       0.70333765      15.46707396
H        8.95589670       1.79714531      13.69525287
O       16.96318188       9.86056769       3.68832730
C       16.32645214       7.38958252       6.37241548
C       16.72003248       8.01808834       5.12908496
C       15.67035216       8.21578823       7.31750915
C       16.51987197       9.35676658       4.87675296
C       16.46964370       5.94320970       6.59968534
C       15.29799179       9.54871993       7.01798149
C       15.82607371      10.12303669       5.82353736
H       17.05559035       7.44137017       4.28928697
H       15.14206512       7.82955633       8.23238009
H       16.04537289       5.29957178       5.87235364
H       17.48202121       5.70811415       6.63676980
H       16.12647014       5.72545567       7.56489256
H       14.69026161      10.06696984       7.68690435
H       15.41614518      11.06391986       5.54941751
H        0.20013821       9.68727442       3.60060322
O       13.40890484      10.21547863       2.49368892
C       10.84559135       9.69965548       5.17626237
C       11.81764344      10.38811133       4.37807369
C       10.48935948       8.37725737       4.82129955
C       12.47354582       9.68106494       3.29948113
C       10.21404957      10.25545524       6.48681568
C       11.15805089       7.73652973       3.77870032
C       12.11919719       8.34469340       2.99685444
H       11.91381549      11.38975191       4.74975694
H        9.78757161       7.89823333       5.45891076
H       10.96479239      10.35920871       7.28758192
H        9.95645702      11.33161165       6.22973010
H        9.29858758       9.69021207       6.74135360
H       10.70059817       6.74773250       3.54160040
H       12.50818330       7.82179249       2.14003752
H       13.87765041       9.49112223       2.02139270
O        8.92214009       3.34098638      15.77628953
C        5.62824935       4.09607716      17.18407732
C        6.63673782       3.59204450      16.29572071
C        6.00081695       5.07222256       0.44278517
C        7.93745231       3.99354679      16.44345216
C        4.20706119       3.46034171      17.13212389
C        7.35011510       5.53192090       0.55395964
C        8.32741108       4.98626500      17.43511277
H        6.32573195       2.76513413      15.67602005
H        5.29206452       5.54640201       1.05172713
H        3.61624263       4.02484934       0.16326217
H        3.75882968       3.62216698      16.19264796
H        4.32489882       2.39480370      17.29324060
H        7.45895982       6.39091269       1.18882462
H        9.28909300       5.30777502      17.45938660
H        9.83254920       3.28872293      16.12905052
O        5.53657380       0.72034704       1.43592049
C        2.32284761      16.73575137       1.71215977
C        3.22370926       0.07458241       1.52664188
C        2.71110397      15.46194208       2.15086854
C        4.60524284      17.50236986       1.70439834
C        0.85592069      17.10723083       1.54640836
C        4.09354387      15.17843059       2.26605074
C        5.01897034      16.20039299       2.10194841
H        2.88472628       1.08464594       1.18779071
H        2.02745670      14.70658467       2.40600332
H        0.61824665      17.58178728       2.51480489
H        0.62573832       0.05413491       0.71028366
H        0.22246031      16.21606094       1.49085714
H        4.56868509      14.19286466       2.39488769
H        6.03274015      15.98870694       2.09945020
H        6.26560916       0.41686801       0.88723186
O        9.78113126       7.40038065      13.03477674
C        6.35163517       8.71041804      12.91050044
C        7.77267103       8.69842880      12.81421894
C        5.66571273       7.60733273      13.44454380
C        8.44909510       7.48371321      13.11660239
C        5.67201643      10.00260586      12.55614350
C        6.37795089       6.47559119      13.86606288
C        7.74649021       6.34178970      13.60406267
H        8.29545442       9.57256030      12.57677349
H        4.56084598       7.60808837      13.56403058
H        5.47982148       9.97465212      11.45382673
H        4.70515008      10.07473348      13.09423790
H        6.22648505      10.91974018      12.64683778
H        5.77023968       5.62610906      14.18712804
H        8.23440687       5.40170665      13.69426107
H       10.12041931       7.97437672      12.39884971
O       15.33179140       8.49569140       1.51864770
C       14.94569629       8.79300339      15.63570569
C       14.97784316       8.19022525      16.89583841
C       15.63758255      10.00312031      15.33391792
C       15.62544605       8.93301195       0.21364174
C       14.45254004       7.94513712      14.51649259
C       16.34998437      10.64983572      16.32224873
C       16.42462808      10.06549677      17.66378449
H       14.48187999       7.25086497      17.19817586
H       15.61955220      10.38226444      14.33534527
H       13.57290890       8.39229590      14.06342675
H       15.24156076       7.88335860      13.73162084
H       14.12495745       6.98775810      14.78380307
H       16.89825460      11.56400744      16.07088031
H       17.06882507      10.41750732       0.71919528
H       15.95467317       9.04772131       2.02246259
O        9.25008141      10.80052692       9.84824501
C        5.70128916      11.09600402       8.95254498
C        6.97941205      11.40137487       9.47893404
C        5.43289554       9.82104747       8.48353122
C        8.03651290      10.49687955       9.34008778
C        4.54653819      12.11814437       8.98886634
C        6.47308271       8.82946863       8.44842832
C        7.73827253       9.18615857       8.82681196
H        7.13074686      12.44434133       9.71345505
H        4.44486007       9.45358627       8.22680835
H        3.64959328      11.56040413       9.26331270
H        4.78301728      12.97598130       9.68681183
H        4.35176649      12.63891571       8.00337348
H        6.27742974       7.84410063       8.09756551
H        8.55677597       8.42596566       8.63395767
H        9.18685149      11.76839740      10.05399338
O        0.58888487      12.52002343       2.12178124
C        0.62414592      14.19817702      16.53670730
C        0.19385388      13.73862353       0.04559661
C        1.89730552      13.87556061      16.07522851
C        0.97794954      12.95080043       0.89661529
C       17.42387643      15.09689784      15.80532782
C        2.75017763      13.10586424      16.87432790
C        2.30937174      12.69835056       0.40301946
H       16.87801291      14.05125874       0.14862296
H        2.14256869      14.26078115      15.06836658
H       16.32751074      15.03894645      16.02635337
H        0.07459984      16.08576013      16.04411892
H       17.70287712      14.95285016      14.77312339
H        3.66307592      12.80528720      16.38646431
H        3.10644993      12.17559860       1.01208975
H       17.35031605      12.66015732       2.28853538
O       17.06572555      16.40025639      12.53727322
C       17.19747600      14.48133468       9.50974412
C       17.48083032      14.95648050      10.79649397
C       16.09041209      15.03702383       8.77358749
C       16.72738823      15.96710070      11.35296006
C        0.32433967      13.38831722       8.86780653
C       15.28812654      16.03027424       9.33563472
C       15.63941279      16.56247641      10.60892695
H        0.62839447      14.46053883      11.23333875
H       15.72823860      14.67338104       7.79485625
H        1.24514289      13.16811115       9.48104067
H       17.40631352      12.57070592       8.78838921
H        0.58293386      13.79032313       7.89722747
H       14.50391710      16.44307527       8.74166794
H       15.08050071      17.43061448      10.92225700
H       16.60875493      17.20605169      12.74466894
O       12.46043481      12.53376015       0.82293711
C       11.83624302      11.19862278      15.16389459
C       11.66922058      11.36080359      16.54698289
C       12.74659088      12.03673976      14.43758452
C       12.54109814      12.29773239      17.21327358
C       10.92504092      10.17255797      14.52969981
C       13.43382062      13.08171266      15.04184025
C       13.33601129      13.14099510      16.44572152
H       10.94904402      10.83238223      17.12985911
H       13.02613613      11.85535798      13.37902530
H       10.59636762      10.66365494      13.53318037
H       11.50376037       9.23452526      14.44502352
H       10.10831638       9.99744478      15.16982741
H       14.03842702      13.79280584      14.42610175
H       13.95772887      13.86677519      16.91453774
H       12.30903476      11.70282066       1.24155175
O       10.41853536       6.90737395      16.02563347
C       12.57841569       3.95601502      15.28963768
C       11.62753126       4.99108943      15.04829483
C       13.31624313       3.88326620      16.49606814
C       11.32421416       5.93250032      16.15140743
C       12.91655021       3.04729824      14.15542962
C       13.07467367       4.84285782      17.52634461
C       12.07391962       5.79157279      17.36118414
H       11.04403126       5.15643990      14.12989809
H       14.10899471       3.12894688      16.54504057
H       12.08628059       2.90523655      13.52034673
H       13.63826057       3.54336314      13.56613941
H       13.30048887       2.07506723      14.57719037
H       13.57727331       4.85788791       0.76075888
H       11.89465335       6.49510853       0.50788585
H       10.20182922       7.03909111      15.11719665
O        6.34974771      16.22692493       9.17291949
C        2.97728851      17.36385512      10.09070772
C        4.42131261      17.30630737       9.96106730
C        2.18778261      16.74095271       9.09380025
C        5.01743084      16.37757148       9.13358089
C        2.21945251       0.58215438      11.07805094
C        2.86022357      16.01713771       8.05674555
C        4.23292082      15.77195316       8.08839756
H        5.01037033       0.04457144      10.72446325
H        1.19120573      16.75027020       9.14079406
H        2.41016918       1.63716217      11.16170385
H        1.10195090       0.49591224      10.94551572
H        2.37487213       0.18552370      12.09365170
H        2.20661384      15.57192074       7.30508081
H        4.68535188      15.12788863       7.32172727
H        6.77356712      15.63198093       8.52084854
O       13.17538636       0.94280939       1.69077285
C       10.18567727      17.05938050       0.30481327
C       11.48347215      17.24858183       0.70377806
C        9.28487051       0.42418195       0.19004118
C       11.87070996       0.77104154       1.21969919
C        9.82867557      15.76914529      17.33481931
C        9.62438682       1.69605674       0.62301852
C       10.91748968       1.87783054       1.06029370
H       12.13048234      16.36927828       0.81347141
H        8.27986195       0.23074693      17.48440622
H        8.84488183      15.27360084      17.59634040
H        9.66971060      15.94416662      16.27637153
H       10.70605915      15.10218815      17.49586813
H        9.00449805       2.51455117       0.43996430
H       11.28379471       2.95888014       1.37077607
H       13.33862740       1.93436075       1.81135727
O        7.39210308      14.52015609       7.39013388
C        9.12410597      14.29899082       4.16798286
C        8.57490887      13.95677114       5.41473195
C        8.90109367      15.61639416       3.67616625
C        7.81460473      14.91076254       6.17586780
C        9.95069578      13.29908010       3.34327871
C        8.13133255      16.55217964       4.35997385
C        7.54206148      16.17540695       5.59208661
H        8.82855405      13.02828728       5.82814390
H        9.30584931      15.87858326       2.67126619
H        9.51474733      12.41837641       2.86364149
H       10.45887717      13.88896818       2.53791319
H       10.71938536      12.82522420       3.93421857
H        7.98163043      17.53325262       3.94192459
H        6.97805933      16.93866860       6.13045031
H        7.61721176      13.66784485       7.44059274
O        7.44631659      14.97936064      11.11589856
C        7.37681143      13.17775050      14.32455026
C        7.89100460      13.87219586      13.21732269
C        6.00937607      12.82252794      14.44176480
C        6.98324865      14.34075932      12.25105459
C        8.34532339      12.86654583      15.43025775
C        5.13299326      13.24910447      13.37963469
C        5.60022782      14.11060651      12.30539829
H        8.93938035      14.17477383      13.07505672
H        5.58825586      12.12168326      15.10336365
H        8.25526883      11.80836493      15.46744514
H        9.44237378      13.13717830      15.20643653
H        7.96440589      13.24193682      16.36719231
H        4.11090608      12.88571889      13.38922484
H        4.96908312      14.29260762      11.39787992
H        6.90046362      15.42965355      10.47290200
O        5.04223554       2.93853054      11.02126646
C        8.60189145       3.68033553      10.24247813
C        7.35156446       3.00687986      10.49481024
C        8.56510200       5.07460839      10.03278950
C        6.11799611       3.73703034      10.60287109
C        9.93038435       2.93496140      10.19789964
C        7.30636381       5.80034270      10.00001978
C        6.04381004       5.12149401      10.41358666
H        7.47430314       1.91698950      10.56411396
H        9.40905154       5.64834352       9.79870761
H        9.81607238       1.93181610      10.44338697
H       10.49419787       3.00635989       9.23615717
H       10.62908492       3.43419284      10.93615476
H        7.22934146       6.88401149       9.91493853
H        5.18605119       5.63793475      10.47101280
H        5.39818135       2.08803299      11.39118819
O       15.49459348       5.42881080       2.10310630
C        1.33912154       6.06954152       2.32146902
C       17.70378037       6.25980334       2.01568751
C        1.88382034       4.81819243       2.55964388
C       16.84232633       5.17821261       2.26028118
C        2.21162267       7.24768187       2.14625469
C        1.03149797       3.75521072       2.73839970
C       17.40319802       3.93099421       2.61185481
H       17.26454575       7.17494603       1.73984498
H        2.99662119       4.84386334       2.70837300
H        3.22987143       7.17181237       1.87251633
H        1.63441170       7.83932083       1.44783852
H        2.16759686       7.82573650       3.02637246
H        1.48425678       2.82729110       2.91908759
H       16.86508393       3.00992389       2.77193695
H       15.29627852       6.37289814       1.82762953
O       16.19135936       1.12567089      13.01688807
C       15.78850399       0.71496126      16.76371316
C       15.75552705       0.44064072      15.34228091
C       16.43699029       1.83847305      17.21738513
C       16.31835563       1.30703974      14.39557629
C       15.24658580      17.44287675       0.06159030
C       16.92449596       2.79780175      16.29881838
C       16.83945668       2.51245213      14.90026763
H       15.36951131      17.16357550      15.06930882
H       16.41802820       2.12417842       0.51941604
H       15.61948784      16.52611790      17.57832549
H       15.61923927      17.69305893       1.11885104
H       14.19174164      17.38957413      17.65951444
H       17.25949056       3.76873677      16.65748676
H       17.11345321       3.31945908      14.23864178
H       16.31676194       2.01699398      12.60403660
