512
Lattice="17.7128441229 0.0 0.0 0.0 17.7128441229 0.0 0.0 0.0 17.7128441229" Properties=species:S:1:pos:R:3 pbc="T T T"
O       14.59581128       2.67683731       2.06634707
C       12.58053109       3.52371809       4.98087714
C       13.24159998       2.80781400       3.97999829
C       12.79667614       4.91669562       5.04490514
C       13.99361711       3.41064917       2.97840881
C       11.56378603       2.89215747       5.92222355
C       13.65528503       5.55128725       4.11361424
C       14.22030609       4.77486773       3.03485662
H       13.16570770       1.70145939       3.84699084
H       12.36954987       5.45430773       5.83948986
H       11.08644261       3.58273294       6.57620302
H       10.72366840       2.66364193       5.27763263
H       11.83316135       1.88181020       6.33938797
H       13.70439790       6.63066967       4.26774868
H       14.86030410       5.17455478       2.32846203
H       15.35759544       3.08485760       1.70052008
O        6.05546062       8.02009712       3.15446788
C        6.30919311       4.87642890       5.00944495
C        6.28286055       5.76614477       3.94171216
C        5.96634057       5.28223179       6.35587125
C        5.98874462       7.12430179       4.16437558
C        6.81445861       3.51214585       4.83066538
C        5.58581222       6.59954561       6.45718249
C        5.62351539       7.51285768       5.44791608
H        6.44868315       5.41777339       2.93402480
H        6.11069051       4.65761939       7.29426484
H        7.30054081       3.41691093       3.89723220
H        7.48556153       3.24322520       5.64643197
H        6.00020559       2.83150312       5.00280275
H        5.23881198       6.95219454       7.40348502
H        5.29448872       8.51743211       5.59306371
H        5.58352149       8.85918101       3.27962836
O       17.26374149       4.03610671      11.08000723
C       13.78047202       3.86809442      10.01147540
C       15.03903519       3.56948104      10.64150346
C       13.76097568       4.81500300       8.92337975
C       16.14845177       4.38053362      10.39866005
C       12.59372038       3.12905155      10.40408857
C       14.92229692       5.66698073       8.70909939
C       16.14886133       5.40941713       9.41498847
H       15.13284325       2.75039978      11.36363882
H       12.89669150       5.04906554       8.40408097
H       11.93616144       3.66091670      11.08376571
H       11.95251335       3.03367794       9.48038491
H       12.78755189       2.15512084      10.92788471
H       14.98014192       6.39824935       7.91878403
H       17.01872962       5.85305284       9.02688694
H        0.15642892       4.71230002      10.89491842
O        3.68576962       3.92196873       9.34186391
C        1.58176125       2.23457650       6.81480811
C        1.96712386       3.09227540       7.84625467
C        2.51685203       1.36094233       6.24313410
C        3.30724937       3.07014977       8.33998985
C        0.09582771       2.13071511       6.36811487
C        3.87027290       1.33074353       6.78491265
C        4.27780593       2.17069572       7.84876854
H        1.23084890       3.63656904       8.46045468
H        2.20038961       0.72589538       5.38031208
H       17.01360324       2.75470932       6.91588329
H       17.69977276       2.45060321       5.30886725
H       17.36964921       1.07470596       6.06350952
H        4.55520074       0.59564607       6.44610222
H        5.37673215       2.11934688       8.08574754
H        4.44144869       3.66998121       9.93105181
O       10.90076310       8.52509188      10.83314913
C       13.49426641      11.07157167      10.57278795
C       12.27296185      10.45095146      10.42920059
C       14.59695493      10.40060256      11.18571714
C       12.09964092       9.12079147      10.88594169
C       13.71224182      12.49455422      10.11271958
C       14.46965631       9.02878967      11.59927851
C       13.21461094       8.44266625      11.45118572
H       11.49321683      11.06066732      10.05358254
H       15.58008721      10.88934918      11.28904471
H       14.07032075      12.47956881       9.11346384
H       12.73737501      13.02931605      10.24088009
H       14.46559973      12.94622966      10.75367672
H       15.38688524       8.53213301      11.94845114
H       13.12925383       7.42725800      11.83093755
H       10.19608153       8.96504901      10.36841070
O       15.51970184      12.55481266       3.06171687
C       15.53636917      16.21011764       3.18050219
C       15.02133637      14.89167145       3.07419734
C       16.91391583      16.42836332       3.32118104
C       15.97696118      13.80093524       3.24267389
C       14.65381124      17.50010211       3.14961999
C        0.10196448      15.35794321       3.49871750
C       17.31474456      14.04440734       3.50526628
H       13.96762664      14.70582374       2.89485064
H       17.25335820      17.45815788       3.40776856
H       15.32587163       0.57912667       3.47786020
H       14.17601491      17.62334028       2.14804923
H       13.85799935      17.35137097       3.75114604
H        1.12868978      15.60749196       3.71744570
H        0.29683026      13.19370693       3.57659653
H       14.76377655      12.49800100       2.45267004
O        5.11729993      10.72584906       2.27165920
C        6.74844175      11.18669775       5.56745418
C        6.50825863      10.98724016       4.17791883
C        5.64462349      11.43840244       6.44403951
C        5.21052440      11.10218239       3.56273722
C        8.14161877      11.05184697       6.14476106
C        4.32956706      11.50198529       5.80075888
C        4.13877473      11.30061234       4.40349246
H        7.31398993      10.69607184       3.65117736
H        5.76433875      11.62051772       7.51423754
H        8.87130337      11.44047102       5.48154648
H        8.30312544      11.77000875       7.00137061
H        8.43165795      10.01254613       6.30930159
H        3.54358957      11.72149901       6.53040656
H        3.20714542      11.33771557       3.93028024
H        4.21018735      10.74530514       1.95971309
O        1.90872662       5.90826896       9.89924373
C        1.08260143       9.46898760       8.88228738
C        1.09762397       8.23599228       9.60364588
C        1.76460904       9.43890551       7.59730325
C        1.84545154       7.10780338       9.17225564
C        0.34228391      10.67033972       9.29224116
C        2.39496868       8.25582736       7.19369547
C        2.35166235       7.10113341       7.88606773
H        0.63356666       8.31270839      10.56528314
H        1.77136659      10.26001024       6.99437053
H        0.91658758      11.51111118       8.97667115
H       17.05899464      10.74559869       8.85660005
H        0.31725239      10.75552313      10.39965769
H        2.80910642       8.26647559       6.21682840
H        2.76107133       6.23832921       7.42797872
H        2.59759841       5.27751473       9.55681072
O        0.89023199       6.19884187      12.32515030
C        3.37414789       8.44224397      13.85435467
C        2.72360570       7.63250919      12.90927854
C        3.02415372       8.30142418      15.20066463
C        1.67040809       6.83925698      13.28387607
C        4.55966767       9.43546944      13.48137643
C        2.05995736       7.37965963      15.63376689
C        1.42223539       6.64300936      14.65590275
H        2.82979196       7.77599546      11.81231720
H        3.53496505       8.84908451      15.98056386
H        5.42113957       8.90978913      13.14433680
H        4.24293073      10.05203230      12.64226436
H        4.94513281       9.95636862      14.32924303
H        1.96218468       7.13479848      16.72690575
H        0.76935413       5.90319193      15.04518220
H        1.30880440       6.29097378      11.47975776
O        6.30856943       0.19758820      13.01771990
C        3.62819098      16.09909914      14.89233069
C        4.23317177      17.06203838      14.03183059
C        4.42912174      15.10854823      15.57652887
C        5.67157806      17.07239348      13.87368640
C        2.16383219      16.08403297      15.17823365
C        5.81363605      15.10982154      15.32854063
C        6.44995147      16.08520160      14.46244689
H        3.66876430       0.07035132      13.49837496
H        4.00595171      14.44218158      16.23833577
H        1.78291990      15.18881042      14.64023185
H        1.97438698      16.11849011      16.29460139
H        1.65447974      16.99047177      14.65040647
H        6.48112010      14.39721377      15.80221945
H        7.45629185      15.96250233      14.40378326
H        7.19203620       0.31804753      13.39449284
O       16.18448454      14.71069851      12.34277730
C        0.37154513      11.65723049      13.04130707
C       17.07685703      12.61253610      12.99465676
C        1.60126747      12.07556551      12.48638938
C       17.19386372      13.83832518      12.33646960
C        0.16385160      10.24622603      13.61286426
C        1.77789299      13.27036139      11.78472804
C        0.73507787      14.24708826      11.69854328
H       16.13261825      12.47227436      13.46431703
H        2.42112926      11.40495614      12.63267738
H        1.09194254       9.68136853      13.78092424
H       17.24009846      10.25878415      14.45560873
H       17.31462885       9.71446266      12.87736242
H        2.79795244      13.59826564      11.33338531
H        0.85487269      15.18481071      11.28309912
H       16.42536054      15.46656744      11.93047303
O        9.75378770      12.85939770       9.36333490
C       11.95491420      13.69279553       6.47005488
C       11.17171279      12.90960583       7.34150654
C       12.11323827      15.03605159       6.75183391
C       10.49008640      13.55869327       8.47900838
C       12.85412624      12.99676565       5.49859012
C       11.49385810      15.66863545       7.88297526
C       10.67146677      14.88417532       8.72238617
H       11.08303580      11.78333718       7.26683159
H       12.89983118      15.64431166       6.20698340
H       13.83955426      12.93497864       6.00212027
H       12.49940007      11.95423197       5.31043771
H       13.02254902      13.60870717       4.57995386
H       11.73779271      16.68018824       8.14285451
H       10.26432317      15.39617001       9.59142503
H        9.31257760      13.54957914       9.96746201
O       10.66104107       9.16805627      16.49453218
C        8.48453168      11.79886424       0.09686386
C        9.60864693      11.13951776      17.32090792
C        7.26199784      11.16350518       0.17420954
C        9.53247452       9.81359648      16.94442116
C        8.47889430      13.33493218       0.33179768
C        7.16943185       9.83411102      17.52271848
C        8.31620150       9.12056559      17.02412330
H       10.53467400      11.68759875      17.23801303
H        6.47440435      11.73677836       0.58028733
H        8.56332057      13.93248036      17.05678896
H        7.51578493      13.59715241       0.72475348
H        9.23926130      13.59637158       1.10841613
H        6.24853828       9.33055048      17.63023284
H        8.16484799       8.11368375      16.75302633
H       10.55858610       8.44833568      15.86518777
O        8.85048815       1.15061463      13.40783001
C       11.79141288      16.69425891      13.06939468
C       10.47444282      17.20312623      12.82057257
C       12.68940826      17.29316264      13.97475319
C       10.05409645       0.60314203      13.55442047
C       12.36133474      15.51577572      12.36759427
C       12.28893482       0.76561900      14.65018769
C       10.94943299       1.25019838      14.39049489
H        9.70744985      16.84145265      12.18152789
H       13.69411650      16.84393184      14.06372919
H       11.86404701      14.60762234      12.73465283
H       12.26940346      15.57006483      11.30673736
H       13.43393867      15.25857795      12.59320754
H       13.01790179       1.24175465      15.26608466
H       10.60458912       2.11390376      14.96628174
H        8.62786481       1.62851903      14.25711525
O       16.05828684       9.80881084       2.64150261
C       16.65258068       7.03492401       4.98862067
C       16.41235566       7.72345870       3.80688617
C       16.62410091       7.68793363       6.20464282
C       16.15790417       9.09124224       3.79467412
C       17.12224514       5.67398703       4.82817360
C       16.20107108       9.02902540       6.26833298
C       15.98287861       9.70435077       5.06301944
H       16.54776824       7.14619731       2.90110308
H       17.04619695       7.25941771       7.04278095
H       16.87764447       5.10407571       5.70912964
H       16.73294734       5.20110032       3.97454083
H        0.46187258       5.78449679       4.71559650
H       16.12642830       9.52763286       7.19250144
H       15.71064703      10.79901845       5.06781933
H       15.69615467      10.66193599       2.81486360
O       11.53981180       9.55314809       1.84973212
C       11.88576852       8.54165812       5.34540976
C       12.16042122       9.08633862       4.04139601
C       10.60569790       8.10405617       5.63372323
C       11.11772095       9.08772351       3.05817662
C       12.89260820       8.74754833       6.49959906
C        9.53742894       8.21554705       4.70546004
C        9.76272492       8.76934990       3.44839204
H       13.22179584       9.37626832       3.89721206
H       10.43009794       7.61809963       6.65919385
H       12.36644079       8.56165410       7.40861284
H       13.66924623       7.90171567       6.58431760
H       13.24781050       9.81961121       6.40453959
H        8.53104640       7.97330863       5.01190618
H        9.02215607       8.70682134       2.67253929
H       10.94331275       9.29975321       1.11609481
O        7.79540677       2.30967565      16.00679334
C        4.17338334       3.11979411      15.55893777
C        5.56982675       2.75973035      15.28562548
C        3.78041215       3.37967240      16.87505329
C        6.48970010       2.58080703      16.36267627
C        3.20913530       3.37049296      14.41894307
C        4.73081679       3.24747589       0.25939486
C        6.04583591       2.80171512      17.67213929
H        5.82866303       2.63254070      14.21680149
H        2.79879451       3.53217586      17.18269844
H        3.12307324       2.40910838      13.95377790
H        2.24495362       3.35832869      14.79155651
H        3.45263498       4.23014864      13.70564884
H        4.34629973       3.44044810       1.38645024
H        6.59893815       2.51618545       0.77199833
H        8.43262236       2.26048835      16.69723154
O        5.28206716      16.54664983       4.60810028
C        3.17777751      16.75835639       1.66791300
C        3.96601664      17.17038627       2.79263774
C        2.86061969      15.40039837       1.44050322
C        4.42047277      16.13314123       3.64305160
C        2.58800873       0.14030578       0.71876213
C        3.30020628      14.44295054       2.32155212
C        4.01046537      14.77144891       3.43615342
H        4.28044311       0.52228117       2.99691711
H        2.34601015      15.03432929       0.54982456
H        3.23831633       0.29675354      17.56940805
H        1.59564324      17.46858766       0.35411926
H        2.46256949       1.11592352       1.15643229
H        3.15109595      13.43126663       1.95876166
H        4.32662377      14.09586025       4.25942004
H        5.78239099      15.77545349       4.78247787
O       10.84714477       8.01608890      13.76936698
C        7.82671310       5.92767953      13.49389002
C        8.64207605       7.01472373      13.77969492
C        8.42287874       4.67165639      13.13147983
C       10.05412678       6.91880566      13.56810854
C        6.27776599       5.99833327      13.55454900
C        9.77601049       4.59669373      12.99320321
C       10.61929782       5.68670470      13.15876866
H        8.23325551       7.91610762      14.11390319
H        7.86888948       3.75544097      12.96283254
H        5.83063762       6.26383775      12.52235662
H        5.70673037       5.14343555      13.86602825
H        5.98906316       6.72915706      14.29930893
H       10.26206943       3.67494970      12.77725470
H       11.65322836       5.61474661      13.12861413
H       10.96314416       8.33569025      12.88607602
O       16.78574575       8.37288863       0.60967583
C       14.82709423       6.92217922      15.59648256
C       15.93475306       7.41035484      16.36813036
C       13.53462469       7.02594605      16.14919321
C       15.67533690       7.96449209      17.60915763
C       15.02443160       6.40901990      14.18272927
C       13.33328033       7.49662639      17.42596020
C       14.41147763       8.00970834       0.46803425
H       16.93391273       7.37169873      15.94049634
H       12.72335109       6.64115841      15.50377973
H       16.02985022       5.96950496      14.00722134
H       14.40451018       5.56690908      14.03058652
H       14.80586301       7.12944119      13.45665581
H       12.30385286       7.62077431       0.18974141
H       14.23083542       8.46384876       1.42368709
H       16.55528886       8.90222576       1.40631830
O        8.93607884      10.33609823       9.48378498
C        5.30416603      10.59692971       9.95020702
C        6.64970695      11.06376867       9.75936680
C        4.88271482       9.26339340       9.90130514
C        7.63076442      10.04518543       9.60699577
C        4.18814298      11.65348957      10.10211948
C        5.91592987       8.33542925       9.85587581
C        7.26508198       8.71286331       9.62460437
H        6.94101084      12.09755608       9.80360311
H        3.87562759       8.94394579      10.14738846
H        3.24395712      11.18623889      10.48237436
H        4.51904915      12.43046341      10.76621169
H        3.96856510      12.25402442       9.17262225
H        5.74909644       7.33184622      10.07714124
H        8.08384979       7.96140970       9.67705809
H        9.21579132      11.24176526       9.58243256
O        2.48061376      10.45428276       1.81730059
C        0.87732511      12.40002312      16.91758313
C        1.05088954      11.77030002       0.45961710
C        1.94081558      12.52355060      16.04920664
C        2.25592829      11.05855014       0.65544950
C       17.17235427      12.88860224      16.60354496
C        3.17867154      11.87361783      16.32176967
C        3.33003191      11.25497185      17.53892121
H        0.26346690      11.70888394       1.07977154
H        1.81057798      13.01664607      15.13175574
H       17.10132444      13.75347956      15.87506109
H       16.53700446      12.03559427      16.46896239
H       16.92472008      13.34930362      17.55341863
H        3.97851445      11.99514464      15.53374114
H        4.27046453      10.67842358      17.66287837
H        1.67688163      10.15055455       2.26995087
O       16.14772407      17.04938456      10.72929018
C       16.05459958      14.98885276       7.60991148
C       16.16191365      15.35097856       8.98089404
C       15.46151721      15.93719290       6.75041025
C       15.82537801      16.68538537       9.43523068
C       16.51030937      13.63448920       7.12211399
C       15.13343144      17.20380242       7.15578783
C       15.35697489      17.59048972       8.47149253
H       16.63912294      14.64607668       9.63021250
H       15.21173480      15.74741264       5.68902782
H       15.84892007      12.82844275       7.45224821
H       16.66046371      13.53050681       6.11585655
H       17.45727155      13.42910068       7.60343088
H       14.72143144       0.16465914       6.42819706
H       15.23082869       0.90424998       8.84239342
H       16.17291326       0.28371305      10.87482817
O       13.23389200      11.85106497       1.62641921
C       13.45472066      11.63008208      15.64871110
C       13.45185165      11.19878606      17.01864894
C       13.37366045      13.00343005      15.35377753
C       13.37763721      12.20868152       0.31638350
C       13.49376132      10.66830497      14.44216694
C       13.43060022      13.95831463      16.35051373
C       13.42199013      13.56694171      17.70016306
H       13.40313395      10.14590877      17.23321085
H       13.35590013      13.41756821      14.40010503
H       12.99555297       9.79724177      14.75010058
H       12.95150647      11.05226574      13.55392242
H       14.47876417      10.41825075      14.14263409
H       13.08639539      14.94965064      16.02060845
H       13.06913803      14.25012454       0.75379966
H       12.79509515      10.97469124       1.72910002
O        7.18665293       5.77405812      16.60678531
C       10.71896401       4.74962399      17.48495748
C        9.51903922       4.89486470      16.70141277
C       10.70343640       5.06985645       1.12125943
C        8.39587353       5.53996816      17.25316006
C       12.01896586       4.08528938      16.96199066
C        9.52850072       5.61282982       1.70807922
C        8.43010593       5.95339496       0.88977382
H        9.42406425       4.67099360      15.71108209
H       11.67949763       4.83501545       1.60606208
H       11.67870672       2.99087480      17.07362427
H       12.13805071       4.41038101      15.92143788
H       12.86804492       4.26259021      17.51650037
H        9.54190128       5.92821044       2.77372391
H        7.46564581       6.33936917       1.26101812
H        7.25484105       5.24982412      15.76392190
O        6.10347162      15.00398809       9.16582257
C        2.93702648      16.79502973       9.98134941
C        4.36380063      16.50567553      10.01841176
C        2.01697886      16.14095246       9.10044888
C        4.74580176      15.40693448       9.16938583
C        2.39842821       0.08664716      10.88810715
C        2.45288368      15.05239043       8.33611089
C        3.86498316      14.70105736       8.32647997
H        5.01858093      17.07285949      10.66364721
H        0.98958844      16.54714171       9.22088269
H        2.06867352      17.28923540      11.82237028
H        3.23763994       0.75206495      11.27924293
H        1.49557430       0.56382500      10.50212758
H        1.78319261      14.53220301       7.72185668
H        4.17354408      13.97848343       7.72999906
H        6.42164445      14.75193824       8.31059731
O       12.03042480      17.52343607      17.65886242
C        8.51650398       0.03116830       0.81592515
C        9.69922393      17.26027632       0.24650419
C        8.52358757       1.07184359       1.80889165
C       10.89698884       0.24006585       0.49149331
C        7.18187243      17.03452420       0.48773229
C        9.75236596       1.72727682       2.03138206
C       10.95869725       1.26265963       1.40677237
H        9.63989230      16.49789851      17.28099380
H        7.69011740       1.42092934       2.34608427
H        6.34001106      17.55510791       0.92945970
H        7.12069290      17.07541953      17.15342063
H        7.21112945      16.06738762       0.88723725
H        9.92249950       2.47259460       2.72930787
H       11.92090838       1.73649329       1.78716413
H       11.80728953      17.19839633      16.84744399
O        6.49445357      14.24782982       6.50015981
C        9.44274217      15.45350060       4.51470221
C        8.37265249      14.60970681       4.99749519
C        9.72463359      16.66296702       5.10729037
C        7.52407446      15.03007019       6.01101701
C       10.37622972      14.95345251       3.41584081
C        8.88407783      17.02361017       6.13970416
C        7.77581452      16.23107018       6.54406996
H        8.20313903      13.64904285       4.54435165
H       10.53010356      17.29336468       4.74794542
H       10.23614689      15.48968735       2.42297086
H       11.35636003      15.20434006       3.81806346
H       10.24266320      13.91426185       3.11043351
H        9.09412638       0.33411484       6.48130324
H        6.96615506      16.54115874       7.14448050
H        6.40810617      13.47289840       5.98137433
O        8.01754220      14.69826147      10.84532359
C        8.46106682      11.89044258      13.20158936
C        8.68788308      12.98223517      12.36826357
C        7.09942440      11.90664728      13.66098307
C        7.67828015      13.86951940      11.86064907
C        9.58335192      11.09020380      13.70359099
C        6.06785479      12.73470352      13.24508844
C        6.33191354      13.70896033      12.28023659
H        9.63452535      13.15214360      11.96156061
H        6.86353636      11.25368711      14.47367060
H        9.21176298      10.13556577      14.08064482
H       10.39524327      10.91802563      13.07414024
H        9.89406178      11.59120924      14.58874005
H        5.11711030      12.65771839      13.74110915
H        5.54830334      14.35948934      11.95735320
H        7.25612139      15.16982230      10.49643342
O        5.19501147       2.50382937      11.60467997
C        8.49664837       2.44582335       9.82346193
C        7.34817437       2.04414234      10.58779884
C        8.63121023       3.75731406       9.34177759
C        6.31035479       2.90045515      10.90843481
C        9.56428588       1.43418934       9.35565513
C        7.55748492       4.67989915       9.66641061
C        6.45354039       4.27196078      10.51989508
H        7.40408004       0.99264687      10.88211436
H        9.46376922       4.05187254       8.72304359
H       10.30076789       1.45700763      10.13232239
H        9.13264024       0.32854538       9.29048915
H       10.12649968       1.84034403       8.46441790
H        7.62531221       5.67038946       9.25196711
H        5.64807105       4.93599679      10.69564841
H        5.10757005       1.65218130      12.02198596
O       16.99215636       4.62744522       0.69492144
C        2.29473049       5.58712285       2.37684400
C        1.15625514       5.62283602       1.58149500
C        2.61071306       4.36198530       3.01862161
C        0.36196867       4.47786044       1.45159065
C        3.18664362       6.82790990       2.57381026
C        1.84771150       3.16235224       2.85179085
C        0.73817944       3.27820765       1.99951454
H        0.93993131       6.54445750       1.03051970
H        3.50929945       4.28523516       3.60864105
H        2.70548905       7.74699398       2.24692941
H        3.20618155       7.13445244       3.65103284
H        4.15389360       6.78842886       2.06741811
H        2.18036670       2.30646843       3.34599355
H        0.13871921       2.42372439       1.78380398
H       16.85317214       5.54782535       0.35361281
O       16.84312399       1.64827667      12.20293095
C       16.32668015       0.34378776      15.60467715
C       16.27913447       0.41936197      14.17802025
C       16.75560092       1.43972600      16.38170375
C       16.69440520       1.63477085      13.59156840
C       15.86064466      16.76465061      16.23775473
C       17.13263261       2.59898235      15.71202676
C       16.98178813       2.75154899      14.31359212
H       15.98904708      17.27363089      13.58694410
H       16.97000317       1.39823153      17.44487306
H       15.11802840      17.00190729      16.97855650
H       15.56797157      16.12360017      15.51330556
H       16.61439745      16.20763005      16.72686093
H       17.51538003       3.39929765      16.30330227
H       17.19548341       3.59697685      13.75949094
H       17.03683314       2.53431256      11.89558006
