512
Lattice="17.7128441229 0.0 0.0 0.0 17.7128441229 0.0 0.0 0.0 17.7128441229" Properties=species:S:1:pos:R:3 pbc="T T T"
O       12.96075638       4.62393674       3.23971870
C       10.66276013       4.57676317       6.10666301
C       11.18384924       4.19008461       4.84375184
C       11.19221437       5.67904583       6.84942346
C       12.41789304       4.88017582       4.46333941
C        9.51486531       3.77203560       6.69449154
C       12.27572400       6.35471977       6.42915269
C       12.94485165       5.94578977       5.28868800
H       10.76434535       3.42730098       4.22646590
H       10.66008759       5.88832722       7.76810760
H        8.89362289       4.37174207       7.27483241
H        8.92011512       3.24728847       5.90779023
H       10.05035788       3.16945083       7.45931737
H       12.66525297       7.18892166       7.04383449
H       13.79849917       6.54673015       5.02857496
H       13.82162180       5.09194428       3.01781586
O        5.73412842       2.19960675       3.16088830
C        7.44434361       5.47581325       3.30186564
C        7.06779218       4.23976637       2.85393339
C        6.68060356       6.10912553       4.33037979
C        5.98263720       3.54217880       3.42940995
C        8.59784218       6.27988450       2.71613013
C        5.56251679       5.45414125       4.93591297
C        5.23839757       4.15387001       4.48979959
H        7.59440556       3.76368977       2.00389018
H        7.07935049       7.01736418       4.70007680
H        8.37017215       7.30275632       2.95992436
H        9.65262579       5.89473088       2.86798178
H        8.35433586       6.18272401       1.61243930
H        5.01194515       5.89341294       5.71546264
H        4.41829798       3.59563195       5.04127697
H        6.22529308       1.79049302       2.45459680
O       16.59764995       1.21005455      11.64064992
C       14.60100388       3.09752546       9.06890626
C       15.65732504       2.75243148       9.94486068
C       13.33560683       2.52845121       9.30000026
C       15.54936760       1.69031572      10.88517394
C       14.71903549       4.13806222       7.99179715
C       13.23323052       1.47259729      10.23903951
C       14.29018483       1.07511450      11.00385563
H       16.66267344       3.21130821       9.89636444
H       12.50119184       2.82731669       8.70040405
H       14.18617616       4.98097708       8.38054260
H       15.70369710       4.46448595       7.81967872
H       14.25249990       3.82913523       6.99102143
H       12.32682128       0.98065577      10.46697391
H       14.21319130       0.24179903      11.68998661
H       17.43757633       1.59299838      11.39642560
O        3.17355029       1.63376469      10.64377415
C        2.47479305       1.94100542       7.00645422
C        2.40370061       2.02789347       8.41392315
C        3.74425837       1.46042042       6.46060956
C        3.34123202       1.51080948       9.30057616
C        1.32941556       2.36643026       6.05451388
C        4.68366436       0.93707592       7.40826540
C        4.48617406       0.93067999       8.75561969
H        1.53116037       2.53320366       8.78366599
H        3.94399087       1.38763573       5.37526744
H        0.85015957       3.24080561       6.42158017
H        1.66867383       2.61607995       5.06099655
H        0.63590114       1.54497949       5.88764849
H        5.54104288       0.45160942       7.00363687
H        5.26656549       0.56354492       9.40789869
H        4.03745163       1.47525445      11.03778900
O       11.47462517       8.05772230      10.69303823
C       14.06640870      10.49439861      11.80078070
C       12.78930801       9.97374278      11.38651203
C       15.20815869       9.81544228      11.41307138
C       12.72103128       8.70366438      10.86949269
C       14.14547598      11.90552269      12.43016439
C       15.20474495       8.59662555      10.71286639
C       13.97113489       7.96988307      10.56721973
H       11.85889426      10.45052385      11.64148420
H       16.20538521      10.19750459      11.68490144
H       15.18521969      12.26092912      12.41701412
H       13.57477469      12.68048902      11.91552467
H       13.88628570      11.81462239      13.49193143
H       16.17135373       8.24861681      10.31332658
H       13.92934290       7.00642320       9.97752034
H       10.70223325       8.50454618      10.91048621
O       14.74979713      14.51566044       1.76829865
C       14.79486070      16.64501551       4.75187222
C       14.70953581      16.16870180       3.42144244
C       15.07441116      15.68753998       5.75607819
C       14.93030664      14.87292060       3.06636343
C       14.46139694       0.37456651       5.13199219
C       15.41249820      14.32219195       5.36493343
C       15.29717237      13.94995488       4.02940727
H       14.54507326      16.87574683       2.66356835
H       14.91648016      15.89823182       6.83650226
H       15.31867049       0.99428853       4.83767112
H       13.53909413       0.78667619       4.64372461
H       14.32550966       0.44892348       6.17954171
H       15.53650524      13.49877145       6.04957687
H       15.43667568      12.90954101       3.71382002
H       14.33375962      13.67451957       1.76334099
O        0.43601577      11.09289736       2.48917462
C        3.40361863       9.75463638       4.15373214
C        2.30943886       9.85798457       3.23646246
C        3.82152565      10.84414733       4.99395889
C        1.52206472      10.97580110       3.35415282
C        4.21928089       8.49953244       4.22590459
C        3.07069350      12.04238233       4.90176921
C        1.88384736      12.10016853       4.12255252
H        2.05342123       8.98898521       2.69857967
H        4.73154697      10.80735392       5.53767367
H        4.67471509       8.29658941       3.20535590
H        4.94376294       8.40493746       5.04147601
H        3.52903915       7.70802818       4.37763466
H        3.20672439      12.88874468       5.52056425
H        1.34890245      13.02263751       4.04724612
H        0.40655992      11.94928021       2.09078816
O        0.36842916       6.56263480      10.95242555
C        1.89369118       8.33895183       8.08359725
C        1.08344170       8.07628947       9.21658986
C        2.92271102       7.47170712       7.72940252
C        1.12801274       6.82522533       9.78964336
C        1.58088244       9.64067818       7.33207245
C        3.09163166       6.29578380       8.37530241
C        2.04393435       5.91527294       9.29474348
H        0.31876332       8.72743909       9.49831352
H        3.58918210       7.72551027       6.95499346
H        1.63849363       9.39723882       6.37338985
H        0.61557563      10.04722685       7.39633900
H        2.31402236      10.39506200       7.46457169
H        3.78991140       5.51311959       8.08016765
H        1.96307983       4.90066566       9.65518779
H        0.70114186       5.85765496      11.49604996
O        1.04234315       2.92730159      11.80728037
C        0.68710416       5.20643797      14.72906510
C        0.39787806       4.39688596      13.62993421
C        2.03827763       5.25755558      15.20138797
C        1.36260293       3.74962748      12.86056769
C       17.39500439       6.06280425      15.37795185
C        3.04967043       4.65079894      14.44965819
C        2.71794928       3.95564784      13.23687795
H       17.11428665       4.21593790      13.27604873
H        2.35948847       5.83698912      16.06534445
H       17.45278209       7.01172899      15.00431167
H       16.43462961       5.74603129      15.24701873
H       17.50649961       6.17953997      16.52481301
H        4.07030451       4.81563233      14.76070907
H        3.52073352       3.54926932      12.63826022
H        1.73741067       2.86857645      11.20646656
O        7.56800290       0.29644744      12.21622042
C        4.47932421      16.75378829      13.83240524
C        5.33575385      17.30977896      12.92490326
C        4.93491804      16.41389956      15.14989583
C        6.68230367      17.59448600      13.22621896
C        3.16455818      16.32128287      13.31163762
C        6.24473737      16.86365156      15.47596991
C        7.16605944      17.49020073      14.59072130
H        5.07061692      17.23273853      11.89300175
H        4.24696076      15.86131377      15.88425459
H        2.78119736      17.25503727      12.92833737
H        3.35041839      15.56310481      12.51949583
H        2.52011176      15.96545253      14.08452915
H        6.55507720      16.72982452      16.52629701
H        8.10892142      17.63719136      14.90714581
H        8.42869569       0.52884077      12.52057149
O       17.70311593      10.01561181      13.65235777
C        2.96841351       8.57165616      15.28316357
C        1.64605906       9.13756417      15.05875979
C        3.65392363       8.14348538      14.12194449
C        1.18318823       9.30759365      13.76304857
C        3.47138619       8.30720489      16.66833610
C        3.22199195       8.43059227      12.85484898
C        2.01202565       8.94714465      12.64429700
H        1.06746640       9.32381564      15.97748678
H        4.68478445       7.80338286      14.23947129
H        2.82404835       7.57382425      17.16594849
H        4.54043638       7.96750923      16.66827516
H        3.43541206       9.04467142      17.48534697
H        3.79367880       8.23691975      12.01960429
H        1.75592877       9.19907848      11.66355367
H       17.13907261       9.88664571      14.38362899
O        8.50002924      14.45322103      10.11741459
C       10.52100078      16.75888942       8.09962173
C       10.07718780      15.53738330       8.59006024
C        9.87006429       0.21522075       8.20708258
C        8.89281229      15.53749908       9.38543863
C       11.78340760      16.66391515       7.26633075
C        8.61004682       0.16377267       8.82307892
C        8.03006423      16.67990840       9.35925269
H       10.70313410      14.65435336       8.61731362
H       10.34938218       1.14755042       7.81889495
H       11.73601276      15.81796721       6.68483816
H       11.78385323      17.55675826       6.57975004
H       12.63802040      16.63382468       7.87336061
H        7.98392333       1.05791913       8.88225797
H        7.07329667      16.71957682       9.82868392
H        7.66832926      14.57812276      10.51411465
O       10.72752742       9.14655992       0.24917641
C        7.54918117      10.25222666       1.96429816
C        8.89729838       9.86653422       1.78314680
C        6.59734060       9.79894395       1.00151787
C        9.35517512       9.30831347       0.57768772
C        7.08304064      11.10585033       3.16210981
C        6.97538470       9.19572856      17.47482065
C        8.35231903       8.98463954      17.29122200
H        9.56147729      10.14237039       2.57587395
H        5.55418548      10.14655857       1.09366974
H        7.77825372      11.94341084       3.34722518
H        6.11096874      11.52448915       3.09582336
H        7.01517184      10.39749765       3.96988182
H        6.38064204       9.02224748      16.57460877
H        8.55709626       8.64749127      16.32651509
H       10.96395785       9.63474842      17.16587813
O        9.84901550       1.48667349      12.91732190
C       11.77525979      16.00318441      12.69506210
C       10.72284690      17.01334108      12.49680752
C       12.91855306      16.28607255      13.43399246
C       10.81899082       0.53257385      13.17471815
C       11.59818513      14.62999972      12.08707420
C       13.03270632      17.54120880      14.05604167
C       12.00334420       0.78271265      13.93777443
H        9.93847289      16.70049507      11.87561175
H       13.87667005      15.76403573      13.44497429
H       11.46902205      13.87703156      12.80152868
H       10.63890574      14.61285204      11.50984845
H       12.47798736      14.40888503      11.43016955
H       13.88084399       0.13704066      14.69514287
H       12.03860905       1.73923180      14.51865649
H        9.99867898       2.23696886      13.51490747
O       15.82223476      10.08932112       3.75235460
C       16.85242779       7.24332456       5.81393568
C       16.78743286       8.05765079       4.61609598
C       15.99154750       7.41276511       6.98180644
C       15.91960643       9.20195074       4.72055529
C       17.56730169       5.97635489       5.85494497
C       15.00756228       8.49371689       6.93908714
C       14.99693165       9.34421822       5.84451075
H       17.50255706       7.97720192       3.81069453
H       15.96893111       6.63868731       7.76916546
H       16.93145417       5.07603436       5.72800644
H        0.68953844       6.11100630       5.14292186
H        0.24267665       5.87851302       6.85367409
H       14.38956325       8.61705433       7.78454137
H       14.37990938      10.24750250       5.81367990
H       16.66093805      10.35327497       3.34615445
O       12.67904289       9.87237090       2.31458135
C       11.97548573      11.14494041       5.77642832
C       12.39908013      11.03682376       4.41312562
C       11.30910746      10.03867962       6.29554047
C       12.15815799       9.90163716       3.61028336
C       12.17905096      12.46156233       6.56332592
C       11.01650980       8.94791482       5.41342650
C       11.39025177       8.88256959       4.08982294
H       12.89648637      11.87014710       4.00864490
H       11.26473112       9.98967825       7.33827016
H       13.24836371      12.79610011       6.50043309
H       11.54442497      13.32342298       6.32601749
H       12.01147805      12.24809954       7.60399951
H       10.56447635       8.18584076       5.96836158
H       11.18223770       7.94854460       3.56290651
H       12.27324396       9.18653210       1.77827154
O        9.67390123       3.83790488      14.76001005
C        6.17835973       3.43876028      15.94980465
C        7.38118650       3.20589498      15.19542747
C        6.08301094       4.57028677      16.79168617
C        8.46031217       4.08028966      15.30111068
C        5.07513114       2.38642247      15.89853393
C        7.16815761       5.53471506      16.76024326
C        8.32452279       5.24401821      16.11179518
H        7.45205003       2.31918817      14.51086458
H        5.20239850       4.77017812      17.34163391
H        4.20426253       2.68424679      16.50733241
H        4.69551971       2.23310885      14.92774340
H        5.45934552       1.51364951      16.45651094
H        7.09882392       6.37631606      17.39415510
H        9.15825870       5.92817039      16.11415253
H       10.33395263       4.05591175      15.38946569
O        7.04740714       0.78530827       1.23047160
C        3.85040720      16.69090283       1.30837462
C        4.73169906       0.07810284       1.25524040
C        4.22508315      15.49187215       1.79012730
C        6.07859454      17.56484254       1.40950122
C        2.35126585      17.12186842       1.06476437
C        5.61639316      15.20511407       1.96006850
C        6.54086224      16.25094684       1.67094636
H        4.33470752       1.05710886       0.96684981
H        3.51861649      14.67557503       1.91067956
H        2.12116147      17.37442925       0.01736290
H        1.70804061      16.23161172       1.13273316
H        2.00405103       0.14824283       1.78823476
H        5.89028374      14.18480123       2.22774084
H        7.61960046      16.01938091       1.72336417
H        7.80289705       0.34894753       0.82963123
O       11.54004681      10.66964542      15.53233004
C        9.11330538      10.21500912      12.80904751
C        9.99978645      10.84807859      13.67482158
C        8.95103872       8.83235164      12.85546584
C       10.76414531      10.08063310      14.56000059
C        8.17222453      11.01236624      11.91980782
C        9.74897657       8.07330451      13.71629572
C       10.70443509       8.71601633      14.58838873
H       10.07391416      11.95253838      13.59177151
H        8.22585826       8.38409864      12.21307384
H        8.30031375      10.68675635      10.93748440
H        7.20274276      10.83057840      12.15717299
H        8.29711891      12.06253494      12.11299123
H        9.80236007       6.99480341      13.63394131
H       11.21942225       8.27661933      15.43351315
H       11.61179417      11.60350072      15.43187522
O       15.11341203       8.09334431       1.55382712
C       14.87364251       8.59435889      15.59833503
C       14.74334551       8.00593170      16.86426737
C       15.20221887       9.96133947      15.45971578
C       15.15048562       8.72252800       0.30000987
C       14.46997200       7.73924052      14.39606696
C       15.64825125      10.66048471      16.63303858
C       15.67536994      10.00535354       0.16799257
H       14.55762309       6.97289703      17.06179715
H       15.21392983      10.28010111      14.42193771
H       13.99695787       6.78579228      14.69711661
H       13.82952160       8.34150013      13.80263301
H       15.36640579       7.65014539      13.75326226
H       16.04036269      11.69843715      16.56037357
H       15.95961897      10.57242422       1.04232934
H       15.11358483       8.73061942       2.23800676
O        8.02930094      12.96377807       7.77720221
C        6.06966113      10.04800260       8.84558729
C        6.67052484      11.31311906       8.78765887
C        6.30908154       9.13482679       7.71719472
C        7.43854627      11.72744624       7.68571478
C        5.18711327       9.68192082      10.07594974
C        7.08316077       9.62408970       6.63197816
C        7.68475421      10.92501633       6.62356637
H        6.65268584      11.97015723       9.62385225
H        5.89433730       8.18437196       7.49256823
H        5.06101998      10.42061184      10.87002102
H        4.07457373       9.45266292       9.72889509
H        5.54243675       8.81804500      10.63792860
H        7.14152768       8.91788117       5.83953596
H        8.17479335      11.39915220       5.76217493
H        8.02399143      13.44068313       8.61993447
O       17.54768108      13.64541781       1.60606363
C       17.70285192      13.38665299      15.51264601
C       17.25544695      13.76679887      16.82064394
C        1.22780468      12.78235023      15.39448102
C        0.30900519      13.39942614       0.31497687
C       16.83110206      13.59885569      14.29294827
C        2.03767629      12.56086675      16.55481067
C        1.54065799      12.81096794       0.11295602
H       16.25957776      14.17641013      16.91475572
H        1.52831287      12.52056485      14.43910321
H       17.20970812      12.87410998      13.56687351
H       15.85510915      13.30976054      14.60586597
H       16.87621912      14.58419939      13.79195207
H        3.06165232      12.18118088      16.52807889
H        2.26253704      12.67482307       0.89313264
H       16.78501141      14.21368748       1.56998755
O        0.88812220      14.85549330      11.75873493
C       16.41597069      12.78844544       9.72117047
C       17.60664332      13.27517085      10.29773967
C       15.23766689      13.56732238       9.70183190
C       17.56430720      14.52317210      11.00482642
C       16.45169717      11.59138401       8.89790040
C       15.22896664      14.76538111      10.37895071
C       16.38514263      15.27885771      11.03464761
H        0.80703516      12.64895518      10.25087205
H       14.47426127      13.21544262       9.10261608
H       16.84818387      11.77114289       7.88319403
H       17.13629158      10.91688071       9.29036979
H       15.52780381      11.16596054       8.80892926
H       14.37338472      15.42906470      10.46275403
H       16.41050100      16.19449980      11.57560042
H        0.75265700      15.58944408      12.32139522
O       13.50740398      12.26702544       1.22054077
C       10.31177100      13.03236016      17.30484511
C       11.26930433      12.66154747       0.55946238
C       10.76969964      13.65367471      16.12341625
C       12.62712512      12.81278909       0.33993388
C        8.84649994      12.79360311      17.56737931
C       12.13570913      13.84137421      15.92347778
C       13.10072814      13.43958252      16.87633823
H       10.92994946      12.19167592       1.43828473
H       10.11715580      13.99745955      15.44588987
H        8.61937223      13.00744242       0.89938514
H        8.33013491      13.39576289      16.89114667
H        8.53359260      11.76294009      17.38020354
H       12.46607607      14.34782682      14.99482466
H       14.14946047      13.39897987      16.58125128
H       13.27328349      11.44089431       1.54714837
O       11.82754938       5.18494446      16.49824860
C       13.81484776       4.05784679      13.64102464
C       12.74101948       4.53159508      14.34048923
C       14.67166514       3.14426362      14.21457458
C       12.66846458       4.39634128      15.72217121
C       14.05702266       4.56211539      12.23605502
C       14.47117132       2.74505229      15.57124338
C       13.56273726       3.42431522      16.33113469
H       11.97371706       5.13026102      13.84227048
H       15.58602449       2.77465351      13.79766093
H       13.74484281       3.71244853      11.61593848
H       13.34603411       5.41822800      11.95418151
H       15.03344978       4.98548136      12.10286374
H       15.13146019       1.91525405      15.86423249
H       13.60893553       3.27677334      17.35811856
H       12.34008705       5.37751751      17.25252870
O        4.93777078      15.42451275       7.59480061
C        1.34137226      15.70414851       7.03190623
C        2.54580476      15.58884465       7.74901337
C        1.30743686      15.92197183       5.67352151
C        3.73257068      15.57087837       7.00350237
C        0.06593579      15.74700686       7.80880194
C        2.49915971      15.97620579       4.91183570
C        3.73661883      15.73129686       5.54869308
H        2.55535107      15.41005655       8.84564190
H        0.38005429      15.79610066       5.16479448
H       16.96420037      15.04118602       7.59750312
H        0.24482776      15.80913598       8.87947752
H       17.46625858      16.77622940       7.59579207
H        2.44198598      16.16314731       3.84480246
H        4.61170765      15.61521621       4.95984319
H        5.71954203      15.52385459       6.98236281
O       12.82554591       1.76525394       2.62273113
C       10.78306273       0.37969339       0.06639929
C       11.77366557       0.44787906       0.97410305
C        9.97954967       1.42871571      17.36586205
C       11.91738108       1.65135003       1.61934604
C       10.52665732      16.72051357      17.13578863
C       10.17324205       2.67886699       0.20958567
C       11.11428496       2.78683770       1.23140601
H       12.31136043      17.27747203       1.17230732
H        9.26981801       1.28603508      16.55825610
H       10.20944746      16.63404032      16.08741164
H       11.47494361      16.22013576      17.33729329
H        9.85019643      16.14685837       0.02074695
H        9.48836545       3.51463454       0.01615976
H       11.20450728       3.78471161       1.70305213
H       12.87628374       2.70843616       2.73260926
O        7.20542005      14.98352044       6.07572292
C       10.24374579      15.55181717       4.20963815
C        9.34555424      14.95660029       5.12164605
C       10.03378402      16.73816174       3.54384105
C        8.16197598      15.62930802       5.40208555
C       11.57540900      14.88808823       3.96577565
C        8.83879750      17.38100335       3.82443900
C        7.89241517      16.83985026       4.69741014
H        9.51871623      14.00860111       5.60209298
H       10.90944585      17.21619776       3.07693998
H       11.37844028      13.92235681       3.68419187
H       12.19335360      15.34263430       3.18523585
H       12.20919855      14.80915510       4.86291903
H        8.66632666       0.67531186       3.53348940
H        7.01367224      17.29806181       4.85754074
H        7.56465339      14.13398072       6.24535233
O        5.51836357      14.71242316      10.20188802
C        5.33999093      12.96757481      13.42158588
C        5.78507533      13.84257583      12.42734950
C        4.23722853      12.10972714      13.27146315
C        5.11367995      13.83217450      11.18072970
C        6.12139553      12.75855776      14.68477042
C        3.51814826      12.12102439      12.06300276
C        3.91151765      13.03436347      11.03306489
H        6.61752762      14.50063777      12.64818865
H        3.91509289      11.41071002      14.06327240
H        7.10047406      12.28705838      14.48699072
H        6.30997053      13.74033459      15.06868415
H        5.67976636      12.21677411      15.47229555
H        2.62667547      11.53525427      11.88112896
H        3.36224749      13.09087179      10.07887152
H        4.92855324      14.82892430       9.45512631
O        6.05060541       2.78163168      11.64432037
C        8.70797748       5.00366527      10.66785205
C        8.03371829       3.92462247      11.26743338
C        8.03367002       5.95871586       9.87348073
C        6.68972078       3.84221534      11.10063782
C       10.21630367       5.14774547      10.83293796
C        6.64237600       5.85394002       9.67608221
C        5.91357051       4.75813761      10.28132304
H        8.59559513       3.40684551      11.87970954
H        8.62259718       6.76637544       9.45222959
H       10.80548960       4.40284340      11.32203758
H       10.78296706       5.10988692       9.89315184
H       10.39538110       6.12046301      11.31321175
H        6.27389965       6.65047907       9.05689190
H        4.86563307       4.72346883      10.10869675
H        6.73182326       2.10409487      11.94836717
O       15.34079602       5.46290894       2.22982882
C        1.31571749       4.54940048       2.42489820
C        0.13168063       5.34688089       2.22272335
C        1.22438273       3.15633280       2.65453953
C       16.54177940       4.73498355       2.30373839
C        2.66997473       5.19688340       2.51695370
C       17.69455394       2.59270049       2.65368179
C       16.47823164       3.33642653       2.54369940
H        0.32745087       6.39571187       2.15299716
H        2.04168153       2.53379420       2.82707104
H        3.36919533       4.46321149       2.03307988
H        2.67272886       6.24331655       2.25943576
H        3.07636088       5.07435745       3.51409106
H       17.61798754       1.56341194       2.84888926
H       15.59929971       2.77626689       2.67989478
H       15.39954879       6.32855902       1.91575381
O       17.69892912      17.23648147      13.42007900
C       16.80415381       0.17719264      16.86926214
C       16.84809929      17.26711081      15.61433782
C        0.00236840       1.24597372      17.16582620
C       17.68206882       0.07965091      14.60716572
C       15.66961870      17.57308175       0.14281644
C        0.87549954       1.71565679      16.20645856
C        0.93502531       1.10795247      14.92438761
H       16.16238007      16.46779660      15.31478710
H        0.14190384       1.63542921       0.48508536
H       14.89062272      17.04433307      17.29888650
H       16.03304983      16.89431596       0.91559924
H       15.20434824       0.84389417       0.47419203
H        1.53722524       2.55820478      16.49783492
H        1.64661160       1.47299971      14.24779191
H       17.33279558      17.68262913      12.66839092
