512
Lattice="17.7128441229 0.0 0.0 0.0 17.7128441229 0.0 0.0 0.0 17.7128441229" Properties=species:S:1:pos:R:3 pbc="T T T"
O       11.79511103       5.39938616       3.73020577
C        9.19562752       4.16137426       6.07647896
C        9.85661145       4.33195852       4.82376206
C        9.49917827       4.97548345       7.18941985
C       10.90326533       5.33649360       4.80304151
C        7.98900720       3.21836424       6.26838553
C       10.48337320       5.96444136       7.13023078
C       11.19118394       6.08091746       5.91884670
H        9.53922838       3.90942362       3.87963323
H        8.98744450       4.73801264       8.06260905
H        7.88838117       2.61448351       5.33454276
H        8.08551134       2.59049489       7.21151417
H        7.02456696       3.62908013       6.41711235
H       10.79574943       6.39722557       7.98627918
H       12.02784893       6.75464353       5.85386171
H       12.66293566       5.42042565       4.10159750
O        5.84579691       3.54500844       3.07274444
C        7.97506199       6.27772449       2.09722926
C        7.42640364       5.01299879       2.07732857
C        7.36756796       7.31541928       2.79830669
C        6.26707464       4.81893123       2.87532338
C        9.22598463       6.54952393       1.35028911
C        6.24558979       7.10404917       3.61869706
C        5.64900083       5.81406602       3.58821536
H        7.98775554       4.31101460       1.55890518
H        7.77193286       8.31656289       2.62504851
H        9.14669436       7.49213389       0.83634766
H        9.96927417       6.56149429       2.13938888
H        9.41302369       5.76997802       0.69477730
H        5.65461884       7.95981009       3.99171315
H        4.68418259       5.64846400       4.12383701
H        6.36656733       2.95610834       2.55694185
O       15.79520454       1.41803768      10.59141753
C       14.17460966       3.95551613       8.33612034
C       15.15005059       3.33517154       9.22220334
C       13.15374789       3.14334473       7.78728246
C       14.94048274       1.98496374       9.58418665
C       14.37500461       5.44240207       8.03388840
C       12.99073478       1.75797413       8.13222109
C       13.93323539       1.20965839       9.02428686
H       15.84905911       3.99027470       9.64560528
H       12.55307984       3.63258910       7.04153369
H       14.07471751       6.10644155       8.83815030
H       15.45838819       5.70268443       7.83891974
H       13.86873487       5.66449891       7.11200687
H       12.06028097       1.21921247       7.82111978
H       13.83309280       0.18834246       9.41131866
H       16.59857249       1.95734755      10.79983324
O        2.80590533       2.80704772      10.15715437
C        1.35985827       3.36396712       6.88909728
C        1.57634759       3.35306582       8.27271605
C        2.38829281       2.80041251       6.07086736
C        2.71389434       2.72062377       8.81799153
C        0.22629941       4.11572486       6.27495370
C        3.55047295       2.17732826       6.63774455
C        3.66403123       1.97524728       8.04536593
H        0.89832292       3.94359032       8.92416727
H        2.23664483       2.97040287       5.02211328
H       17.05928850       4.24049502       6.89847387
H        0.62431759       4.99140494       5.88065267
H       17.42930799       3.72945092       5.36474402
H        4.33056498       1.86834622       5.92568664
H        4.55820008       1.68423694       8.52125971
H        3.72223476       2.67331139      10.36775610
O       13.97252942       8.02019418      10.59873880
C       16.75841397       9.58049292      12.46272096
C       15.45276565       9.33447849      12.01382390
C        0.09675985       8.67453772      12.17069439
C       15.19162992       8.29430689      11.13420069
C       17.10643885      10.80552423      13.35486113
C       17.54661235       7.59577640      11.30852745
C       16.29159141       7.45487051      10.80307237
H       14.58063457       9.92961228      12.16897333
H        1.08474786       8.74955237      12.53587885
H        0.52028262      10.91990309      13.54802685
H       16.66179449      11.70440558      12.98022088
H       16.61658585      10.75727399      14.31005465
H        0.60263791       6.87941695      11.06724355
H       16.13881196       6.60642247      10.14465035
H       13.27987957       8.63456914      10.83109499
O       15.63802040      14.30355159       2.87802066
C       15.32896993      17.14947018       5.20234704
C       15.92345182      16.09522986       4.47894124
C       13.99393968      17.47842772       5.03468332
C       15.08530017      15.30955436       3.65504993
C       16.19590345       0.34139525       6.12036072
C       13.16881679      16.67079116       4.26254369
C       13.66794281      15.55937309       3.51619151
H       16.94598430      15.91442500       4.68919592
H       13.64086173       0.69750379       5.55919193
H       15.91176698       1.32769840       5.90585631
H       15.99760855       0.03304617       7.18751689
H       17.15184211       0.17451955       5.77501122
H       12.19913065      17.08987286       4.06234961
H       12.96137458      14.93226006       3.07152177
H       15.17960972      14.40944922       2.04020054
O        3.21816845       8.24844573       1.80986612
C        1.93102168       4.89159243       2.11837326
C        2.76965363       5.96263784       1.74783170
C        0.69906661       5.13681387       2.77553883
C        2.34712091       7.26258091       2.07070678
C        2.50222235       3.55020657       1.88395830
C        0.20385146       6.41638082       2.91275089
C        1.11548620       7.44300727       2.68411419
H        3.79397528       5.83416256       1.32686094
H        0.16602858       4.28817321       3.07108621
H        2.93378408       3.32654636       2.84241894
H        1.68321352       2.82608105       1.67755261
H        3.37659917       3.45676027       1.16603557
H       17.01976619       6.51523719       3.46433266
H        0.72034387       8.48716255       2.92031966
H        3.18154131       9.02462129       2.31644962
O        3.11317907       7.06209291      10.91729395
C        4.12349535       8.49687890       7.72476531
C        3.87487098       8.41102796       9.10171152
C        4.40539929       7.33799421       6.94441267
C        3.72694017       7.09776230       9.68372611
C        4.11650422       9.81721426       7.01387069
C        4.30234574       6.01043169       7.50391804
C        3.96518804       5.97484549       8.89915489
H        3.64809148       9.35720451       9.62254088
H        4.61060221       7.49540950       5.90241582
H        5.00133133      10.27935497       7.14947952
H        3.91294857       9.77594069       5.98858359
H        3.36251559      10.43256120       7.48478554
H        4.54368622       5.07830869       7.06930460
H        4.04623422       4.99201348       9.39066345
H        3.36399221       6.38865278      11.43399856
O        0.32308343       2.62203670      11.21859282
C       16.46784435       5.01129023      13.52937238
C       16.63849368       3.97318426      12.60994313
C       17.57910142       5.59964083      14.17510735
C        0.22410208       3.58519056      12.17067359
C       15.10531380       5.42718987      13.97106379
C        1.16718058       5.24177633      13.74286870
C        1.35572109       4.24132909      12.74026669
H       15.80983991       3.36378980      12.36539686
H       17.59726464       6.22990636      15.02462964
H       14.40437040       4.58606869      14.14402032
H       15.22217315       6.04042162      14.85211656
H       14.75279293       6.01207134      13.09881586
H        2.07443871       5.60430508      14.27406532
H        2.31468408       4.02420388      12.38322380
H        1.28381812       2.61250746      10.93706244
O        6.56406208      17.37003818      12.37552714
C        3.93594073      15.30266145      14.10724052
C        4.63149675      16.00649716      13.08282767
C        4.64420680      14.91422793      15.23843731
C        5.98272540      16.49191543      13.27235338
C        2.53299807      14.83803636      13.93944698
C        6.02300486      15.26260321      15.41830495
C        6.62020312      16.02742156      14.44529525
H        4.12042720      16.34686957      12.21273603
H        4.18057654      14.34255503      15.98384971
H        1.87074578      15.44823584      14.48667829
H        2.09084788      14.78170606      12.89064870
H        2.31765942      13.92142156      14.47892554
H        6.61962194      14.80876467      16.11999976
H        7.62997851      16.30889720      14.66129911
H        7.42908775      17.67537540      12.65848466
O        2.77613486       7.67706095      16.81894044
C        6.39135929       7.82650225      15.55278212
C        5.21071182       7.57655018      16.42901942
C        6.21513297       8.10355257      14.19450499
C        3.89191992       7.71848391      15.96891074
C        7.79236532       7.79917974      16.15969185
C        4.88720905       8.20265078      13.72386356
C        3.77492690       7.91950672      14.56516596
H        5.49463604       7.44183619      17.47635195
H        7.01884371       8.36263526      13.57978381
H        7.82942311       6.83640036      16.64834724
H        8.59733971       7.77501243      15.42212213
H        7.97700128       8.55145425      16.91575601
H        4.51611035       8.49045828      12.82897645
H        2.72119762       8.00167097      14.19392565
H        2.98872434       7.61436807       0.04777416
O        8.59389099      13.42615122       9.77671647
C       10.04345394      16.24126181       7.74367048
C        9.87160529      14.99781681       8.36287914
C        9.19594440      17.26712952       8.12171053
C        8.76256494      14.72008889       9.22554464
C       11.10302420      16.26917238       6.63763782
C        8.17220714      17.02594974       9.06267557
C        7.88227677      15.74380511       9.52731834
H       10.46164786      14.20722750       7.95204707
H        9.37232306       0.49430159       7.65583651
H       12.04127480      15.66298917       6.97502365
H       10.59781833      15.75987898       5.85287562
H       11.35455758      17.29862433       6.37680061
H        7.44874637       0.07669779       9.36191584
H        7.10706661      15.41616769      10.19575556
H        7.89207425      13.31464514      10.48842112
O        9.57383141      11.78237946      16.69663917
C        7.50342343      11.77001210       2.10025791
C        8.28543543      11.25310026       1.01578303
C        7.24564404      13.11879675       2.19532721
C        8.67036520      12.17674885      17.70628675
C        7.14648756      10.86075225       3.30545142
C        7.60702171      14.03161519       1.11667374
C        8.27594554      13.52854355      17.70584329
H        8.42659843      10.17120724       0.95295540
H        6.64314976      13.52305573       2.98649022
H        6.31041859      10.10548058       3.11921856
H        8.09832270      10.32057780       3.42395800
H        6.95355277      11.48863111       4.20459106
H        7.22386875      14.99185454       1.17873814
H        8.49017042      14.16924693      16.89334344
H        9.71956836      12.45511441      16.01980066
O        8.81029921       0.59341142      14.12181619
C       11.60302636      17.42514229      11.86385492
C       10.37452282      17.33036821      12.55909682
C       12.59612418       0.65971381      12.23662173
C       10.03856563       0.55424799      13.54622620
C       12.00945181      16.34364350      10.94648163
C       12.25462406       1.50831181      13.36402923
C       10.98134549       1.46211826      13.96995137
H        9.71104449      16.57839396      12.19046894
H       13.52388908       0.66971322      11.78581814
H       13.04725625      15.99237172      11.11154274
H       11.30255243      15.56296723      10.92351316
H       12.03403568      16.63993877       9.92310315
H       12.98637756       2.21115249      13.76598783
H       10.92911481       2.25364843      14.71370228
H        8.68041686       1.46442013      14.55639875
O       14.92677814       8.65345132       3.92657159
C        0.07975761       8.76781036       6.16991982
C       16.65480027       8.30323976       5.54556252
C        0.38925671      10.14569448       6.05704080
C       15.95039672       9.14148952       4.65736564
C        0.91712472       7.72507615       6.82203312
C       17.39265248      11.04014257       5.23684713
C       16.27896044      10.50512110       4.53054302
H       16.34789661       7.34043430       5.65107888
H        1.21717283      10.42623151       6.55349229
H        1.40475779       8.06442621       7.71718322
H        0.28537854       6.90388756       7.14774075
H        1.77541886       7.32604005       6.18490674
H       17.62192149      12.12398880       5.20568162
H       15.77287641      11.15590552       3.80864564
H       14.67333592       9.23989225       3.23929671
O       10.99424423      13.00021207       1.98697447
C       12.44822960      11.19531199       4.91057147
C       12.05621416      12.28001614       4.02284787
C       12.25269211       9.82790947       4.54498042
C       11.43591462      11.95104632       2.81937919
C       13.24956542      11.63170419       6.16033958
C       11.74354347       9.54708476       3.29044901
C       11.20405677      10.58796800       2.52158922
H       12.24522459      13.34965936       4.36371681
H       12.57003996       9.04949457       5.27499842
H       12.80065128      12.22309649       6.90411405
H       13.65165948      10.66911663       6.54693800
H       14.03978098      12.23730250       5.75213814
H       11.63178508       8.49723878       3.00188696
H       10.68096121      10.45429459       1.58377685
H       10.12218312      12.94257561       1.68269011
O        8.24911898       2.95688415      15.22315267
C        4.64720762       2.35545014      15.16705084
C        6.05086084       2.17936425      14.98957815
C        4.21138141       3.48003633      15.90277832
C        6.93815593       3.13935338      15.46969036
C        3.68031089       1.49904600      14.39634684
C        5.12043488       4.35319226      16.55267353
C        6.49191122       4.11137522      16.33472639
H        6.30546626       1.35711548      14.35454024
H        3.13891853       3.71546839      15.89153886
H        3.43042763       1.79256059      13.38415975
H        4.15948439       0.58907301      14.35955971
H        2.81461325       1.31095620      15.03566613
H        4.78253745       5.16420419      17.12483458
H        7.13732724       4.76542561      16.87250683
H        8.82631267       3.55196358      15.74517924
O        6.36351212       1.77785689       1.13196865
C        3.47915998      17.50023043       2.37483908
C        4.32016878       0.89832568       2.10371973
C        3.84001164      16.30158401       1.69628944
C        5.52416823       0.76900959       1.37344571
C        2.25936254      17.58772971       3.31565751
C        4.91080855      16.19465029       0.82995819
C        5.81764670      17.29009885       0.68082044
H        4.14091560       1.84330569       2.58693720
H        3.19550825      15.45213148       1.87830582
H        2.46184465      17.31561442       4.36680403
H        1.91049918       0.90721782       3.18438153
H        1.44285707      16.96559574       2.93038215
H        5.27806815      15.26421981       0.42473950
H        6.64455169      17.14883669      17.65721849
H        6.56389131       1.84010814       0.21485024
O       10.54634453      12.96326716      14.40315398
C       11.46854973      11.52293362      11.29190407
C       11.50831361      12.27653891      12.46304712
C       10.56417653      10.42269700      11.14275566
C       10.53364262      12.03050879      13.39305354
C       12.46855073      11.86018472      10.25876802
C        9.65304421      10.14326158      12.19798390
C        9.58860437      10.96342401      13.31971094
H       12.11056495      13.15581216      12.51914617
H       10.62382363       9.97720775      10.17289854
H       13.38729040      11.41917488      10.50826053
H       12.30050456      11.51669346       9.26500633
H       12.61827694      12.94798192      10.14003768
H        8.87149181       9.43654551      12.05427318
H        8.88247819      10.87881994      14.09470656
H       11.47782856      13.29323615      14.47953025
O       14.34373036      10.55810963       1.74937090
C       14.09909780       9.80777864      15.90959187
C       13.82230467      10.33501154      17.17516119
C       15.15860500       8.88645253      15.71470958
C       14.61297017       9.99529189       0.55014538
C       13.18553209      10.20482545      14.82105566
C       16.03131121       8.59246240      16.79042173
C       15.77222148       9.14921420       0.32837252
H       13.04974532      11.07473126      17.40027167
H       15.36812429       8.71907280      14.71824031
H       12.25281337      10.53910192      15.22151716
H       13.57034389      10.93401397      14.21727280
H       13.00532929       9.32973155      14.14926777
H       16.92750937       8.10479175      16.63690264
H       16.57987013       8.97875892       1.00473610
H       14.01291987      11.42635845       1.51162075
O        8.94901742      12.34167375       7.25699849
C        7.91714129       9.12206008       8.41398489
C        8.24306698      10.49184014       8.42875537
C        7.95490651       8.36684027       7.16524318
C        8.79863138      10.99784703       7.30581216
C        7.36147904       8.57501326       9.72412612
C        8.59066144       8.90258114       6.04368681
C        9.05067999      10.24332236       6.18514005
H        8.12545456      11.15743380       9.31591232
H        7.63421096       7.40049855       7.16420815
H        6.38620661       8.09422512       9.68807918
H        7.95539135       7.81264228      10.12409593
H        7.28942485       9.33421609      10.57391340
H        8.75351384       8.22821068       5.20539893
H        9.55644434      10.73052334       5.33753709
H        8.76192858      12.80118646       8.09346151
O        0.56963407      13.98545582       3.74050505
C        1.92337641      11.63786110       1.23323961
C        1.01994010      12.53360453       1.85365584
C        3.21390495      11.35162944       1.77300081
C        1.42043903      13.12572864       3.06996491
C        1.54254713      11.14142179      17.56931478
C        3.56131135      11.98307852       2.95230138
C        2.71358858      12.89574609       3.57664523
H        0.13126788      12.68405292       1.34783249
H        3.90246680      10.66130732       1.40041480
H        0.67614096      10.38073050      17.66631588
H        1.14212477      11.95536891      17.05810901
H        2.45252967      10.82099675      17.04675475
H        4.51623656      11.78583266       3.51237606
H        3.01530569      13.31695866       4.53774729
H       17.33792646      13.75675173       3.59692638
O       16.98619431      15.27261541      12.67533415
C       16.98482180      13.20554161       9.55603596
C       17.26906112      13.66251519      10.90257486
C       16.19767349      14.00048431       8.69165160
C       16.71087537      14.90474108      11.40321839
C       17.55373333      11.89027298       8.99411336
C       15.70206056      15.18951245       9.23604573
C       15.90373603      15.64062582      10.57165285
H        0.24440129      12.96279795      11.47378742
H       15.86725973      13.68177184       7.79380597
H        0.16584564      11.23064268       9.76947591
H       16.81725831      11.40030633       8.38882969
H        0.70756316      11.99897207       8.35187510
H       15.14194052      15.76686872       8.48685286
H       15.44485768      16.51153878      11.04338075
H       16.36924957      16.04743273      12.86570285
O       13.69310602      13.05841002       0.94654174
C       12.90683616      14.66116205      15.56969474
C       12.75034431      14.08577785      16.76326273
C       14.09797782      14.54980325      14.74126246
C       13.85858257      13.47823574      17.38000630
C       11.82235580      15.54904480      15.00404402
C       15.14478710      13.79937128      15.25106559
C       15.02109104      13.26318795      16.58011491
H       11.86410822      14.24424496      17.30151524
H       14.22679811      15.12600011      13.80815895
H       11.86713158      16.56996710      15.31956177
H       11.79342428      15.43730587      13.86705875
H       10.88801581      15.25074722      15.25135938
H       16.03797325      13.68827781      14.63652020
H       15.91201601      12.69186569      16.80486416
H       12.80253460      13.21540768       1.39868450
O       10.07322343       4.06035095      16.71336195
C       11.67857524       5.99799726      13.98348250
C       10.82358950       5.10748348      14.69278475
C       12.64197997       6.72408545      14.68369679
C       10.99126775       4.86001956      16.05631621
C       11.44477323       6.20864485      12.47505530
C       12.84385386       6.48687635      16.05591124
C       11.99943377       5.57563974      16.76662524
H        9.98442690       4.70912981      14.08423844
H       13.26827200       7.24679988      14.02460387
H       10.85046838       5.29487842      12.25143008
H       10.97863778       7.11325326      12.11030395
H       12.35286944       6.23067739      11.88449403
H       13.60124255       6.92471530      16.58485809
H       12.20341827       5.34552080       0.11405587
H       10.21621290       3.94046187      17.62461059
O        5.36318937      13.22255275       8.57478636
C        2.45198232      15.43830975       9.17230734
C        3.67863876      14.73898605       9.31923064
C        1.64295219      15.10304488       8.08966371
C        4.13939144      13.84434254       8.41209199
C        1.99490331      16.57428464      10.11909272
C        2.11340765      14.17622477       7.16226041
C        3.33664162      13.57529647       7.27047864
H        4.28566227      15.01776267      10.15084512
H        0.68289718      15.59936960       7.88913484
H        1.27416080      17.20731261       9.65758359
H        1.43787798      16.04687227      10.91439150
H        2.83603136      17.24172208      10.48549384
H        1.60070174      13.94942879       6.23772860
H        3.75446468      12.98272253       6.50810970
H        5.89462916      13.18715977       7.78548966
O       11.09752565       3.58811727       1.36614880
C       12.93570460       0.55337341       0.61281178
C       12.64743565       1.88177254       0.96895312
C       11.83073141      17.42704349       0.40306242
C       11.32414205       2.32224881       0.99863708
C       14.31911373       0.09708298       0.18669774
C       10.51399523       0.17533507       0.44775554
C       10.21576206       1.49011071       0.70769336
H       13.41498365       2.57323281       1.13018355
H       12.04075703      16.40645057      17.70171015
H       14.67452355       0.81953426      17.20969634
H       14.92009037       0.09596196       1.07347588
H       14.38795303      16.77019003      17.60304596
H        9.69717021      17.17512039       0.35314909
H        9.19138759       1.70339679       0.85750807
H       11.57383031       3.90488654       2.12375841
O        6.74116851      13.29415476       6.16032097
C        8.26351698      16.11880620       4.34011324
C        8.11210790      14.84315877       4.90028401
C        7.31513666      17.12518201       4.48686859
C        6.91415101      14.54171146       5.56827864
C        9.53209855      16.22785281       3.46897564
C        6.07441220      16.84970078       5.18907176
C        5.88727883      15.49996437       5.66589371
H        8.99556793      14.14152746       4.84498720
H        7.30048302       0.32039430       3.95219293
H        9.21954684      15.96810285       2.39454981
H       10.02114082      17.14604265       3.55078481
H       10.26283294      15.48224866       3.73105708
H        5.16338720      17.46175477       5.26946375
H        4.95897072      15.29816981       6.15919802
H        7.51001733      12.83814088       6.32647114
O        6.34198368      12.62214502      11.04440667
C        4.84236195      11.74674979      14.31725234
C        5.72157622      12.30047751      13.36031946
C        3.58262957      11.22048580      13.90861558
C        5.39508610      12.23668709      11.99835346
C        5.31913995      11.53540765      15.72531765
C        3.24355240      11.25539868      12.56560537
C        4.18760959      11.70095862      11.57875954
H        6.65939419      12.76104375      13.70070095
H        2.97151278      10.63124233      14.57322787
H        6.31752882      11.09844154      15.76795201
H        5.20177662      12.42828194      16.37036500
H        4.66020925      10.69605753      16.07016684
H        2.33063904      10.87552590      12.21534189
H        3.93534194      11.74168164      10.56305273
H        5.76771477      12.87321494      10.32470731
O        5.02966096       1.83114309      11.22649524
C        8.21898196       3.70080024      11.08120531
C        7.24009165       2.72251725      10.81959662
C        7.79328258       4.89869450      11.80325599
C        5.93155159       2.81572928      11.30950223
C        9.63901892       3.46520746      10.76639106
C        6.48686912       4.95129413      12.34086352
C        5.55239223       3.95171300      12.04633478
H        7.70772434       1.79738255      10.40579000
H        8.56267567       5.61892866      12.11685889
H       10.22958910       3.09870762      11.62848745
H        9.69588385       2.67732270       9.96097438
H       10.04064749       4.37827345      10.31993521
H        6.36021267       5.58032405      13.24346980
H        4.58662518       4.01540214      12.47681734
H        5.44108792       0.97251901      11.40970773
O       14.47217864       5.99795959       4.21642159
C       15.57422537       4.05711172       1.29576972
C       14.99928945       5.14621312       2.00751360
C       15.86540692       2.81721414       1.91392111
C       14.85511948       5.00430265       3.38548067
C       16.00381317       4.21924918      17.51878062
C       15.72001555       2.67685493       3.28992546
C       15.22662834       3.76754329       4.04156230
H       14.65828495       6.03844814       1.46470359
H       16.24809478       1.99262205       1.29115347
H       15.65258729       3.36034585      16.96818418
H       15.59770029       5.08314728      17.03819941
H       17.08872356       4.19706775      17.47605554
H       16.00354593       1.73139568       3.72877552
H       15.20986513       3.66536253       5.14281498
H       14.69168201       6.94317316       4.01772701
O       16.28043030       0.00053017      13.64301756
C       17.67519925      16.79447546      16.88996055
C       17.11603071      16.65172361      15.61793247
C        0.44431074       0.30910534      17.36937958
C       16.87151892       0.11297562      14.89148590
C        0.09140807      15.49747734      17.67896478
C        0.34875897       1.48007128      16.58295059
C       17.31812522       1.32770776      15.37527670
H       16.87022516      15.63901364      15.26753991
H        0.87519818       0.53667284       0.61906375
H        0.16480320      14.58943011      17.09219090
H        1.06934412      15.62681674       0.40776998
H       17.06943714      15.42871706       0.72628376
H        0.76888715       2.44184743      16.91444853
H       17.14600624       2.15828313      14.72499230
H       15.97247683       0.82066953      13.20518016
