512
Lattice="17.7128441229 0.0 0.0 0.0 17.7128441229 0.0 0.0 0.0 17.7128441229" Properties=species:S:1:pos:R:3 pbc="T T T"
O       14.16726938       2.90402903       2.69139343
C       11.98494572       2.87881376       5.63002899
C       12.59157913       2.43998517       4.44160885
C       12.35537411       4.12240425       6.15437194
C       13.51356617       3.23308147       3.77768276
C       10.99426288       1.96544654       6.35336750
C       13.21702873       4.94061734       5.42517016
C       13.88055695       4.43016587       4.28847487
H       12.24725920       1.48734616       3.98120398
H       11.77437244       4.40380029       6.99543311
H       11.22319861       1.85367952       7.40604855
H        9.98359581       2.28019626       6.37765077
H       10.89647794       0.93169381       5.95886337
H       13.40673364       5.96721886       5.80037140
H       14.77248623       4.91412899       3.82622347
H       14.70664753       3.60871700       2.32767373
O        4.47597007       4.59307244       4.74087645
C        8.03262673       4.06457070       4.14122186
C        6.62575624       4.07612993       3.97446838
C        8.56957651       4.16401426       5.47442358
C        5.77305464       4.30589457       5.01011424
C        8.96170454       3.82334001       2.91717900
C        7.68064454       4.28087308       6.50450686
C        6.30349184       4.34009585       6.32411053
H        6.12334170       3.97612423       2.99801271
H        9.62533022       4.20184470       5.62672823
H        8.46136079       3.48522605       2.11655116
H        9.46936063       4.72354414       2.76707560
H        9.70131016       3.08038825       3.20836173
H        8.18658569       4.34388299       7.43205185
H        5.78097912       4.50815033       7.25684145
H        3.96628631       4.63279710       5.48469033
O       16.32811317       2.54880152      11.89156028
C       14.79988115       1.84702234       8.60715616
C       15.63889918       2.37187173       9.58953335
C       13.63534646       1.12054861       8.97962222
C       15.36175384       2.13414340      10.91968413
C       15.14599344       1.82990269       7.12849600
C       13.31987436       0.90627149      10.31688561
C       14.24759541       1.35254411      11.32437823
H       16.48084506       2.88173522       9.26347738
H       12.87558702       0.79486950       8.26686109
H       14.47812546       1.28602888       6.51885731
H       15.10634640       2.83810714       6.73693102
H       16.11733188       1.44815905       6.97535716
H       12.50503275       0.30230289      10.59930667
H       14.14206083       1.06512920      12.31528467
H       16.83748042       3.26822737      11.50382997
O        3.64964230       2.55643577       8.68364829
C        2.37526298       1.08970014       5.61979906
C        2.43310022       1.59919564       6.97008381
C        3.57364424       0.94574202       4.88330766
C        3.64299042       1.90272837       7.53957406
C        1.05771998       0.86710376       4.94537030
C        4.78792335       1.19269119       5.53764733
C        4.80413112       1.59847834       6.87662134
H        1.54764583       1.90078074       7.44863705
H        3.58172557       0.69427353       3.88692889
H        0.87092995      17.51318224       4.78538034
H        0.22808014       1.30374904       5.49456284
H        0.87691807       1.59555763       4.11132312
H        5.68647593       0.93007678       5.03012299
H        5.75112404       1.76850358       7.46426461
H        4.43986686       2.48892426       9.22725572
O        9.80866905       9.92346913      11.77125715
C       12.82990665      11.25433369      10.45714928
C       11.45512973      11.06985163      10.69461263
C       13.76311046      10.13058431      10.59349418
C       11.05377917       9.87593425      11.29727602
C       13.44640295      12.56765980      10.06985767
C       13.25554885       8.84198879      10.97826927
C       11.89375946       8.74420697      11.34698765
H       10.84605608      11.92154592      10.79774098
H       14.82409200      10.20089152      10.47282331
H       12.82416771      13.53053524      10.20037266
H       14.31962810      12.73228415      10.66675948
H       13.84136625      12.52890814       9.09572113
H       13.91743980       7.98674417      11.10861696
H       11.52035430       7.77649724      11.66260243
H        9.22735451      10.52211786      11.34811928
O       15.88520131      12.83937717       2.41477500
C       15.15837322      16.00894773       4.21916468
C       15.02943594      14.97442276       3.22615963
C       16.31151860      16.04524552       5.06385894
C       16.01342843      13.91568587       3.20210301
C       14.04244367      17.03831884       4.21152544
C       17.32556682      15.06766468       4.88547946
C       17.22294635      14.00911928       3.95342425
H       14.15502358      14.87538639       2.56730503
H       16.42030400      16.67110487       5.88225872
H       14.48396236       0.26052018       3.83249179
H       13.25054439      16.73546659       3.56234536
H       13.60394415      17.12218721       5.17103511
H        0.46805901      15.09784374       5.43444511
H        0.32926898      13.36913135       3.90561178
H       14.93895287      12.72344006       2.29422127
O        2.31514444      10.44742897       3.70011017
C        5.58236686      10.46543544       5.36240984
C        4.47657189      10.00270494       4.73590440
C        5.82772804      11.86111438       5.52278430
C        3.50418957      10.94783912       4.26663481
C        6.77052097       9.49030928       5.72188564
C        4.88940354      12.77330075       4.93187839
C        3.67904445      12.31146466       4.40805854
H        4.30424990       8.92581125       4.55393024
H        6.77656485      12.16703006       5.91120797
H        7.42665285       9.90163635       6.49527015
H        6.35336552       8.64367090       6.25010788
H        7.48192890       9.23609832       4.90514074
H        5.04155941      13.84531678       5.06932402
H        2.93433789      12.97956142       3.97428084
H        1.68800292      11.11627602       3.41640693
O        1.91066519       4.53449843       9.07805945
C        1.53063488       8.07133397       7.93148330
C        1.57792728       6.93281789       8.82224266
C        2.08009481       8.07744842       6.69767425
C        2.05322289       5.70056213       8.34764833
C        0.86822433       9.30219561       8.51608534
C        2.37187797       6.81405309       6.19065478
C        2.41460238       5.65653978       7.00534819
H        1.05991671       6.92650620       9.80402090
H        2.13161361       8.95701935       5.98463798
H        1.46983072       9.95048772       9.12935664
H        0.63823418       9.81386028       7.56418896
H       17.65980725       9.10000964       9.01762736
H        2.76167393       6.66524767       5.16876091
H        2.76549804       4.70624344       6.70311302
H        2.57524735       3.85639199       8.95309777
O       17.66004078       4.64076496      10.88946971
C        0.40633681       6.13121385      14.14039627
C       17.65894379       5.92308452      12.82449932
C        1.56031772       5.50812179      14.58364379
C        0.53125269       4.97667526      12.06983622
C       17.23733577       6.90340484      15.11178888
C        2.22280041       4.57559462      13.76926170
C        1.73414400       4.37760361      12.46131435
H       16.81677184       6.56251171      12.43828056
H        1.96340283       5.56103085      15.57116948
H        0.12268913       7.46130046      15.85818524
H       16.60817275       7.68344130      14.57994898
H       16.59046406       6.13896698      15.59762281
H        3.12435336       3.97089007      14.06276706
H        2.15135736       3.61414180      11.87226051
H        0.59515638       4.75869038      10.18396057
O        7.40337895       1.01687432      12.35024933
C        4.32709080       0.45929078      14.36124642
C        5.17122685       0.98682374      13.39684857
C        4.82513443      17.18164550      15.26201194
C        6.56916377       0.61399816      13.36305850
C        2.83326787       0.91419289      14.48597582
C        6.19899049      16.83378464      15.31699576
C        7.02465022      17.45266763      14.31468030
H        4.67800088       1.58696777      12.64414985
H        4.17075589      16.77752073      15.94434328
H        2.62118431       1.68014968      13.79174224
H        2.21653613       0.01715888      14.30614536
H        2.80307756       1.25613079      15.52533213
H        6.49402764      16.32289769      16.24602725
H        8.02461612      17.11302213      14.24061203
H        8.23515315       1.31326782      12.85303162
O       16.92999090      13.12901519      13.62088110
C        1.32648064      10.15993631      13.83824489
C        0.77011948      11.36617378      14.18107856
C        0.83585542       9.42568514      12.70988409
C       17.50891022      11.95032724      13.31621528
C        2.44168759       9.63834002      14.64059229
C       17.61987264      10.04768184      11.91111482
C       17.12638252      11.28875403      12.16070755
H        1.30483709      11.81038154      15.03437014
H        1.19733983       8.50663852      12.32470542
H        3.27932597      10.32287974      14.61745515
H        2.17137742       9.42055092      15.74174586
H        2.69434232       8.66770020      14.14746894
H       17.24266604       9.47835193      10.96392357
H       16.45850736      11.62856961      11.39987400
H       17.07813745      13.83081524      13.04948964
O        8.85767764      13.80792003       9.76312240
C       11.59074552      13.87555224       7.25859432
C       10.58098317      13.35669966       8.14428857
C       11.68015740      15.27379665       7.09649158
C        9.73181597      14.23933204       8.85547536
C       12.47738934      12.92562623       6.46649681
C       10.85909696      16.18560097       7.77034282
C        9.85037264      15.65790738       8.65238065
H       10.45883151      12.29548753       8.38754184
H       12.45613295      15.62140974       6.43716001
H       12.84244586      12.17199306       7.14220854
H       11.89605507      12.58071893       5.62836552
H       13.30916452      13.49510503       6.04386925
H       10.96509643      17.23283685       7.63013335
H        9.21367766      16.30344654       9.20165836
H        8.64757046      14.48896241      10.34655499
O       10.65433064       8.39775851       0.44553046
C        7.69118469      10.57689270       1.13239499
C        8.96080276       9.93955123       1.29520726
C        6.82633282      10.06445118       0.17771898
C        9.42289390       8.95547847       0.38177239
C        7.38391423      11.91791128       1.82767441
C        7.27235154       9.06608394      17.01510218
C        8.56279200       8.56400295      17.03024711
H        9.63496312      10.42745889       2.03618531
H        5.87180277      10.55518937      17.66342980
H        7.89817662      11.86084471       2.82073735
H        7.78000594      12.80885334       1.31999678
H        6.32509487      12.11651116       1.93725968
H        6.59157223       8.73641477      16.20322525
H        8.78182457       7.78212914      16.37273361
H       10.93073559       7.72356515      17.51455512
O        9.31336631       2.08684080      13.84067155
C       11.36021562      16.83727406      13.04837164
C       10.30928925       0.06576031      13.07860162
C       12.41945228      16.97032713      13.91526425
C       10.36076359       1.23035408      13.89131796
C       11.17257305      15.52787710      12.20779222
C       12.46020117       0.37594104      14.79474028
C       11.43133431       1.36374240      14.76042506
H        9.45138654      17.53714252      12.37153834
H       13.20872153      16.28453212      13.96332798
H       10.84424655      14.73040279      12.88929233
H       10.32077221      15.57649612      11.46861627
H       12.03910224      15.11717731      11.66194144
H       13.22054752       0.48741812      15.48290538
H       11.35367626       2.17646053      15.44791195
H        9.11222842       2.59337141      14.66602732
O       16.99856316       8.30972113       3.45633758
C       15.88086995       8.01370929       6.96954123
C       16.47818714       7.73441576       5.72657446
C       15.34586126       9.30212165       7.09486507
C       16.44638575       8.61779142       4.62114226
C       15.90875912       6.99971524       8.07082571
C       15.33999477      10.25821375       6.03461683
C       15.80756672       9.86018456       4.81421069
H       16.91775369       6.78427119       5.67017021
H       14.88002514       9.66459524       7.97550182
H       15.32115645       6.14639898       7.85619252
H       16.87024481       6.58774782       8.23975678
H       15.68529967       7.45471720       8.97781033
H       14.85515983      11.21264687       6.16740470
H       15.83279813      10.57266325       4.01113367
H       17.60340107       7.59906427       3.48402003
O       12.53197006       9.43933275       2.94393876
C       11.22039646       8.63533263       6.32093888
C       11.98748870       9.30133729       5.29745492
C       10.17817681       7.71017425       5.96033546
C       11.75773301       8.92561675       3.94587847
C       11.47241897       9.01767432       7.75332711
C       10.18342887       7.26087694       4.63944718
C       10.91918493       7.85453287       3.61845433
H       12.68677060      10.06703873       5.61751069
H        9.46989525       7.11668602       6.60100349
H       12.41517360       8.61704712       8.06305454
H       11.63601760      10.04458828       8.04722983
H       10.72319936       8.63050925       8.44284367
H        9.44615128       6.57606813       4.24605947
H       10.79245897       7.55358423       2.62207784
H       12.56802117       8.95368538       2.10163802
O        8.83078687       4.09127819      15.87023298
C        5.40632937       4.17206417      17.19811438
C        6.50398303       3.90835766      16.36605695
C        5.51992277       5.15790589       0.43527422
C        7.70768320       4.50899816      16.55895736
C        4.12550267       3.43583395      16.93423512
C        6.73499270       5.89255375       0.60620828
C        7.85041373       5.55473143      17.55323957
H        6.30303453       3.14939619      15.70308025
H        4.69468775       5.53623601       0.99499184
H        3.73158185       3.53309746      15.92114339
H        4.34864471       2.39544470      17.00382795
H        3.39926178       3.57532697       0.05250172
H        6.68863363       6.78957481       1.22357510
H        8.71600828       6.04979009      17.67551078
H        9.52208878       4.74514221      15.78131274
O        6.19461114       1.55865108       1.07224664
C        3.43409213      16.99446304       1.75285688
C        4.11499679       0.46682040       1.40722595
C        4.13131754      15.80457080       2.01523099
C        5.52184874       0.38687483       1.34574598
C        1.94467053      17.01189194       1.64903920
C        5.51612439      15.75092819       1.87030586
C        6.22674382      16.91315553       1.62264464
H        3.59247198       1.40800189       1.30096029
H        3.62796379      14.95463523       2.31436204
H        1.51662153      16.45822248       0.77742404
H        1.39767449      16.64867902       2.50051662
H        1.51651435       0.29758931       1.66384104
H        5.96280982      14.77036714       2.24892137
H        7.27578442      16.79915741       1.71019229
H        5.62774053       2.31229028       0.89809484
O        9.41615998       8.05565489      13.74045926
C        5.88557786       8.54383939      13.02585919
C        7.26254593       8.78629617      13.07248094
C        5.32373961       7.27536370      13.32534051
C        8.08820711       7.79576822      13.50712007
C        5.01080995       9.71213658      12.57179307
C        6.26315985       6.24171762      13.58309416
C        7.63907126       6.50730761      13.66371208
H        7.56472476       9.80027430      12.80347072
H        4.25367517       7.10697318      13.25949665
H        3.93243141       9.46879697      12.35447503
H        5.07393889      10.54008616      13.32564789
H        5.34982906      10.15383756      11.67678800
H        5.92094112       5.24722525      13.78926143
H        8.38401433       5.72355595      13.93503567
H        9.60604997       8.60230020      13.00178498
O       15.02308337       7.84974958       1.69040460
C       14.47367966       9.29807074      16.11369227
C       14.32684156       8.39778102      17.20920640
C       15.45227864      10.33152209      16.09082252
C       15.12732290       8.67397980       0.67928306
C       13.71290737       8.91392864      14.84165838
C       16.29777877      10.45320070      17.16274914
C       16.16491032       9.60915997       0.60563861
H       13.68502589       7.53448627      17.29667922
H       15.49290779      10.94877833      15.19230071
H       12.72164646       8.68138202      15.06567175
H       13.67601392       9.75877825      14.04983532
H       14.18748049       8.07983142      14.35117029
H       17.08363868      11.20399771      17.06104159
H       16.96286853       9.76807840       1.31041350
H       15.62387900       8.13977984       2.33313402
O        8.28980570      11.20051181       9.89605126
C        4.60927226      11.02147328       9.31068070
C        5.91899928      11.57239933       9.45556510
C        4.49828194       9.66252230       9.20785762
C        6.99289719      10.72758428       9.66659721
C        3.36711066      11.87880406       9.15009147
C        5.60477911       8.77622804       9.23088750
C        6.85595959       9.32981642       9.43834075
H        6.00590283      12.58619137       9.66317621
H        3.61583821       9.16017646       8.92921898
H        3.06099643      11.89701272       8.04911191
H        2.63554640      11.61040506       9.84343788
H        3.63075326      12.88526826       9.33064266
H        5.50547847       7.77205183       8.95624766
H        7.70932463       8.67381968       9.41421881
H        8.38551742      12.18558250       9.78393232
O        1.04378313      12.18403988       1.94868199
C        2.23627340      13.98677013      16.72260181
C        1.33275822      13.51262365      17.68701397
C        3.62614607      13.81793976      16.86969032
C        1.75696097      12.67274202       0.97259036
C        1.62007470      14.89699860      15.63370455
C        4.08418592      12.89655917       0.07823889
C        3.16542179      12.32619477       0.97517301
H        0.28971859      13.71180247      17.66199664
H        4.24933854      14.27844164      16.11341854
H        0.57825404      14.65055517      15.40571268
H        1.67869969      15.96181395      15.97479423
H        2.18939123      14.94916036      14.67662105
H        5.09429113      12.65192325       0.08155315
H        3.45673344      11.57026062       1.62628178
H        0.13536338      12.41483326       1.89038518
O       16.90340000      15.38183225      12.13479876
C       16.62700215      13.60429366       8.89634330
C       17.02534005      13.97238705      10.20916699
C       15.56945705      14.37039621       8.28051177
C       16.42986744      15.07713491      10.87622819
C       17.20502520      12.33324703       8.23843730
C       15.00036622      15.50080283       8.99006561
C       15.50447677      15.91224085      10.21406887
H        0.11997565      13.54545394      10.66506114
H       15.28497403      14.17318246       7.31286512
H       16.35512176      11.57021317       8.21665798
H       17.70234789      12.28948305       7.33581779
H        0.27290103      11.98449538       8.93017121
H       14.19437393      16.04349806       8.52874262
H       15.11878419      16.79580712      10.73863749
H       16.54786298      16.12624375      12.63894780
O       13.25532209      12.41948166       2.07820599
C       11.94572000      11.80792640      16.37661606
C       12.13765271      11.62635676       0.09026400
C       12.60940002      12.87385228      15.71648495
C       12.97972087      12.52560000       0.76676146
C       10.77057421      11.06962324      15.58150067
C       13.62553561      13.58553552      16.33176586
C       13.74263939      13.41550496       0.02226416
H       11.59383836      10.81767922       0.60285528
H       12.36705919      13.01512266      14.71357698
H        9.87637287      10.71560602      16.16134874
H       10.22720784      11.74259190      14.84472907
H       11.05181356      10.16324585      15.07899292
H       14.37340036      14.25842279      15.98415854
H       14.52838130      13.96613220       0.53718913
H       12.89225002      11.63049194       2.40976645
O       10.51872488       6.37746319      15.50578802
C       13.36073232       5.14564969      13.52081979
C       12.14189152       5.76860376      13.84330740
C       14.01752916       4.39872295      14.50984747
C       11.68353461       5.74539403      15.14353536
C       13.96837678       5.22634434      12.16971436
C       13.51479740       4.23782954      15.80774731
C       12.31509509       4.99399307      16.12396515
H       11.63082962       6.29997427      13.00695106
H       14.89835061       3.91218709      14.14679616
H       13.37975238       5.76445446      11.46381058
H       14.92977063       5.74539402      12.10852417
H       14.20448818       4.22923325      11.80249315
H       14.05819484       3.74153011      16.61098658
H       11.97188744       4.77714072      17.07981036
H       10.12172055       7.03780850      14.94204614
O        6.31169418      16.36986076       8.36588255
C        2.83680137      16.96751411       9.61802527
C        4.24681172      17.08497446       9.38651066
C        2.16070147      16.07547210       8.79144817
C        4.93670408      16.32852231       8.43494741
C        2.15892378      17.55010659      10.85264138
C        2.82388418      15.32283132       7.80253026
C        4.16747029      15.47822492       7.58612185
H        4.78034369      17.65558733      10.14626996
H        1.06253121      15.84747062       9.07579209
H        2.83831673       0.50618288      11.30373177
H        1.28444211       0.46154006      10.56127834
H        1.87807050      16.63180744      11.42412583
H        2.38216165      14.52168376       7.32326351
H        4.80107223      14.92857154       6.91688666
H        6.73321814      15.87988531       7.59847097
O       13.40431507       0.77407501       1.22307796
C       10.42497684      17.11732125      17.29711560
C       11.64398825      17.13828393       0.21603283
C        9.60416277       0.52809047      17.39133285
C       12.11819967       0.62304024       0.80525423
C        9.83025666      15.90046559      16.64008863
C       10.03722853       1.72734178       0.23447127
C       11.37712190       1.79171289       0.77883798
H       12.19312420      16.24779022       0.20564733
H        8.62056985       0.36159997      16.97921714
H        8.73402650      15.70080753      16.76569281
H        9.87186749      16.03400674      15.58503172
H       10.33696522      14.93452918      16.89741526
H        9.33023919       2.58220986       0.27110217
H       11.79605076       2.68658542       1.15971530
H       13.54432536       1.57380435       1.71283968
O        7.29263839      15.00063461       6.08603725
C        9.60078896      15.33710722       3.20922644
C        8.69234035      14.78697228       4.13435084
C        9.81751661      16.77650094       3.25869306
C        8.09890891      15.57611870       5.12112748
C       10.41623688      14.43575874       2.21831785
C        9.16838460      17.60666576       4.17382990
C        8.35708372      16.95702351       5.17677180
H        8.57984668      13.70897601       4.23886337
H       10.41823596      17.22014453       2.53225710
H       10.49836569      13.44542015       2.63674388
H        9.80146660      14.53411650       1.34627470
H       11.41223443      14.81913346       2.18329671
H        9.25194967       0.96264162       4.20340890
H        7.83126895      17.58737064       5.88717770
H        7.12329410      14.08919023       5.91190188
O        7.28684175      15.68205386      11.26498604
C        6.34311653      13.56256720      14.05330184
C        7.11080701      14.39511004      13.25253276
C        4.98621563      13.14586468      13.72937722
C        6.49480842      14.90612356      12.07120576
C        6.99828403      13.13870175      15.30506751
C        4.43483792      13.76979495      12.63049475
C        5.13531784      14.61140525      11.79615678
H        8.12287462      14.46598571      13.43080477
H        4.33531138      12.57217302      14.33641680
H        6.70214332      12.03098716      15.30556902
H        7.93938820      13.45354321      15.61060590
H        6.37752492      13.52960159      16.14770664
H        3.40809954      13.56706297      12.40397236
H        4.60372035      14.96911332      10.90345007
H        6.72392318      15.95189486      10.53813710
O        6.29407254       2.48219975      10.07917175
C        9.65034913       4.14385658      10.20434588
C        8.67388259       3.12418185       9.98183770
C        9.20453355       5.47258790      10.27528740
C        7.27153283       3.47093877       9.96935007
C       11.09087915       3.77116635      10.54265769
C        7.80459180       5.75383656      10.22838745
C        6.80298724       4.81619805       9.96980015
H        8.92251289       2.11916430       9.97172057
H        9.71231129       6.43121337      10.51962202
H       11.61981432       3.01436351      10.04732328
H       11.66262629       4.65437410      10.40218832
H       11.29021287       3.59517550      11.61477584
H        7.44553734       6.83365919      10.38114291
H        5.78566400       5.04915222      10.11985055
H        6.67363669       1.87045504      10.67393353
O       15.78552277       4.60884249       1.17947922
C        1.36156366       6.17777685       1.10127881
C        0.05331484       5.84752207       0.76738036
C        2.08127110       5.31177608       1.96470706
C       17.15788779       4.70828945       1.32348399
C        1.95690978       7.47132508       0.70539429
C        1.58414567       4.09397023       2.36549841
C        0.21883342       3.77924222       2.06574451
H       17.20088350       6.64566296       0.21733791
H        3.05672902       5.57126063       2.31781847
H        2.60548290       8.04066550       1.38412296
H        2.40060055       7.22359318      17.49961935
H        1.12883394       8.18594781       0.48849172
H        2.15516519       3.41215968       3.00212461
H       17.51072400       2.86058002       2.41232751
H       15.36809034       5.44372185       0.83339073
O       16.47667571       0.14275350      13.45693846
C       16.44749049      17.44764018      17.09769547
C       16.27351759      17.20532902      15.74290161
C       16.91721573       0.92177671      17.54289972
C       16.61493233       0.46340384      14.76191124
C       16.10558862      16.43248887       0.41657455
C       17.27501091       1.94589570      16.59863362
C       17.16020959       1.71773472      15.20599239
H       15.74309877      16.20938968      15.49030660
H       17.10992381       1.12698877       0.84906756
H       16.89088288      16.09283006       1.02584260
H       15.35269139      16.91122576       1.19001122
H       15.50410386      15.58165765      17.66925805
H        0.04606355       2.76693252      17.09884461
H       17.33516537       2.48770201      14.50629390
H       16.76994766       0.92158134      12.93207304
