512
Lattice="17.7128441229 0.0 0.0 0.0 17.7128441229 0.0 0.0 0.0 17.7128441229" Properties=species:S:1:pos:R:3 pbc="T T T"
O       11.54836747       4.03229565       4.10877982
C        8.71232875       4.07231374       6.42346948
C        9.45665825       3.73416597       5.27925766
C        9.29021116       4.74199468       7.52478582
C       10.74479819       4.20757425       5.19525018
C        7.29406216       3.60160948       6.56143811
C       10.67059092       5.09013948       7.46604395
C       11.37741942       4.84685252       6.29496790
H        8.96973794       3.13596768       4.53806202
H        8.67216343       4.82358079       8.35735881
H        6.87790579       4.16623303       5.73651196
H        7.21620838       2.52543225       6.37727853
H        6.93806188       3.97342334       7.53798253
H       11.10655206       5.59312026       8.35720060
H       12.38326902       5.24953737       6.29014818
H       12.47920202       4.11384926       4.21254707
O        5.60893352       3.48613806       3.23021651
C        7.96359362       6.13563537       2.23133456
C        7.22778716       4.95889494       2.19615250
C        7.56846451       7.17892622       3.16592883
C        6.13711391       4.74760590       3.02888051
C        9.08100825       6.32262489       1.29195304
C        6.50092439       6.94837559       4.05614126
C        5.73953917       5.72735828       3.94259699
H        7.53361197       4.20446502       1.54922499
H        7.97793679       8.18596820       3.09291879
H        9.27122429       5.46509220       0.61708899
H        8.82770542       7.16291705       0.68344253
H       10.03298675       6.53320354       1.88455298
H        6.27225617       7.63744306       4.82931357
H        4.89892513       5.58131258       4.57682356
H        5.73537554       2.92334030       2.43886390
O       16.45073694       2.69385424      11.30082446
C       14.53507448       2.42991315       8.23867919
C       15.58246456       2.69306090       9.09921125
C       13.31174197       1.92687652       8.72154004
C       15.42470328       2.46617189      10.45617502
C       14.75348394       2.66539958       6.73962643
C       13.11012921       1.61257460      10.03960707
C       14.26218055       1.73297476      10.87472749
H       16.46965750       3.08260236       8.70460477
H       12.53624280       1.82407104       8.02694926
H       14.56423998       3.72878468       6.59788338
H       15.65663262       2.40027414       6.15273161
H       13.79042801       2.37750397       6.19089776
H       12.19216513       1.26925313      10.39054274
H       14.18695828       1.46537242      11.92243727
H       17.19834096       3.08806335      10.97217225
O        3.28861710       2.70266133       9.50754380
C        1.63000202       3.60784748       6.41612634
C        1.86651056       3.28543718       7.78050775
C        2.59551481       3.24943323       5.42227994
C        3.11449078       2.85205547       8.18717631
C        0.27756414       4.18378285       5.98798392
C        3.88601551       2.72879904       5.86262311
C        4.19939088       2.62438810       7.22214105
H        1.10767435       3.55372560       8.52154755
H        2.35561293       3.33454665       4.45511440
H        0.30979269       5.24391437       6.23593607
H        0.05302405       3.94133871       4.90203993
H       17.17477746       3.84212833       6.64782416
H        4.70351361       2.50100899       5.09590234
H        5.17255883       2.40902420       7.56554176
H        4.10502265       2.21431048       9.65530519
O       12.91129705       8.48626185      11.90446058
C       15.46253909       9.94381312      14.14599788
C       14.18416017       9.48589097      13.64549909
C       16.55809779      10.05306590      13.25846559
C       14.00614064       9.10326142      12.28722483
C       15.65393689      10.20446761      15.66327230
C       16.36146379       9.71771882      11.86203685
C       15.07760895       9.26847777      11.41013843
H       13.37859416       9.29880069      14.28481728
H       17.54696069      10.33647789      13.53902235
H       14.68755631       9.94370795      16.17953527
H       16.46139001       9.57934054      15.94145905
H       15.81424535      11.21340472      15.84695790
H       17.19279874       9.83353941      11.21751867
H       14.93973298       9.06029242      10.39249180
H       12.40225748       8.31048342      12.65526596
O       16.24146028      12.69109393       2.98091360
C       16.79157543      15.71261629       5.06150723
C       17.00833550      14.48447859       4.42661130
C       15.53602910      16.30389202       4.96239777
C       16.01431061      13.91377074       3.61637406
C        0.16061311      16.38908657       6.05741420
C       14.48415108      15.71591177       4.15107388
C       14.78384793      14.56680947       3.49048138
H        0.25801901      13.91882738       4.53234283
H       15.38255400      17.30425450       5.35034777
H        0.12898820      17.52490419       6.04166282
H       17.61393026      16.00345595       7.02781899
H        1.17350038      16.03798968       5.79544667
H       13.56372782      16.21173611       3.83760157
H       14.08153155      14.06788935       2.87581393
H       15.45509100      12.15807465       2.88871701
O        2.17340893       9.54218979       0.61901849
C        2.64639150       6.18101637       2.13439720
C        2.61256176       7.24858455       1.19832152
C        2.29549552       6.50140369       3.49073464
C        2.11395898       8.52245330       1.54623486
C        2.98184022       4.73914561       1.75991625
C        1.95763459       7.79933022       3.87037717
C        1.78368378       8.80289898       2.89066737
H        2.99103180       7.15497904       0.19403711
H        2.17361949       5.65598888       4.22001357
H        2.22881886       4.27217003       1.03049321
H        4.00037155       4.69259988       1.24953240
H        3.01281094       4.07380637       2.64914158
H        1.88823195       8.03003841       4.92797659
H        1.54665862       9.81403326       3.18197747
H        1.89564339      10.37038477       0.91862984
O        2.25525676       9.49116644      11.02575872
C        3.38169918       9.25581421       7.54453680
C        2.97336386       9.76847845       8.75446386
C        3.37266973       7.88171630       7.30769604
C        2.62840634       8.95940324       9.87561333
C        3.72251810      10.23309027       6.39023939
C        3.18208976       7.02280749       8.40144400
C        2.80090385       7.54123421       9.67228999
H        2.89918526      10.80016661       8.71716802
H        3.62683110       7.51553060       6.32186438
H        4.60763869       9.85832721       5.83192576
H        2.98221510      10.43813239       5.58745732
H        4.10628346      11.12918301       6.77917535
H        3.23309189       5.97570348       8.19424435
H        2.53599011       6.77854385      10.32667182
H        2.22789637       8.86254855      11.80287907
O        1.08559679       4.27390302      10.69345740
C        0.29732558       5.91363241      13.88140061
C        0.13319301       5.44684282      12.59242873
C        1.59293310       5.75534279      14.45948663
C        1.20645436       4.76705596      11.92747791
C       16.86948733       6.54349754      14.59171120
C        2.66354996       5.09677012      13.82031114
C        2.48103587       4.60250975      12.55525045
H       16.94082374       5.52503662      11.97212148
H        1.85203765       6.22363559      15.42310264
H       16.29485318       7.31334366      14.04766125
H       16.13046461       5.80546084      14.89838961
H       17.29287576       7.03499223      15.46118377
H        3.66978739       4.93759432      14.29815689
H        3.22728720       4.01911451      12.13196850
H        1.87550385       3.82087330      10.30267353
O        7.11393915      17.61356269      11.93010596
C        3.82430203      16.74028894      13.43450829
C        4.67028173      17.20865073      12.40830757
C        4.32303473      15.95883935      14.44663955
C        6.04576181      17.12123146      12.63595097
C        2.30135416      16.80396933      13.32713111
C        5.67824419      15.89064579      14.72307880
C        6.58221480      16.39919492      13.77503293
H        4.33400000       0.03221230      11.61340045
H        3.69965956      15.47101413      15.16185002
H        1.85901361      17.04892726      14.30234189
H        2.10643442      17.53621644      12.59434666
H        1.93797969      15.83690914      12.93821727
H        6.02447111      15.34567516      15.56339187
H        7.66216024      16.30901800      13.95061285
H        7.89359213       0.17304003      12.41807871
O        2.41844204       8.49864777      13.46791196
C        5.21410758       8.51043397      15.87327412
C        3.89402984       8.73059120      15.30657379
C        6.22644020       7.96869135      14.98576017
C        3.68863235       8.31400503      13.95607397
C        5.49727452       8.83100366      17.36818685
C        5.97668633       7.47195626      13.67206858
C        4.76089046       7.74263247      13.10985188
H        3.06798650       9.09305320      15.92871849
H        7.12216211       7.78219095      15.47987776
H        6.57484053       8.97053232      17.47180045
H        5.15434787       9.86206505      17.55237843
H        5.11745799       8.04554139       0.31710175
H        6.82746774       7.08857032      13.14418051
H        4.56273298       7.30425887      12.14386802
H        1.76229647       9.00491803      14.06688070
O        8.73658901      14.78343806       9.02039174
C       11.04633145      16.92180939       7.27143145
C       10.51599054      15.75727416       7.83673793
C       10.36535661       0.47473673       7.36137294
C        9.20682823      15.83508318       8.39627547
C       12.30270169      16.73201277       6.40673565
C        9.03920219       0.55286126       7.96690007
C        8.52543547      17.08292194       8.56894810
H       10.94131397      14.81086498       7.84472976
H       10.83244555       1.30852593       6.78614133
H       12.95065396      16.02693189       6.80893830
H       11.90336871      16.14654104       5.54298824
H       12.82570566      17.59907844       6.14398506
H        8.57287982       1.53997335       8.12918930
H        7.60359201      17.18792906       9.09834343
H        7.88906466      14.99962300       9.32314648
O        9.07054553      10.30267931       0.25987247
C        7.04346952      12.31224140       2.48011158
C        7.70228570      11.19736078       1.97679289
C        6.90322626      13.56336651       1.86734722
C        8.38482338      11.33273689       0.77847879
C        6.40714900      12.00415132       3.85438494
C        7.52303382      13.72840894       0.65106282
C        8.29297309      12.61571981       0.17672093
H        7.70604192      10.20435690       2.44472231
H        6.32049010      14.29048619       2.32248696
H        5.37250923      12.30134962       3.89663905
H        6.29482837      10.97055671       4.17337758
H        6.90997127      12.57999349       4.60977814
H        7.54117408      14.68995127       0.13927312
H        8.79057046      12.69471281      16.91432010
H        9.47896702      10.53486392      17.15719250
O        9.31047557       0.54165787      13.42212032
C       11.79608408      16.10554550      11.80614939
C       10.53892364      16.74109106      12.14321376
C       12.92767857      16.51012378      12.52796624
C       10.49704947       0.00393347      13.12043218
C       11.81956448      14.89965798      10.90267040
C       12.92081418      17.54618411      13.45222739
C       11.71407631       0.41800433      13.79128525
H        9.64521979      16.42760411      11.67526915
H       13.85086094      15.94738888      12.47517283
H       11.87819598      15.28404818       9.87802062
H       12.59605274      14.17895800      11.10203080
H       10.79367363      14.40163673      10.98161762
H       13.91298856       0.10639965      13.92396485
H       11.70470420       1.25053050      14.49011206
H        9.43037358       1.25482179      14.04801727
O       14.79328640       7.39652230       4.74667107
C       16.22327278       6.92061452       8.02435759
C       15.38526689       6.72938736       6.93879156
C       17.34580285       7.82848078       8.02243188
C       15.65447474       7.48252977       5.80565976
C       15.99764040       6.13885503       9.27019108
C       17.59851238       8.57647179       6.86743791
C       16.68816950       8.40712171       5.75755067
H       14.54871838       6.14551806       7.04544975
H        0.25186710       7.90293210       8.89160494
H       15.30831245       5.29125697       9.16183005
H       16.99719284       5.77740439       9.50965503
H       15.57787000       6.69775816      10.08331692
H        0.77434164       9.16938238       6.74164213
H       16.86954670       8.95720248       4.83941294
H       14.70553421       8.24423722       4.33827698
O       10.65687840      12.16179230       3.00016538
C       12.08472252      10.36439776       5.96730928
C       11.89037922      11.40670951       4.98764180
C       11.45828681       9.16582113       5.74918318
C       11.01057191      11.16049606       3.88924401
C       12.88300107      10.50610075       7.23308660
C       10.67628132       8.86288573       4.59002724
C       10.47530084       9.86063933       3.62245156
H       12.32943650      12.41041647       5.10715843
H       11.57842005       8.36407461       6.46616519
H       13.30397829      11.51176502       7.36394663
H       12.28417177      10.48854811       8.08917650
H       13.63866170       9.77313382       7.33067017
H       10.15423420       7.91099442       4.41773494
H        9.87436827       9.72003023       2.73898417
H        9.76699357      11.94905685       2.72890721
O        9.09756521       2.80108041      14.88764478
C        5.53704666       2.96816045      15.83434598
C        6.76364479       2.48530464      15.34781244
C        5.44415655       4.29810289      16.28005833
C        7.94602766       3.22955440      15.36602438
C        4.26324766       2.10589959      15.80616261
C        6.63602798       5.05278434      16.47166540
C        7.87897728       4.55333800      15.85298135
H        6.70116934       1.50407884      14.87160127
H        4.49627611       4.75636007      16.60544175
H        4.02237161       1.71494556      16.74712218
H        3.35186919       2.56840062      15.38009362
H        4.43948133       1.23542241      15.18560340
H        6.57082671       6.16786722      16.78969583
H        8.65369427       5.25160213      15.70390873
H        9.77088544       3.45814563      15.00886754
O        5.64419668       1.89417838       1.15858699
C        3.65011879      16.86290179       2.49177420
C        4.38233399       0.33015829       2.32322406
C        3.85383993      15.89861812       1.42923513
C        5.15139864       0.62130346       1.19817379
C        2.81958208      16.58894412       3.73455408
C        4.70789882      16.16279772       0.33235619
C        5.35273581      17.37819932       0.16838393
H        4.33302660       0.96447720       3.21893703
H        3.27769036      15.00896501       1.58321620
H        3.14483328      15.70152986       4.25962912
H        3.08308259      17.35253658       4.47667600
H        1.72089871      16.60914415       3.67999256
H        4.89836947      15.41977676      17.30739339
H        5.86740075      17.44612939      16.86474160
H        6.09992444       2.19952220       0.31957864
O       11.36687634      10.85249004      15.76020192
C       10.31760983      10.42395436      12.27256285
C       10.94865823      10.96511827      13.38490571
C        9.62597681       9.24314227      12.37728860
C       10.80318842      10.34795404      14.65352058
C       10.29373637      11.24623986      10.99447176
C        9.47686353       8.61629880      13.63261063
C       10.17009543       9.16771591      14.74863707
H       11.48428045      11.86621350      13.16132662
H        9.08568238       8.75663028      11.53223405
H        9.71218493      10.89799108      10.20112830
H        9.98166109      12.21581802      11.31202502
H       11.30260940      11.32201047      10.54274479
H        8.82688966       7.74530767      13.70832796
H       10.10454982       8.63791899      15.71980015
H       11.83528178      11.60171762      15.55213806
O       14.42458530      10.21819026       3.54789414
C       13.75947943       8.15341386       0.62141803
C       13.53197243       9.01137761       1.70819867
C       15.04553765       7.94441235       0.11073558
C       14.64875404       9.56405913       2.33170081
C       12.58059400       7.52459561      17.66252088
C       16.15954799       8.51663711       0.69094630
C       15.95153425       9.34857711       1.82802478
H       12.54025666       9.20460567       2.18716745
H       15.13047511       7.21288493      17.04280185
H       11.73023812       7.61676186       0.64103898
H       12.24904898       7.97195711      16.70402483
H       12.82774421       6.43153965      17.63557598
H       17.12155555       8.47877893       0.22386697
H       16.74067644       9.89218297       2.22281014
H       13.51033641      10.38201245       3.76070325
O        8.06512345      12.89690059       7.21426853
C        6.89677350       9.87140586       8.94388388
C        7.26214408      11.18053076       8.72222404
C        7.18076688       8.89909532       7.99922389
C        7.85803759      11.54241114       7.55638562
C        6.15881553       9.43168830      10.12824843
C        7.92796055       9.12401427       6.84748702
C        8.17251972      10.55871453       6.53504523
H        7.00153480      11.90038953       9.41785599
H        6.78969320       7.86819371       8.32553483
H        5.76296379      10.27126595      10.69123563
H        5.27873849       8.80443844       9.87416910
H        6.86275993       8.94920276      10.76940542
H        8.20495256       8.28846143       6.16449088
H        8.62062415      10.93858650       5.53741170
H        8.19018370      13.52888110       7.96791337
O        1.19678110      12.56402816       2.19143753
C        1.39325951      13.06209664      16.24838093
C        0.82726237      12.94533535      17.54437258
C        2.78450575      12.87660068      16.04859564
C        1.69059033      12.69041342       0.92317961
C        0.56856281      13.35021300      15.03469426
C        3.62756125      12.51825415      17.11571404
C        3.09654345      12.53986780       0.73196550
H       17.49901488      13.10718762      17.58344682
H        3.23091746      12.95779863      15.02604861
H        1.10538671      13.93660736      14.24042940
H        0.28240539      12.39937347      14.64174562
H       17.37814581      13.91861355      15.37212944
H        4.68482162      12.31385565      16.92514706
H        3.72756363      12.30555763       1.57460530
H        0.25454184      12.47693236       2.13791635
O       15.82250474      14.62049460      12.14222844
C       15.97349919      12.70012936       9.04730019
C       15.95127070      12.96833539      10.44882686
C       15.75164464      13.78245513       8.12249503
C       15.76010841      14.28469280      10.81106777
C       16.30017474      11.30873270       8.51710625
C       15.52313594      15.12504778       8.56294912
C       15.49353699      15.39374844       9.96140741
H       16.26148452      12.22127206      11.17630258
H       15.78885612      13.54676507       7.05969824
H       17.29610984      11.01792717       8.90022667
H       15.53362015      10.51632453       8.69637755
H       16.63673521      11.31515312       7.50422076
H       15.37587685      15.78861443       7.70553370
H       15.31572976      16.43781945      10.27671294
H       16.07020333      15.55661432      12.33998770
O       13.01136196      12.49746317       1.74134394
C       11.85169846      13.81322374      16.19433409
C       11.80431440      13.07730150      17.41617888
C       13.05306581      14.04005814      15.59187349
C       13.02457805      12.85279342       0.41464990
C       10.56656234      14.38435264      15.68832358
C       14.24459607      13.58886221      16.15442356
C       14.22127997      12.99085385      17.43402504
H       10.96827787      13.08612324       0.28214790
H       13.10635117      14.60762751      14.74442903
H       10.05821759      14.80790378      16.52981500
H       10.54602768      14.91610916      14.74723378
H       10.05240556      13.46757068      15.22128639
H       15.10314831      13.88907196      15.64565406
H       15.13903834      12.71872457       0.10821882
H       12.13149189      12.32935257       2.03658334
O       11.08305811       4.49482623      16.38736130
C       13.17608312       4.74574077      13.38555868
C       12.03191587       4.77854230      14.25643577
C       14.28967546       3.98497024      13.75638877
C       12.19857928       4.37517843      15.61078471
C       13.27590614       5.39210162      11.99110719
C       14.28858322       3.30232921      14.99140276
C       13.29742978       3.52838508      15.93977814
H       11.11317124       5.27838055      14.04389441
H       15.18400288       4.04135227      13.12508503
H       13.06054249       4.66738105      11.23903967
H       12.54535394       6.13341271      11.88054630
H       14.20563332       5.90223706      11.79428313
H       15.15062032       2.64216794      15.20899867
H       13.44352567       2.99367624      16.87757641
H       11.22010212       4.27904290      17.27300574
O        5.06050384      16.49180909       7.87607664
C        1.70850270      16.10683626       9.36352506
C        2.89941863      16.68430265       9.03805480
C        1.41183237      14.82095115       9.09033604
C        3.79744455      16.02464066       8.19239796
C        0.76339598      16.95220914      10.28161101
C        2.23219772      14.10981319       8.23112622
C        3.42182433      14.76530364       7.70727753
H        3.06825940      17.63596973       9.42654756
H        0.48357289      14.36198192       9.42182630
H       17.53120928      17.05899601       9.70782916
H        0.66389612      16.41336458      11.21235635
H        1.16464178       0.18643790      10.72481171
H        1.99506982      13.13328778       8.01670724
H        4.19275697      14.13387397       7.26291132
H        5.60360873      15.95702428       7.29681601
O       10.66308304       3.53916405       1.57788726
C       12.23661796       0.38359993       0.56015558
C       11.97556866       1.56083922       1.31584653
C       11.31454504      17.69504109      17.19295757
C       10.81517798       2.27422534       1.02027201
C       13.53309975      17.30658342       0.64640367
C       10.01792622       0.60785265      17.13569337
C        9.76342559       1.77358215       0.19032010
H       12.76762888       1.81172711       1.94934267
H       11.57625997      16.96832042      16.49959623
H       14.14050068      17.20324500      17.43674427
H       14.09146454       0.05927733       1.48309142
H       13.27122727      16.29911923       0.98331599
H        9.28958179       0.30405103      16.33591896
H        8.84410350       2.24155740      17.71088483
H       10.96690890       3.60271738       2.43819582
O        6.08768330      15.20319688       5.74264761
C        8.92653170      16.22604513       3.61014627
C        7.99807030      15.45190988       4.31974578
C        8.84257365      17.60953006       3.62797373
C        6.92683851      16.03088014       5.00042900
C       10.18736710      15.58052592       3.09054991
C        7.70286891       0.51757031       4.21151408
C        6.69198892      17.41232505       4.92190305
H        8.29324703      14.45174780       4.39342490
H        9.59688914       0.49200728       3.26517468
H       10.02309053      14.80089504       2.40204587
H       10.88579166      16.28052965       2.72817663
H       10.71715691      15.15106890       3.98799393
H        7.50572831       1.55679038       4.24682688
H        5.88096050       0.25655879       5.33648302
H        6.27101084      14.30272323       5.64703698
O        6.23475104      14.98220713      10.15787596
C        6.33160024      12.60868195      12.92241617
C        6.77301706      13.58325701      12.02803893
C        5.05880280      11.95204813      12.81636213
C        5.84509130      14.08010286      11.08660829
C        7.34339087      12.01904144      13.92419588
C        4.17405054      12.45892680      11.82587910
C        4.51112712      13.57203452      11.03501717
H        7.75010799      14.08588876      12.15276568
H        4.82366744      11.14661534      13.48184675
H        8.06361134      12.76041455      14.34386848
H        6.83184932      11.65452359      14.85179995
H        7.91680662      11.17699972      13.51216237
H        3.20063085      12.01725476      11.63322529
H        3.76252184      13.92698287      10.31042673
H        5.52471620      15.55220226       9.75641931
O        5.76684933       1.88304400      10.62407934
C        8.74661242       3.81799149      10.72771045
C        7.95373069       2.74301843      10.73829362
C        8.26598810       5.15664043      10.74918202
C        6.54793362       2.96210947      10.73948089
C       10.27756939       3.54556447      10.87117170
C        6.93391083       5.30923635      10.72944842
C        6.03627854       4.24211504      10.82457552
H        8.29465049       1.73100054      10.60270785
H        8.91896199       6.03692896      10.73903421
H       10.53586247       2.82734467      10.13855507
H       10.88853613       4.44470734      10.68949310
H       10.59833467       3.18847106      11.88324303
H        6.48794016       6.32457459      10.62894622
H        4.97502677       4.46478098      10.85189154
H        6.22076907       1.07739313      10.80353945
O       14.05980979       4.76638192       4.00910209
C       16.22792845       4.02075168       1.10497603
C       15.41082089       4.77064496       2.01639271
C       16.64822791       2.70544989       1.37678581
C       14.85501652       4.08595784       3.12475285
C       16.61208364       4.56830816      17.45929360
C       16.00171053       2.04251954       2.52686073
C       15.09707210       2.72061573       3.31125116
H       15.04161097       5.72564962       1.70133504
H       17.46510053       2.26607224       0.86955877
H       17.63338089       4.95264437      17.44324477
H       16.62597691       3.83023696      16.62742615
H       15.80723929       5.25422494      17.26297976
H       16.41029215       1.12286934       2.84651421
H       14.72021158       2.29692097       4.23122252
H       14.22664213       5.74454600       3.98297250
O       16.16901984      17.50871109      12.70150917
C       17.03496810      17.20375285      16.37427916
C       16.27223611      17.03031805      15.13702085
C        0.16345811       0.61821487      16.41580380
C       16.46391599       0.17837491      14.00028210
C       16.86278336      16.34894804      17.63338096
C        0.15437390       1.60045841      15.34828106
C       17.22203059       1.34575962      14.18717303
H       15.65909765      16.09772636      15.10972472
H        0.90497961       0.84595800      17.19340789
H       16.55742529      17.01922355       0.78285511
H       16.07319213      15.68339861      17.48473091
H       17.68164177      15.74691454       0.15829331
H        0.89675151       2.39970996      15.39067526
H       17.36206907       2.02596191      13.43309003
H       16.34770939       0.55526332      12.12209293
