512
Lattice="17.7128441229 0.0 0.0 0.0 17.7128441229 0.0 0.0 0.0 17.7128441229" Properties=species:S:1:pos:R:3 pbc="T T T"
O       13.48679779       2.80053441       2.44745453
C       11.46098451       2.87757329       5.58833262
C       11.93896462       2.42913198       4.28506881
C       12.02051250       3.96588584       6.26759493
C       12.92786594       3.17817549       3.68809102
C       10.21466282       2.29517903       6.16553431
C       13.07607933       4.68242557       5.63089395
C       13.53965800       4.24258498       4.38700787
H       11.53174126       1.55457958       3.82654902
H       11.78994645       4.10364554       7.24895898
H       10.14933015       1.26682685       5.88049288
H       10.40680509       2.21642408       7.23033413
H        9.38492325       2.96321975       6.00407602
H       13.52697078       5.50703527       6.18062601
H       14.39662503       4.74625717       4.03778689
H       14.36366650       3.20796924       2.30482760
O        4.98471671       3.29305312       2.79042637
C        8.34000960       4.60280823       3.30958261
C        7.22578495       3.96914162       2.77196564
C        8.27765767       5.00875138       4.64523750
C        6.01382594       3.82549483       3.47578741
C        9.57895936       4.77177083       2.58165406
C        7.02289333       4.92243193       5.36426625
C        5.93726969       4.37855600       4.78717906
H        7.23140405       3.77540897       1.69643095
H        9.16549135       5.30376018       5.18641822
H        9.52735600       4.02399616       1.72164388
H        9.71489230       5.79624831       2.21243690
H       10.45850321       4.44627186       3.15829103
H        6.95995315       5.13268081       6.51166509
H        4.99201491       4.28700167       5.23271122
H        5.29659306       3.06249939       1.89730821
O       15.88662782       3.22374031      11.27155158
C       15.96866434       2.14279958       7.83112411
C       16.41246162       2.53455877       9.06872555
C       14.59439832       2.03259960       7.58295795
C       15.46509033       2.69572936      10.08990332
C       16.98378989       1.88405992       6.78096101
C       13.60728644       2.16724849       8.61113048
C       14.13150246       2.59209383       9.83586211
H       17.47911003       2.75952397       9.28941567
H       14.19574868       1.79725127       6.60136223
H        0.22222883       2.41152015       7.16336645
H       17.08952937       0.82550875       6.67000300
H       16.88744932       2.28330155       5.80737631
H       12.54630605       1.94690077       8.51705782
H       13.52699402       2.94159192      10.65777741
H       16.67405640       3.78285290      11.20035273
O        4.15116301       3.67990351       9.07965674
C        3.81454053       1.53627134       6.18288538
C        3.52304618       2.43139335       7.23469252
C        5.10106330       1.18323445       5.88277389
C        4.51807485       2.91111687       8.05446997
C        2.73278894       0.88187854       5.34020730
C        6.13721842       1.69958366       6.68891761
C        5.84881473       2.64324803       7.69936742
H        2.46411152       2.59715755       7.49399681
H        5.47426851       0.46180693       5.19113344
H        3.14862813       0.40838959       4.50860906
H        2.26081630       0.16898090       5.98439814
H        2.03503148       1.57403240       4.87082137
H        7.21495938       1.44887320       6.57469993
H        6.67872382       3.02291306       8.28813015
H        4.83911156       3.62282006       9.71141090
O       10.64206980       8.94085010      10.65038476
C       14.21398511       9.67069724       9.99333934
C       12.79314235       9.82545440      10.11374732
C       14.85018363       8.52019211      10.50417453
C       12.00135402       8.79265695      10.66164928
C       15.03169007      10.88570216       9.54976916
C       14.04301606       7.48069904      11.01837760
C       12.61286540       7.59803495      11.03823678
H       12.20908332      10.67790874       9.65046742
H       15.89276954       8.36916426      10.41193073
H       16.01908673      10.73514849       9.91242247
H       15.23231512      10.97591151       8.52175885
H       14.65839138      11.81427704       9.85137016
H       14.46466264       6.59342787      11.30733184
H       12.07590309       6.79621332      11.43324078
H       10.31810180       9.78513010      10.32914611
O       15.11204891      12.92659153       2.09373763
C       15.30799220      15.72268387       4.46156000
C       15.01330443      15.01611905       3.27862470
C       16.08282579      15.07411336       5.51540011
C       15.39521988      13.67012847       3.16189051
C       14.75762519      17.13004005       4.58128782
C       16.46740296      13.72944214       5.34948741
C       16.13110473      13.05830711       4.15622504
H       14.39497807      15.55256868       2.54332952
H       16.30664344      15.68222934       6.39558054
H       15.07821370      17.66395610       5.46305784
H       15.07742711       0.02544726       3.73017422
H       13.68834227      17.08161498       4.76379978
H       16.94483367      13.22263291       6.19088106
H       16.45068369      12.08776313       4.09464953
H       14.32916752      13.37061125       1.73547472
O        1.29227631      10.00107447       2.29682160
C        4.72003383       9.73966469       3.59386912
C        3.57516738       9.50001435       2.85109406
C        4.69011903      10.83422917       4.53745952
C        2.41943171      10.31338985       2.96754333
C        5.93312082       8.97489508       3.39039894
C        3.60766313      11.75054910       4.57266711
C        2.41240922      11.43265432       3.85132888
H        3.62346973       8.64907419       2.21427577
H        5.54309665      11.12966719       5.14471333
H        5.90859096       8.26510615       4.25447896
H        5.81446178       8.30400084       2.46088212
H        6.86673174       9.58764150       3.29949131
H        3.77405854      12.55659779       5.29629151
H        1.51951189      12.05805147       3.89660972
H        1.01583320      10.81037760       1.81496213
O        1.96564346       5.22847628       9.14413330
C        1.51029146       8.57437306       7.76171753
C        1.46759523       7.45083665       8.62859545
C        2.33980055       8.56610318       6.64328852
C        2.17360301       6.28364864       8.32861291
C        0.67184200       9.83454667       8.04405160
C        3.18252754       7.47271880       6.46754677
C        3.06040174       6.26131942       7.24779976
H        1.01107637       7.34665972       9.61929854
H        2.47236536       9.43333489       6.01241337
H        1.01956822      10.53728691       7.37833835
H       17.29531595       9.68845805       8.05360534
H        0.94561061      10.33085827       8.92739297
H        3.96418384       7.33406712       5.65737845
H        3.73616228       5.50560385       7.03595155
H        2.71087691       4.64061385       9.26096631
O        0.44263425       5.35456687      11.29389479
C        0.94642601       5.87221009      14.91560107
C        0.36060135       5.96909517      13.65347473
C        2.16894178       5.18293783      15.04699797
C        0.96764531       5.29907572      12.52244581
C        0.24588851       6.51335848      16.11180522
C        2.81421601       4.69319934      13.94070476
C        2.24139741       4.75902766      12.60928913
H       17.30144122       6.67408576      13.44025039
H        2.61684569       5.07082499      16.00805159
H        0.25253030       7.59278318      15.89056949
H       16.88495555       6.08610534      16.22515071
H        0.76391758       6.40483538      17.03998019
H        3.82944022       4.21714983      14.06542980
H        2.80835716       4.27360440      11.80506350
H        1.08138804       5.40714768      10.59887681
O        6.60096099       0.91755447      12.77783249
C        3.47746938       0.47720538      14.55497128
C        4.40279347       0.79335768      13.51959610
C        3.93040843      17.31604905      15.53849810
C        5.69697277       0.38522473      13.54763093
C        2.08427088       0.93401359      14.45995655
C        5.25861231      16.90178218      15.58350142
C        6.11740667      17.24153120      14.55150313
H        4.07552739       1.47491749      12.74425585
H        3.37603326      16.87795705      16.28618711
H        1.59107322       1.03277068      15.36522039
H        2.12499596       1.98877641      14.08185254
H        1.42409325       0.40796172      13.79396702
H        5.53643856      16.19184702      16.33926108
H        7.18978736      16.93430646      14.55149896
H        7.45901471       0.67583153      13.00109697
O       17.41882372      12.06502827      13.63042528
C        2.02270637       9.62479474      15.25210354
C        1.17912960      10.74975633      15.03813701
C        2.24883467       8.80205333      14.09385891
C        0.52651475      10.97424851      13.79125016
C        2.73668308       9.41603775      16.59245429
C        1.56141076       9.00036898      12.84372093
C        0.58860283      10.05885208      12.72467630
H        1.04930529      11.40628559      15.80356053
H        2.87076633       7.92034575      14.15941694
H        2.44171750      10.23728431      17.26079695
H        2.56569904       8.40992852      16.99084172
H        3.79268197       9.45567451      16.36959982
H        1.69519795       8.37947327      12.03309551
H        0.03905199      10.32599623      11.87234397
H       17.40408360      12.36946913      14.58667089
O        9.71305761      13.87096322      10.37588102
C       12.13532825      14.99461363       7.83351428
C       11.52369713      14.18464134       8.80834825
C       11.50335367      16.13412557       7.30631562
C       10.27983121      14.51889198       9.33072646
C       13.45229720      14.55680900       7.35010916
C       10.28217152      16.42023664       7.87486757
C        9.64576841      15.61696761       8.80384639
H       12.00725999      13.33253880       9.28052208
H       11.83645845      16.67215070       6.48343705
H       13.51374302      14.06607858       6.45034771
H       14.09709341      15.39660704       7.37369526
H       13.80115386      13.85192320       8.13120403
H        9.82120396      17.34445817       7.54332854
H        8.67139315      15.98057804       8.99498104
H        8.85504075      14.18980867      10.61936411
O       10.40797880       9.39928468       0.34660214
C        7.62593836      11.67443287       1.38296482
C        8.94384229      11.13552042       1.21143142
C        6.53222004      11.04568688       0.82824160
C        9.13208684       9.98705752       0.43503418
C        7.44706148      12.99562539       2.07550953
C        6.77347709       9.92132073      17.69830814
C        8.08634328       9.36210324      17.45726411
H        9.80849967      11.65291041       1.58786928
H        5.57560279      11.48217324       0.87339957
H        7.04588079      12.87305351       3.07102766
H        8.51421472      13.31956408       2.24405706
H        6.84092371      13.73241202       1.50736951
H        5.97780500       9.49262820      17.14962654
H        8.30916063       8.51991759      16.85596504
H       10.38058968       8.77026950      17.37010998
O        9.13612626       1.96413368      13.93759033
C       11.75153843      17.48737967      12.40981195
C       10.64354851       0.63797338      12.55275978
C       12.41577038      17.03615529      13.59713103
C       10.15836009       1.05093034      13.82525284
C       12.23062960      17.11098007      11.01923558
C       12.00597587      17.56075354      14.87479490
C       10.82322462       0.57095629      14.98387344
H       10.23639813       1.04941424      11.63483751
H       13.25401100      16.32340246      13.50831255
H       11.69309811      16.20451501      10.72483183
H       12.15913982       0.21563481      10.26242604
H       13.27227741      16.84705574      11.04554025
H       12.59855791      17.40128927      15.75705823
H       10.50125815       0.91122560      15.92267328
H        9.22840909       2.55052170      14.70567378
O       16.54665906       9.32856079       3.94830196
C       15.76726639       6.98596035       6.76406617
C       16.48351709       7.53481642       5.64394083
C       14.66226049       7.64703821       7.20836558
C       16.03720085       8.74305851       5.02377709
C       16.22461183       5.67454424       7.52695020
C       14.18216154       8.85804068       6.74172503
C       14.93491100       9.39373154       5.62397205
H       17.36930410       7.10047917       5.16691209
H       14.40034911       7.23177872       8.14968090
H       15.44011958       5.00051980       7.64102769
H       16.98036957       5.20281154       6.90961444
H       16.65256336       5.92660959       8.43163212
H       13.31387215       9.46991343       7.14605932
H       14.45374609      10.25813469       5.19594242
H       17.16070524       8.86580676       3.45966373
O       13.08547238      10.32738998       1.98294671
C       11.49341993      10.53741776       5.26317686
C       12.10627510      10.92894230       4.06925988
C       10.76386269       9.28974131       5.33344983
C       12.24175661      10.01331404       3.05210376
C       11.65079564      11.38653271       6.44658263
C       10.95781467       8.33411588       4.31682114
C       11.76939807       8.70021452       3.23529282
H       12.67147155      11.88273286       3.91688964
H       10.26125174       9.06906189       6.26140085
H       10.98370811      12.24726838       6.25108598
H       11.23232640      10.97383624       7.33060404
H       12.64627702      11.69309565       6.58351564
H       10.67199304       7.24676045       4.38574254
H       11.99322263       7.90690281       2.51181036
H       13.18784020       9.53286886       1.43271744
O        9.38506499       3.71266958      16.44573275
C        5.79842861       3.67577070      17.06902919
C        7.04221464       3.17640328      16.69858340
C        5.62396750       4.96265723      17.61592518
C        8.12126181       4.07079016      16.86102971
C        4.55595722       2.82173164      16.82108064
C        6.72263210       5.81650439       0.10707248
C        7.96422024       5.37503642      17.43010558
H        7.10012280       2.23798938      16.20783611
H        4.61851300       5.29756834       0.14582505
H        3.76340494       3.31068289      17.38403956
H        4.52886673       2.91446948      15.70740061
H        4.87228551       1.87483892      17.16548713
H        6.67611604       6.86436709       0.55126568
H        8.86153211       6.00807358      17.48343831
H       10.14678330       4.27759988      16.59737085
O        6.04117390       0.55952191       1.94767395
C        2.74830403      16.61223089       2.10308740
C        3.77310809      17.53130333       1.75108908
C        3.13191046      15.37065557       2.66542425
C        5.09393789      17.27208882       2.04355111
C        1.25626806      17.02715667       2.09134209
C        4.50805836      15.02077206       2.75306237
C        5.47908559      15.99618505       2.42597262
H        3.45920921       0.78500026       1.42026871
H        2.36740062      14.70993339       3.09272778
H        0.92823725      17.40311014       1.12054097
H        0.59790163      16.11912589       2.26292462
H        1.02341412      17.68040172       2.90015832
H        4.76541894      14.02618701       3.01897422
H        6.44193228      15.75009818       2.55983304
H        6.76731943       0.51854108       2.48105576
O        9.86925149       7.59569841      13.12194103
C        6.24577967       8.13815613      12.59668108
C        7.64021545       8.35893594      12.49727740
C        5.76056632       7.06683385      13.35268362
C        8.52741345       7.50897755      13.19835052
C        5.21795791       8.97775447      11.76554481
C        6.68791680       6.23731403      14.01967575
C        8.06506453       6.43750003      13.95577825
H        8.11769301       9.10726809      11.90207907
H        4.74706921       6.79221240      13.38943066
H        5.62839288       9.59055773      10.93960148
H        4.48537733       8.36640370      11.25814587
H        4.72008538       9.63373917      12.43333908
H        6.38663005       5.35124598      14.38354244
H        8.68715283       5.73293449      14.45630940
H       10.28541891       7.70834584      12.27931457
O       15.03108073       7.94111330       1.99690227
C       14.93017851       8.38343367      16.00393262
C       14.97888517       7.82735502      17.28322652
C       15.28955624       9.73717657      15.96853144
C       15.32501224       8.49645348       0.74527290
C       14.46547949       7.63378372      14.81269707
C       15.77236973      10.42213717      17.10767952
C       15.67548516       9.85590432       0.60984702
H       14.68549623       6.77809118      17.35490624
H       15.45354575      10.17401633      15.00402753
H       14.57494864       6.52026273      14.99869747
H       13.43036146       7.93517164      14.60432177
H       15.13255309       7.86677338      13.95071064
H       15.98302079      11.48084733      16.98087129
H       15.89206156      10.42398038       1.48337419
H       15.12416606       8.62141919       2.67465025
O        9.59273989      10.98788108       9.20206666
C        5.88389491      11.10288228       8.50577458
C        7.20285710      11.49411012       8.89972060
C        5.68825948       9.81522725       8.01012835
C        8.35133565      10.64950622       8.69975863
C        4.74485193      12.03244201       8.87347313
C        6.74055786       8.96915475       7.85556767
C        8.04787336       9.34017994       8.23774242
H        7.50384375      12.38135851       9.32368211
H        4.79762577       9.49803198       7.58702330
H        5.09283057      12.90415573       9.36963391
H        4.17303159      12.30324739       7.96801910
H        4.06037504      11.47666947       9.54794183
H        6.53895692       8.06430751       7.34299436
H        8.79796297       8.52623262       7.99263686
H        9.63800428      11.94211725       9.46207889
O        0.17459627      12.41082807       1.63453395
C        0.75744011      14.28891613      16.28034099
C        0.06642704      13.63654845      17.27125436
C        2.19977298      14.36079157      16.26973808
C        0.80419269      12.96267118       0.56755189
C        0.09704201      15.13091717      15.26667959
C        2.93268421      13.56475496      17.12632954
C        2.21763486      12.73221366       0.35352501
H       16.67025539      13.79381623      17.32872561
H        2.63369098      14.88290760      15.44293334
H        0.44152896      16.23280235      15.34405981
H        0.52531253      14.72084089      14.34701722
H       16.73976356      15.18050386      15.11970152
H        3.95919991      13.44603874      17.03985040
H        2.84086992      12.21071657       1.07514550
H       16.97244447      12.59646020       1.61595156
O       16.95264779      17.01302504      13.04340174
C        0.28639480      14.64282198      10.34361716
C        0.34998787      15.47182574      11.46374720
C       16.89266354      14.80801708       9.46074101
C       16.97901502      16.35364069      11.78653796
C        1.33645010      13.54512595      10.27503114
C       16.04478202      15.92569108       9.58249228
C       16.01637634      16.61810421      10.82759035
H        1.12961291      15.30044144      12.12231366
H       16.79883360      14.22820320       8.52216272
H        1.10285508      12.75113472      10.91945026
H        1.50999953      13.02852875       9.29035915
H        2.31148594      14.06848518      10.49232894
H       15.36705244      16.04737591       8.78962520
H       15.42644275      17.50614416      10.99633253
H       16.24677669      17.65711392      13.11857952
O       12.76020872      12.94202021       0.79597052
C       12.44819787      12.03521933      15.00847237
C       12.23187915      12.15497270      16.36336208
C       13.48253919      12.85411923      14.44839458
C       12.94705987      13.04925378      17.16308797
C       11.69058755      10.91984669      14.26922854
C       14.04943757      13.87459722      15.19151355
C       13.80685506      13.98761774      16.60224085
H       11.47128809      11.56076571      16.83759984
H       13.77798662      12.80751911      13.36119453
H       12.13836413      10.89214264      13.22583887
H       11.88275218      10.06618191      14.79796432
H       10.71602391      11.20183005      14.24679623
H       14.62651805      14.57823297      14.64384469
H       14.34703187      14.57160491      17.23827419
H       12.51207530      12.04964180       1.10566971
O       10.44250836       7.59763842      15.94206186
C       12.20388144       4.41468315      15.56316667
C       11.56632879       5.64673827      15.20615923
C       12.62621107       4.19504486      16.90855429
C       11.25182420       6.55228947      16.18964682
C       12.63687454       3.41584523      14.51940097
C       12.35700802       5.14187157       0.15890789
C       11.68845696       6.35080227      17.49516236
H       11.36463836       5.75684991      14.18939295
H       13.22729576       3.30520126      17.10356381
H       12.15259492       3.43962618      13.50934842
H       13.60771546       3.79047943      14.54737853
H       12.79811881       2.38199011      14.93504446
H       12.72714956       4.88392977       1.16483702
H       11.43387613       7.10151945       0.51391664
H       10.28691915       7.61158429      15.02132668
O        5.98308244      15.12375005       8.49697226
C        2.97425287      17.06088849       9.36534680
C        4.26881994      16.59464208       9.46294186
C        2.17122588      16.70116899       8.24691581
C        4.76050932      15.70941078       8.42713659
C        2.40865697       0.15441023      10.48029752
C        2.64552166      15.91961854       7.17590605
C        4.01002444      15.51715418       7.22734514
H        4.85838893      16.80002133      10.33832795
H        1.16548899      17.07070024       8.26015462
H        2.43428637      17.17944673      11.30853808
H        2.95269618       1.12435089      10.63537879
H        1.43015367       0.38570626      10.26938500
H        2.04428694      15.68075629       6.25129899
H        4.49562040      14.86504455       6.45382164
H        6.27745675      14.87055244       7.66154468
O       12.54201097       0.31474723       1.40437327
C        9.67208409      16.12480654       0.05241659
C       11.00679520      16.48207702       0.43204574
C        8.67023777      17.06799836       0.08997981
C       11.35396457       0.05178967       0.88709434
C        9.48680972      14.89849835      16.93780373
C        8.93517781       0.63027466       0.57133408
C       10.24579150       0.93577254       0.93862801
H       11.72062974      15.68867546       0.29989429
H        7.63050262      16.88404731      17.50744287
H        8.43922367      14.66768717      16.75902884
H        9.91857659      15.10371868      15.94330008
H        9.99175533      14.08387308      17.29211372
H        8.19389815       1.38428090       0.70709548
H       10.35410205       1.98570657       1.14917799
H       12.67508113       1.18847887       1.59695216
O        7.19472837      13.66891483       6.45271893
C       10.00885622      14.82092465       4.37322505
C        9.07892622      13.91107091       4.99026733
C        9.67908550      16.15543896       4.28695651
C        7.94323659      14.48708058       5.65970200
C       11.28672325      14.29273557       3.66442041
C        8.53737974      16.67088800       4.90119025
C        7.64567057      15.81757828       5.58050697
H        9.32298878      12.89727621       5.20991922
H       10.24677054      16.89885897       3.67702876
H       12.04955869      14.06406202       4.45464192
H       11.06342630      13.32967228       3.15014586
H       11.71855959      14.96347300       2.84867696
H        8.29015670      17.68870535       4.91528104
H        6.87895169      16.27536234       6.13618795
H        7.22743485      12.75173555       6.19546604
O        7.17985479      14.76536574      10.94141082
C        6.37605594      12.84810185      13.91075863
C        7.07796113      13.52522871      12.90453484
C        4.97999755      13.01033535      13.93917530
C        6.42566719      14.16593974      11.87172739
C        7.12465455      12.03404678      14.99778318
C        4.31957263      13.68181744      12.94654101
C        5.02441510      14.24650441      11.88621280
H        8.11537031      13.60599680      12.96775639
H        4.53114306      12.50966104      14.77481862
H        7.92020193      12.48074637      15.53598802
H        6.42180840      11.70838721      15.69721342
H        7.51848068      11.09212287      14.47543590
H        3.23074210      13.76279853      12.82172425
H        4.43374833      14.60803595      11.06478545
H        6.81055627      14.88424904      10.04283239
O        5.78715211       3.02333066      11.18388175
C        8.98391096       4.60219909      10.34181668
C        7.96947676       3.63465290      10.75261611
C        8.53911771       5.90200830      10.00770222
C        6.67164032       4.00480825      10.89710512
C       10.44139174       4.29328568      10.19970256
C        7.19270076       6.15235458      10.00279098
C        6.24038625       5.27248974      10.47775645
H        8.24721124       2.56336784      10.95349144
H        9.23008705       6.65145484       9.81406862
H       10.62771659       3.26567927       9.82441877
H       10.94908840       4.89843493       9.46471219
H       10.96775549       4.51184386      11.16900498
H        6.83671011       7.15285362       9.69096648
H        5.16995486       5.53531529      10.42094184
H        6.15819591       2.36543668      11.72269061
O       15.17025071       4.74384642       1.67343285
C        1.02863434       5.38328863       2.27958059
C       17.33171613       5.60207115       2.06200592
C        1.49840442       4.04392388       2.45562100
C       16.47056060       4.53230998       1.87773743
C        1.98558822       6.56241776       2.32858137
C        0.60716316       2.98374994       2.35477873
C       16.94961984       3.21711799       2.14096626
H       17.09894509       6.67362363       2.00957296
H        2.48622751       3.79365252       2.78739498
H        1.86112922       7.26230030       3.12343840
H        2.97740497       6.02843054       2.35265803
H        2.05257664       7.19181659       1.50034606
H        0.97747852       2.00181804       2.55160956
H       16.37034730       2.31938141       2.13904517
H       15.06845519       5.70705613       1.98964347
O       14.87559243       1.52141645      13.12117362
C       15.85957347       0.75622556      16.64673552
C       15.28665162       0.59978030      15.38067074
C       16.73360806       1.86324657      16.81603330
C       15.49669576       1.60848569      14.34771661
C       15.61922500      17.39643073      17.70410747
C       17.11215548       2.74766948      15.81709901
C       16.40397857       2.68753898      14.60347629
H       14.65587514      17.48170362      15.08470674
H       17.14510428       1.89604384       0.10943072
H       14.93008903      17.60967984       0.80176306
H       15.29590927      16.48215583      17.20274168
H       16.51320867      17.00124607       0.41524956
H        0.19085391       3.43575700      15.96130568
H       16.59035609       3.37387171      13.76510477
H       15.24352628       2.20376656      12.63717772
