512
Lattice="17.7128441229 0.0 0.0 0.0 17.7128441229 0.0 0.0 0.0 17.7128441229" Properties=species:S:1:pos:R:3 pbc="T T T"
O       11.96336092       3.71075634       4.89215258
C        9.25272393       5.13940337       6.91544852
C       10.04453620       4.14377713       6.23140039
C        9.87636813       6.40613716       7.22782386
C       11.32013772       4.51065333       5.76000905
C        7.83956853       4.73717336       7.37137073
C       11.15379985       6.69462145       6.85118102
C       11.88224632       5.75609198       6.05761617
H        9.57915258       3.21884230       6.00983000
H        9.32150568       7.20159566       7.75570005
H        7.48575066       5.30096086       8.23164946
H        7.36633047       5.02139617       6.48817735
H        7.64659103       3.65472734       7.39123006
H       11.63352653       7.62835302       7.07074416
H       12.94128381       5.98982974       5.82272916
H       12.92847617       3.79753754       4.93815833
O        7.49337882       3.84871330       3.43121446
C        8.78414815       7.22795069       3.18574173
C        8.67434995       5.83129960       3.01655792
C        7.72696701       8.02760387       3.64041934
C        7.49894180       5.22174003       3.41422077
C       10.10434399       7.91469231       2.70499189
C        6.50354592       7.42838473       3.98061914
C        6.40926385       5.99997742       3.92072100
H        9.44757931       5.25937221       2.64396885
H        7.82079698       9.07773880       3.80043667
H        9.81025089       8.92864853       2.29951887
H       10.85160743       8.06563309       3.49320764
H       10.55846662       7.43300897       1.87739704
H        5.70062529       7.99152658       4.39219005
H        5.53258142       5.52218521       4.32154124
H        8.29479813       3.31896164       3.34429749
O       16.18536495       0.71986356      11.17187179
C       14.72324917       3.22853610       8.89921273
C       15.65178594       2.55865847       9.67796335
C       13.36734515       2.80370490       8.89321894
C       15.26019055       1.35626437      10.40808588
C       15.05507623       4.26854781       7.87929578
C       12.99099767       1.64419146       9.54239255
C       13.95716949       0.93082005      10.28601456
H       16.72970127       2.79353225       9.57297243
H       12.60329555       3.23966783       8.19817667
H       14.51571977       3.95978860       6.95628015
H       14.80215743       5.21932038       8.21607297
H       16.10464908       4.21693023       7.64906600
H       11.98795811       1.13597482       9.48890303
H       13.66945090       0.04641605      10.73858035
H       16.99142314       1.27675174      11.24005853
O        3.07339344       2.41055956      10.14180682
C        1.93003379       3.07045029       6.67118941
C        1.92106610       2.79760618       8.04074943
C        3.06815975       3.62207458       6.09031058
C        3.10727328       2.92730723       8.85288421
C        0.68639351       2.74703045       5.90633021
C        4.23805244       3.83393488       6.83376058
C        4.26087408       3.46197707       8.25678874
H        1.01637827       2.49446850       8.50198440
H        3.12573719       3.79415736       5.02522736
H       17.69488791       3.54807059       6.08998672
H        0.92048331       2.45574205       4.90139824
H        0.22683015       1.93832824       6.53600719
H        5.14427437       4.13645908       6.32292447
H        5.15579106       3.39240748       8.81796625
H        3.95738590       2.18419725      10.49823472
O       11.91791888       7.64433777      10.43918955
C       15.38011044       8.64704409      10.84845927
C       14.01722800       8.71590446      10.89123410
C       15.98894675       7.44410198      10.77844138
C       13.22578060       7.53368494      10.79246659
C       16.15289395       9.89949209      10.67328176
C       15.22827791       6.25804922      11.04776996
C       13.85319479       6.33162632      10.93348092
H       13.49818892       9.65178323      10.69252425
H       17.06993470       7.47905781      10.71746150
H       15.80075234      10.68333954      10.02541788
H       16.25899854      10.38335612      11.63378222
H       17.04262635       9.82238677      10.17187907
H       15.61920542       5.28524873      11.23968767
H       13.25958639       5.42715899      10.86624939
H       11.71848832       8.53065729      10.38906207
O       16.17006643      13.87069868       3.82738003
C       15.45624931      16.85222944       5.89580090
C       16.05953529      15.61496086       5.53241568
C       14.75796458      17.66413909       4.97881705
C       15.79828772      15.16322154       4.21064211
C       15.68092236      17.39519431       7.28779878
C       14.48366807      17.16823409       3.69326055
C       15.13900091      16.00215701       3.26953699
H       16.71552576      15.02260144       6.20272722
H       14.30753760       0.84484374       5.32397732
H       16.30803026      16.69026668       7.76376684
H       16.11093189       0.67374350       7.32724191
H       14.70931042      17.42559422       7.73410221
H       13.80218447      17.65197396       3.04124037
H       15.06857396      15.74586763       2.22807998
H       15.73133457      13.56534401       2.97170395
O        3.05264148       8.77192400       1.62053100
C        2.57851482       5.19431731       2.33690209
C        3.14682166       6.33243917       1.77873894
C        1.71224190       5.31476255       3.45499965
C        2.61236787       7.61072604       2.20189891
C        3.17092859       3.81579287       1.86256630
C        1.32395486       6.57507823       3.94026363
C        1.74992917       7.69552418       3.30784995
H        3.87007367       6.31270567       1.02474956
H        1.24145285       4.43822476       3.94269455
H        3.43978283       3.24124322       2.74598012
H        2.47433760       3.30284838       1.20218303
H        4.14052647       3.80486098       1.28370161
H        0.60493664       6.59440599       4.69031999
H        1.31889699       8.63617867       3.56109645
H        2.84464736       9.56863593       2.14233885
O        3.10784958       9.09595830      11.30467906
C        3.41374022       9.64686756       7.72841769
C        3.30375489       9.91630591       9.07839114
C        3.37853845       8.29039159       7.34041861
C        3.20505392       8.86751643       9.99161357
C        3.56789996      10.65464484       6.63281800
C        3.38458748       7.23253751       8.23452553
C        3.31135501       7.55194976       9.57021500
H        3.35858127      10.84417770       9.53045057
H        3.44982465       7.99399432       6.31974572
H        2.84978088      11.39977379       6.86027572
H        4.48969080      11.10293230       6.61696337
H        3.38634938      10.30737450       5.60191587
H        3.26344322       6.21879916       7.82077955
H        3.16337877       6.70386583      10.15442452
H        3.38031276       9.97213312      11.64802850
O        0.54512875       2.38973957      11.54160229
C       16.17266541       4.59586248      13.79697626
C       16.64955336       3.50860496      13.08175204
C       16.86237513       5.81223968      13.61235426
C        0.11033302       3.48725235      12.31965525
C       14.95830312       4.55442634      14.70477580
C        0.44407892       5.82777252      12.88140655
C        0.92284062       4.66990180      12.26929286
H       16.05923702       2.56837507      13.15392233
H       16.64600294       6.81489878      13.98116423
H       14.20390121       4.18649528      14.07581986
H       15.29132537       3.92695681      15.55498668
H       14.83340723       5.53416131      15.00944977
H        1.03535923       6.65777842      12.80984407
H        1.89280665       4.65011784      11.79152987
H        1.31821520       2.62101350      11.04777553
O        6.21039101      17.34587560      11.99683101
C        2.73704861      16.30896050      12.28638240
C        3.92989218      16.82710882      11.84887364
C        2.73806564      15.51558464      13.43422584
C        5.13044828      16.66227278      12.53405742
C        1.48238719      16.55300541      11.42799214
C        3.92126831      15.29833770      14.11485332
C        5.14290966      15.91968252      13.72639329
H        3.91376041      17.39665636      10.91448432
H        1.84671929      15.19309243      13.90151736
H        0.51514712      16.34676755      11.95488665
H        1.57273037      17.62660151      11.25912052
H        1.62210080      16.04557884      10.42880565
H        3.89801830      14.65970407      14.99499405
H        5.98461674      15.89627423      14.41812241
H        7.10583285      17.21868865      12.40589786
O        2.79304002       8.55186770      16.50650311
C        6.46958053       8.16844846      16.39622073
C        5.17448051       8.41363744      16.84396517
C        6.68027233       7.85414934      15.07799734
C        4.00569076       8.28161066      16.00450934
C        7.64605949       8.40877419      17.33327024
C        5.53777115       7.75133361      14.18474076
C        4.22392222       7.95489823      14.62871729
H        5.03766301       8.89238935       0.15161092
H        7.75829768       7.73446092      14.77346006
H        7.33428563       8.68921513       0.65372881
H        8.37078705       7.62096928      17.52141617
H        8.23196209       9.26956278      16.87244204
H        5.67043911       7.43091885      13.18421029
H        3.33314814       7.87719795      13.95132336
H        2.79484131       8.38241718      17.45338532
O        8.58165951      15.32598607      10.10706601
C       10.40235055      17.23646162       7.51480913
C       10.17431080      16.33316481       8.56583981
C        9.42605323       0.35654594       7.00643037
C        8.84692885      16.32615666       9.18414802
C       11.67936907      17.33135575       6.79606332
C        8.15553448       0.46422973       7.66154684
C        7.85232314      17.28457361       8.77840583
H       10.99520001      15.65852402       8.90672685
H        9.73475697       1.00641715       6.16566767
H       12.52405696      16.87241009       7.38632749
H       11.60644433      16.84855590       5.87713803
H       11.86774160       0.62433727       6.58839475
H        7.45182785       1.17551662       7.48064789
H        6.92813952      17.37073911       9.30912563
H        7.65813916      15.10971375      10.07719917
O       10.62518529      10.48947015       0.23463908
C        7.82848398      12.75233094       1.28493600
C        8.86156532      11.74932618       1.25511591
C        7.80754101      13.68150003       0.23976821
C        9.74931049      11.56867687       0.23487407
C        6.82236673      12.82606096       2.39930687
C        8.70942976      13.57502719      16.90624681
C        9.63018096      12.47064533      16.87977231
H        8.94423802      11.17870794       2.19326680
H        7.25381505      14.56748771       0.42429879
H        5.92931409      13.41130426       2.11809673
H        6.64357636      11.79630495       2.79684861
H        7.34787555      13.35796100       3.28067495
H        8.92061683      14.32727079      16.14216031
H       10.27831366      12.39612242      16.09358531
H       10.79404701      10.47403054      16.99738597
O        7.50925067       0.21259946      14.59955862
C       10.46951228      16.30397503      13.28534907
C        9.16548842      16.56391724      13.67546937
C       11.39798074      17.38248478      13.35020320
C        8.76511532       0.10339793      14.16998279
C       10.87230140      14.95366798      12.87607283
C       10.95677257       0.99887274      13.74050873
C        9.55363992       1.23370775      14.09110422
H        8.52782820      15.69879318      13.68499592
H       12.46888854      17.22667565      13.09238763
H       10.90302012      14.16106590      13.55317257
H       10.39887112      14.55671933      11.98344394
H       11.87144729      15.03071371      12.48579856
H       11.60577545       1.81821642      13.91848811
H        9.29626680       2.19742317      14.45759590
H        7.37547161       1.17193511      14.66777005
O       14.38475816       7.48938212       3.81679233
C       16.93428817       7.95862643       6.51774559
C       15.88680042       7.37355895       5.75881318
C       17.38896396       9.26757709       6.22932099
C       15.34248113       8.11800073       4.62417543
C       17.65622556       7.13219457       7.53263600
C       16.81436434       9.95514893       5.16272081
C       15.78885400       9.43138006       4.36759358
H       15.65116112       6.31102171       5.89534357
H        0.50966007       9.73723131       6.85466201
H        0.30540144       7.67361833       8.39450992
H       16.91841866       6.50623332       8.15253820
H        0.67754071       6.40937123       7.21076633
H       17.21031693      10.95417812       4.86711841
H       15.39381101      10.07623611       3.61224537
H       14.16206551       8.03575048       3.06030279
O       12.02474477      11.78097786       3.05674580
C       13.05310524      10.97982524       6.51972623
C       13.14504218      11.42031080       5.15927821
C       11.90448623      10.38734504       7.01996179
C       12.01155656      11.43999957       4.36063967
C       14.26942773      10.97764128       7.46098949
C       10.76084650      10.43104705       6.15366065
C       10.75731433      11.02411059       4.87596167
H       14.08314785      11.80606335       4.86273340
H       11.86209378       9.95636840       7.98923617
H       13.89719173      10.85018753       8.49591109
H       15.02110959      10.20924520       7.29198910
H       14.80746846      11.90646373       7.51289424
H        9.79030876      10.01022574       6.50479821
H        9.90792353      10.96972090       4.23546658
H       11.24793109      11.52900966       2.54955678
O        6.70513550       2.74177379      14.86481016
C        3.08315100       2.33246211      15.15223411
C        4.42616205       2.06656230      14.75344900
C        2.80235004       3.53539234      15.85143989
C        5.41482119       3.02759000      15.06756363
C        2.09483233       1.32388988      14.74443685
C        3.80677443       4.39067738      16.21326496
C        5.14409439       4.19831973      15.79700714
H        4.71062965       1.23498655      14.24729473
H        1.82018374       3.68360221      16.14248768
H        2.27357517       0.33819913      15.06045512
H        1.09353676       1.73141566      15.13833822
H        1.86724871       1.09100887      13.73143795
H        3.51256511       5.25404224      16.86105659
H        5.90373256       4.87021186      16.15620145
H        7.15165495       3.48077484      15.32553042
O        6.22802896       1.93925450      17.51914228
C        4.35794801       0.41877374       2.51836454
C        5.21203578       1.30281812       1.79824307
C        3.86668572      16.97339680       1.82354351
C        5.34593471       1.13398954       0.43433043
C        4.10345935       0.65649218       4.00687249
C        4.09380226      16.78780299       0.42000359
C        4.87376350       0.07103442      17.41465190
H        5.69633332       2.10259854       2.27051905
H        3.35274594      16.23322095       2.33912219
H        4.45691340       1.59437698       4.39159874
H        2.98439268       0.54262896       4.17959945
H        4.58399394      17.62367233       4.65050984
H        3.81816232      15.90886960      17.57426693
H        5.06531133      17.69395753      16.31007725
H        6.23313567       1.93340794      16.57071957
O       12.01146793      10.54034414      15.37341265
C       11.29086273      11.44357766      11.77901413
C       11.94856501      11.34757751      13.06998594
C       10.31051963      10.46370924      11.50337370
C       11.46584546      10.51094716      14.09169573
C       11.79733214      12.35077665      10.62335208
C        9.79020555       9.56905864      12.50541783
C       10.38934252       9.60823346      13.76306197
H       12.73964571      12.01394478      13.23447958
H        9.86123463      10.46178725      10.50737953
H       11.73374347      13.39458163      10.82277934
H       12.79856317      12.10418102      10.25174421
H       11.11951187      12.27355873       9.80785170
H        8.92269172       8.98439771      12.35448993
H       10.08162651       8.96827482      14.51962274
H       12.89391784      10.79133539      15.46817542
O       13.80267687       8.83361126       1.47552588
C       15.27119153       8.90376108      15.85098445
C       14.30679306       8.85214429      16.87953397
C       16.67315970       8.82691179      16.17492625
C       14.71982577       8.69949612       0.49281111
C       14.80756935       8.97019001      14.41082104
C       17.05406831       8.57336350      17.46930511
C       16.08282485       8.54168878       0.73712916
H       13.27485092       8.87930068      16.75328743
H       17.43254697       8.88507910      15.36723013
H       14.62639344       7.95470244      13.97959425
H       13.84546912       9.43378000      14.44991246
H       15.50233402       9.54317094      13.72928065
H        0.42733547       8.56057857       0.07477510
H       16.44254615       8.47184768       1.75147580
H       12.95584802       9.18133199       1.12979309
O        8.92889474      13.53387185       8.03228342
C        7.26600268      10.37591637       8.73270856
C        7.98706131      11.54974673       8.89313724
C        6.85252053      10.03506294       7.37328961
C        8.33618081      12.39501591       7.76212071
C        6.83286275       9.67867653       9.97957969
C        7.20781062      10.84847780       6.27770805
C        7.92580098      11.99404679       6.50451945
H        8.11993867      11.97040576       9.93131192
H        6.13042210       9.19943742       7.25016152
H        5.99899845       9.03610802       9.72359407
H        7.63290779       9.12845827      10.40129800
H        6.46348822      10.48707221      10.67568907
H        6.82875845      10.60398749       5.31016158
H        8.18211044      12.61800007       5.67812427
H        8.90959269      13.80107991       8.96512767
O        1.40471165      12.29157011       3.00618827
C        1.89449489      11.71152959      17.14983554
C        1.25052008      11.83987223       0.68806288
C        3.29620366      11.85626338      17.07598298
C        2.00790500      12.13691744       1.81678765
C        1.04342780      11.66031921      15.87749879
C        4.06406671      12.24624204       0.42769864
C        3.39687090      12.28389521       1.70446381
H        0.16566813      11.79463720       0.70479793
H        3.81964081      11.95116321      16.16166678
H        1.61210152      12.23574702      15.11191737
H        0.97624540      10.69550622      15.42943819
H        0.11525185      12.13652809      16.06908041
H        5.12892826      12.51965337       0.27333875
H        3.97672782      12.43849445       2.61965560
H        0.48313662      12.47094745       3.02998501
O       14.82354408      13.88072280      12.11158137
C       17.62187277      13.24761982       9.87548582
C       16.83548765      13.43166413      11.07313531
C       17.06003834      13.56849860       8.65746497
C       15.49391770      13.82089278      10.97697057
C        1.36686523      12.83200649       9.98048460
C       15.68363286      14.04833201       8.62465071
C       14.88731663      14.22633601       9.77515513
H       17.24566337      13.07497504      12.00327845
H       17.62436236      13.45102792       7.68674252
H        1.72972692      12.50070436       9.05048151
H        1.88760762      13.69482048      10.43250407
H        1.60876977      11.99212906      10.58063887
H       15.31396944      14.41424774       7.68970437
H       13.88098029      14.55691709       9.69701366
H       15.03231222      14.71557187      12.53992116
O       14.59944889      12.31952411       1.94973279
C       13.62218618      14.57699628      16.98233445
C       13.82845772      14.00069793       0.55612142
C       14.33041455      13.94908096      15.89997907
C       14.48643505      12.81835384       0.66118056
C       12.89818849      15.82112351      16.88575872
C       15.02204283      12.69625955      16.00596108
C       15.19737192      12.21006944      17.26663618
H       13.38405697      14.40381764       1.45774093
H       14.39732719      14.41902197      14.93170866
H       13.30936301      16.61751504      17.50313016
H       12.93179514      16.12477278      15.83796086
H       11.87752580      15.70440373      17.18661694
H       15.49435182      12.32928205      15.09506413
H       15.76241226      11.28386731      17.41285648
H       13.80020065      11.99332192       2.40511643
O        8.28223069       4.04574836      16.44699997
C       11.20065223       5.94421341      15.23993418
C        9.95241589       5.29172314      15.17171324
C       11.90417706       6.16070909      16.41569984
C        9.46523337       4.70622038      16.38501200
C       11.93554465       6.32755739      13.97515019
C       11.47284768       5.38872797      17.51069156
C       10.22392883       4.79624111      17.54673816
H        9.35584325       5.24280093      14.31961315
H       12.92762371       6.57730349      16.49822663
H       11.20861345       6.50924607      13.14513936
H       12.59728118       7.15829281      14.09633690
H       12.49806157       5.43633542      13.63150742
H       12.04327499       5.45221157       0.75907620
H        9.97758747       4.25231507       0.70650518
H        8.35866824       3.55478563      17.29779444
O        5.27746445      13.53186177       7.98475716
C        2.45523048      15.71045064       6.96613402
C        3.46835072      15.12372690       7.68795878
C        2.25169114      15.28604573       5.63313596
C        4.27548262      14.14421982       7.21233316
C        1.57026359      16.75131199       7.53890175
C        3.14323730      14.30446369       5.08298023
C        4.11713699      13.69355121       5.89859251
H        3.62354269      15.53259039       8.64897836
H        1.48826788      15.82506532       5.01997280
H        0.59462453      16.27536478       7.61673126
H        1.94026085      17.15473934       8.43754648
H        1.44018869      17.63486599       6.89028453
H        3.04802644      13.97075307       3.99573901
H        4.78907788      12.99584795       5.33697927
H        5.68174706      12.82152730       7.48072122
O        9.94674370       2.34094208       3.69211075
C       12.11584665       1.79506963       0.82029972
C       11.72518991       2.19229185       2.09654083
C       11.23511396       1.10659629      17.71066779
C       10.36866667       1.97407366       2.43332902
C       13.48475499       2.16538443       0.32532854
C        9.89619110       1.00504766       0.34216558
C        9.42487682       1.48796085       1.53874772
H       12.37320733       2.71618531       2.74151661
H       11.45328244       0.86681482      16.69043373
H       13.36154414       3.05371832      17.40622793
H       14.11308293       2.39016479       1.20958352
H       14.01106842       1.37762143      17.41766981
H        9.17588648       0.44654195      17.46115529
H        8.35864716       1.38171924       1.72225899
H       10.70019742       2.71305088       4.14445403
O        7.12933039      15.01779499       6.29303146
C        9.80982217      15.39558028       3.82854461
C        9.20465608      15.10500478       5.07006067
C        9.15716733      16.08552835       2.79554046
C        7.85491137      15.37301403       5.10357038
C       11.31921188      15.13455862       3.60644197
C        7.79642101      16.30169281       2.80967905
C        7.10056131      16.00004468       4.00957426
H        9.73686866      14.48975089       5.82444331
H        9.72934686      16.26123392       1.90997346
H       11.40957879      14.12107145       3.20521151
H       11.73306302      15.85409107       2.97494641
H       11.84326215      15.03391798       4.52427395
H        7.28925073      16.61590612       1.88585357
H        6.03520034      16.02437419       4.10508202
H        7.71535295      14.73985501       7.01767631
O        6.10293458      14.26634922      10.19477178
C        6.42915127      12.15646797      13.27036022
C        6.72463661      13.11288679      12.24287927
C        5.18200023      11.55006203      13.31507028
C        5.82735540      13.34519539      11.17010279
C        7.42893593      11.82722485      14.34146511
C        4.26414825      11.81638057      12.35211420
C        4.62029743      12.63689414      11.26722304
H        7.66951845      13.59495628      12.28541826
H        4.88879243      10.82312011      14.05534121
H        8.40144350      12.16402161      13.94169062
H        7.14721037      12.31732259      15.22773932
H        7.44261194      10.80310257      14.57442651
H        3.24511993      11.40172998      12.36884385
H        3.86432262      12.87029717      10.45342684
H        5.73690531      13.97924466       9.35277203
O        5.45736072       2.14479727      11.51113196
C        8.72671627       3.54919332      10.70660949
C        7.74564779       2.57212918      10.87471806
C        8.48035737       4.93477473      10.81418952
C        6.52599358       3.01436113      11.22941379
C       10.17089666       3.04825295      10.52906138
C        7.11883562       5.33931381      11.00377973
C        6.20364680       4.36918461      11.27809826
H        7.94118263       1.58667081      10.71020744
H        9.27555312       5.70577940      10.81058158
H       10.64950177       3.54835053       9.71180893
H       10.76851659       3.06169455      11.45251944
H       10.01846178       2.01185924      10.20204487
H        6.91430639       6.36812404      10.89271113
H        5.14022147       4.69488563      11.40216385
H        5.74183282       1.26417359      11.76376723
O       14.45604898       4.77963860       4.08381947
C       16.99149942       4.39981704       1.32085372
C       15.98161437       4.95568100       2.20859533
C       17.37110806       3.07879360       1.58231753
C       15.37160112       4.17993055       3.22496588
C       17.43991946       5.10338470       0.13404084
C       16.83222721       2.36078541       2.63306435
C       15.91028692       2.93057695       3.48230207
H       15.63669821       5.92983231       2.08017661
H        0.37602172       2.72098018       0.84476012
H       17.58737302       6.14039949       0.35922344
H        0.67971768       4.65697613      17.54683048
H       16.65528689       4.92304530      17.10940600
H       17.31928877       1.37606311       2.74971667
H       15.63860445       2.34501689       4.32757722
H       14.38861362       5.72882455       3.91345291
O       15.66039608      16.40451955      12.81538691
C       17.45336160      16.05229028      15.99066679
C       16.94311455      15.73392923      14.73813436
C       17.02598696      17.22057450      16.63653752
C       16.11775367      16.63217723      14.04508226
C        0.79695617      15.13974589      16.57865004
C       16.20361477       0.42025040      15.96519519
C       15.70209159       0.12097690      14.69988589
H       17.32536436      14.78937003      14.31685481
H       17.29860286      17.57572509      17.60117404
H        1.31510535      15.77287644      17.33129012
H        0.26777830      14.44973478      17.20590927
H        1.47709798      14.66847045      15.78178352
H       15.93204580       1.31302370      16.59885825
H       14.83726698       0.66845475      14.29484229
H       15.93826551      17.09427814      12.20795942
