512
Lattice="17.7128441229 0.0 0.0 0.0 17.7128441229 0.0 0.0 0.0 17.7128441229" Properties=species:S:1:pos:R:3 pbc="T T T"
O       14.88070176       3.32534368       3.13911727
C       11.61009868       3.43887820       4.82570127
C       12.82573270       3.01261196       4.18810689
C       11.36428045       4.82839336       4.87965634
C       13.70117635       3.92712651       3.56312796
C       10.76526945       2.42380720       5.63657254
C       12.18209907       5.71088242       4.15217354
C       13.35075774       5.26985557       3.52977298
H       13.21034437       1.94921291       4.14284503
H       10.55577554       5.23961083       5.40999288
H        9.88278039       2.83712570       6.05440153
H       10.35530127       1.65293889       4.90937019
H       11.39125608       1.82520297       6.32845708
H       11.91125900       6.74207070       4.05441453
H       14.11301596       5.91359093       3.08884088
H       15.52857581       3.77431716       2.50310727
O        5.71875542       8.66986042       3.03576396
C        6.99044863       5.23658101       3.56438034
C        6.54644683       6.37873705       2.91767246
C        6.83803555       5.08375772       4.96507972
C        6.10825757       7.53408200       3.64633629
C        7.61503736       4.15222303       2.69637916
C        6.41302456       6.21022936       5.69233281
C        6.03974497       7.36925114       5.08254893
H        6.57928927       6.58851943       1.84394083
H        6.98230587       4.13291073       5.30589792
H        6.93291002       3.39625856       2.33576164
H        8.22642752       4.51489173       1.81237530
H        8.32754615       3.55943615       3.39584235
H        6.24010569       6.05065384       6.71248848
H        5.65802514       8.18817848       5.70517954
H        4.95779738       9.13339259       3.32091889
O       17.26193941       4.08400874      10.71325577
C       14.65079016       3.92611483       8.17575083
C       15.31198853       4.05404636       9.44190265
C       15.24656079       3.12953603       7.15123691
C       16.59711684       3.51449188       9.65965605
C       13.32569995       4.56926865       7.94603067
C       16.55415789       2.53962500       7.37053243
C       17.23989050       2.81401956       8.59571915
H       14.91612524       4.77629577      10.10807739
H       14.83582960       2.96338690       6.20861069
H       13.28081887       5.22747449       7.06252033
H       12.60459605       3.80151998       7.73800808
H       12.97665946       5.19675548       8.80795372
H       17.08391744       1.89821656       6.63632885
H        0.61295698       2.51297711       8.68982287
H        0.44835673       4.14932182      10.49392076
O        3.69804380       1.97815831       8.83329531
C        2.60307392       1.50254518       5.36264499
C        2.58784206       1.60461700       6.73282902
C        3.86846681       1.47102060       4.73495291
C        3.74170180       1.69600118       7.49302199
C        1.23556933       1.30870255       4.59041929
C        5.02902731       1.42969569       5.51580939
C        5.04132220       1.51377567       6.89229205
H        1.65496569       1.39648418       7.10185653
H        4.07440270       1.32556825       3.70734630
H        0.56210212       0.66259183       5.10933940
H        0.79697536       2.28845628       4.54786397
H        1.36383162       1.04438735       3.54078911
H        5.97360633       1.46155760       5.00684894
H        6.05673050       1.60553443       7.39696297
H        4.58823942       1.96281031       9.26279569
O       11.62487361       8.68815459       9.80912060
C       14.40772781      11.03392191      10.36356549
C       13.08233226      10.56683566      10.27790439
C       15.53422032      10.10302657      10.16921118
C       12.85793564       9.18967340      10.13324307
C       14.68901710      12.50292305      10.39983000
C       15.30764630       8.73374234      10.05517178
C       14.00855286       8.31840187      10.03621763
H       12.30372790      11.31234221      10.40286730
H       16.48330463      10.53680279      10.19180676
H       13.79014973      13.11388016      10.21820036
H       14.93986153      12.82947128      11.39465514
H       15.46926535      12.68527079       9.70407812
H       16.12861095       8.06637810       9.92751509
H       13.72429051       7.31472604       9.79521410
H       10.82620555       9.19086931       9.88513570
O       14.36631532      12.20813622       2.93705699
C       15.20700694      15.81547928       3.39733200
C       14.48837136      14.62263509       3.06287091
C       16.46871062      15.70619529       4.01612707
C       15.02453286      13.37518736       3.32410508
C       14.52275334      17.14576679       3.12964395
C       16.92174830      14.44118272       4.38070032
C       16.22108488      13.28115197       4.03196543
H       13.55417063      14.69263428       2.59498433
H       17.13997063      16.59591263       4.25905658
H       13.96178677      17.35764136       3.96712920
H       15.32652112       0.19799449       2.94162515
H       13.90210190      17.05325050       2.24353862
H        0.09553859      14.43066558       4.99522678
H       16.64134042      12.31375278       4.26189691
H       13.71903089      12.52190887       2.23672871
O        3.39355623      10.04330425       3.24460451
C        3.87713710      11.28153453       6.65128153
C        4.22688895      10.85482316       5.31279326
C        2.54695296      11.52594872       6.97038412
C        3.10662025      10.59970098       4.42946362
C        4.95928235      11.62683542       7.66684730
C        1.51506297      11.48521105       6.07373424
C        1.79767939      10.86092933       4.80513735
H        5.19471347      10.52797824       5.01076268
H        2.18183814      11.76782290       7.99451617
H        5.91192365      11.29142059       7.28932322
H        5.00337137      12.65737145       7.75380296
H        4.90231116      11.19169509       8.63014728
H        0.49964866      11.67241187       6.33057964
H        0.92602626      10.58272517       4.20890263
H        2.61711875      10.03272709       2.67568620
O        2.29625391       4.17383901      10.02938231
C        2.08690925       7.71865149       9.06872731
C        1.98658279       6.48507847       9.79271043
C        2.51995054       7.66607668       7.72365442
C        2.28335907       5.27376602       9.18714466
C        1.54622532       9.02409875       9.57753216
C        3.05256174       6.46367819       7.22788488
C        2.86297069       5.27572610       7.90534666
H        1.66363068       6.53779241      10.80549168
H        2.56790968       8.60892782       7.20441397
H        1.29032218       9.02039593      10.60098605
H        2.18294189       9.92324022       9.40801722
H        0.62538955       9.16312270       8.91849084
H        3.53915986       6.50724193       6.21628341
H        3.31382005       4.29989582       7.51552856
H        2.62412441       3.33542510       9.64235446
O        2.60265737       3.04705697      12.85163906
C        3.07234746       6.37521945      14.27630372
C        2.81445589       5.36357344      13.33071669
C        2.80504060       6.13068491      15.63566947
C        2.52823542       4.03289595      13.76126384
C        3.48869754       7.76051994      13.79967792
C        2.46918462       4.82208064      16.00819285
C        2.31444664       3.76327186      15.09856654
H        2.84650584       5.52306460      12.26572984
H        3.12206574       6.89012974      16.33373813
H        2.90938689       8.11612139      12.92379881
H        3.34759489       8.57353382      14.59724086
H        4.47764073       7.83610248      13.38062982
H        2.43400665       4.65945022      17.12258171
H        2.23013075       2.78116931      15.53149503
H        2.99639438       3.32906849      12.06111365
O        6.19210275       0.41763234      12.81274473
C        3.37419279      16.71282184      14.76392520
C        4.09374991      17.31241625      13.70826396
C        4.00959176      16.33761932      15.91795783
C        5.51492292      17.46947112      13.84046983
C        1.88953922      16.61943788      14.80072397
C        5.39654034      16.54554021      16.03766471
C        6.19082625      17.00982943      15.01100480
H        3.65928464       0.03579679      12.85715154
H        3.46282482      15.82839298      16.77160366
H        1.55202470      16.89816584      15.82335277
H        1.41096966      17.30864249      14.13932996
H        1.52656854      15.61455316      14.77925267
H        5.89518601      16.26182593      16.86566326
H        7.27238420      17.13288527      14.99211021
H        7.13280918       0.56642371      13.11274713
O       15.42391572      14.46316680      13.01082303
C        0.64209450      12.22378292      13.35443036
C       16.98332379      12.76662422      13.46608571
C        1.63007817      13.04207208      12.70294941
C       16.68251086      14.01167956      12.97839404
C        0.94977199      10.80689553      13.93573180
C        1.27176117      14.38003252      12.31705602
C       17.67214519      14.90342068      12.44204001
H       16.24229579      12.08886636      13.90428147
H        2.64552238      12.75001855      12.52348939
H        0.85888718       9.98191972      13.20103703
H        2.07765196      10.89449759      13.99836588
H        0.41333806      10.62124857      14.89579140
H        2.04751438      15.04208541      11.92601541
H       17.35082745      15.86880757      12.05666432
H       15.24142370      15.23984461      12.48346778
O        9.02661975      13.00183357       9.77428952
C       11.85144263      13.29203265       7.46409054
C       10.88896199      12.70850499       8.25950911
C       12.10116206      14.68715254       7.50320515
C       10.05823825      13.51118288       9.05107496
C       12.51775928      12.49844995       6.40738848
C       11.23903183      15.50277949       8.21280930
C       10.23643476      14.91932133       9.02839811
H       10.69815079      11.69907550       8.21619909
H       13.02879652      15.03743940       6.97269359
H       13.61627920      12.78188193       6.26937652
H       12.47280889      11.43814772       6.72166549
H       12.07403847      12.71132049       5.49545621
H       11.32835395      16.57329182       8.08826606
H        9.64982393      15.66073451       9.56605804
H        8.46803680      13.62494006      10.23422736
O        9.57020780       9.91529310       0.01785257
C        6.86708264      12.16561884       1.09917143
C        8.12853975      11.68428568       0.74808771
C        5.80868120      11.31924989       0.99243258
C        8.30262247      10.37655388       0.23365148
C        6.57593400      13.64595291       1.49001419
C        5.86999310      10.03790339       0.41414704
C        7.14824971       9.48841525       0.15545182
H        8.94016053      12.35604610       0.93097620
H        4.72377667      11.51295043       1.16285547
H        7.40104486      14.28122470       1.06158102
H        5.67182824      14.07770823       0.99973880
H        6.64291860      13.79500788       2.53845235
H        4.97212830       9.41093662       0.37180395
H        7.18537701       8.46973699      17.55356245
H        9.44553148       9.17342026      17.14565084
O        8.78976352       1.13091369      13.83373741
C       11.45692354      16.53568080      13.00234404
C       10.18707097      17.08362097      13.16213705
C       12.55648113      17.27010773      13.63779424
C        9.95767789       0.56147795      13.83208230
C       11.79778526      15.37628383      12.12231447
C       12.26641372       0.77455805      14.23121030
C       10.97287695       1.31832901      14.35653622
H        9.31679752      16.50912303      12.74235216
H       13.54113079      16.97260954      13.58438164
H       12.78286724      15.00070679      12.36372803
H       11.25024708      14.44629325      12.21734855
H       11.81604424      15.60763282      11.14525055
H       13.11668000       1.36177898      14.53528215
H       10.96752292       2.33836270      14.80235785
H        8.81433581       1.93166065      14.32235650
O       15.59893397       9.57830074       2.97852014
C       16.62702921       6.90829957       5.29325263
C       16.27052197       7.56235507       4.11282111
C       16.67900175       7.64063338       6.51251567
C       15.93325414       8.94241883       4.14186162
C       16.98641807       5.41365380       5.32283043
C       16.45853325       9.04806038       6.52894642
C       16.07702627       9.62669910       5.37127799
H       16.28256143       6.85198890       3.26800799
H       17.02477251       7.05626755       7.37561286
H       17.11453732       5.16752590       6.35923940
H       16.29142098       4.75556550       4.77124197
H        0.24786191       5.18803660       4.83323716
H       16.56362139       9.70034451       7.38272941
H       15.93633701      10.64962297       5.34189055
H       15.07248785      10.31066002       3.05654450
O       11.11253759      10.08794138       2.26736027
C       11.72990267       8.71360591       5.68619884
C       11.90846327       9.30155778       4.37817495
C       10.38826091       8.61473570       6.14724832
C       10.81386975       9.73762692       3.55589213
C       12.88937743       8.32321713       6.51744999
C        9.35675056       8.99393326       5.29705629
C        9.50898251       9.56692865       4.03725090
H       12.89545135       9.48838071       4.02578374
H       10.14913508       8.24127084       7.14765323
H       12.79927155       7.68850038       7.41293628
H       13.59405608       7.71079962       6.00310682
H       13.44324171       9.20876061       6.98554982
H        8.33860342       8.81472346       5.56353554
H        8.79024061       9.85724265       3.35227465
H       10.35081101       9.91693956       1.68106380
O        8.84429116       3.47781360      15.28873493
C        5.91382255       2.99738218      17.29318890
C        6.99774016       2.76642677      16.51196361
C        5.58520326       4.33249999      17.69081071
C        7.76878981       3.85128583      15.99353249
C        5.03314053       1.85091731       0.06480626
C        6.22408678       5.40567165      16.96377637
C        7.32901286       5.17691066      16.11412103
H        7.18545340       1.73866221      16.20716066
H        4.74086444       4.59617174       0.61463757
H        4.99529576       2.06884918       1.16537933
H        4.04309400       1.81593138      17.23708775
H        5.52862427       0.92926850      17.65931362
H        6.12139952       6.47059719      17.32960267
H        7.71599448       6.06449933      15.68147426
H        9.05126585       4.27852935      14.82465439
O        6.33419950      16.92851143       3.12435408
C        2.91039008      16.08375264       2.43774143
C        4.15913817      16.71162641       2.33002133
C        2.71383051      15.16680701       3.36652833
C        5.15723512      16.35493983       3.18768909
C        1.72067283      16.54396069       1.58410233
C        3.70095193      14.77607152       4.24975894
C        4.93906931      15.38198145       4.18885943
H        4.28440568      17.53392167       1.66209570
H        1.66225093      14.71545100       3.46037300
H        0.69359433      16.27209464       1.85379426
H        1.83291326      17.57504424       1.25204147
H        1.82064352      15.96997232       0.62347286
H        3.48612655      13.97985588       4.99618315
H        5.63048762      15.06226993       4.92973577
H        6.98356424      16.46602961       3.66876489
O       11.53162680       7.24181973      12.26232205
C        8.08715591       7.98553795      13.36194854
C        9.46613782       8.14813164      13.17829282
C        7.48257460       6.74997692      12.94613989
C       10.21685486       7.10326106      12.58293117
C        7.12853095       9.03832056      13.91436220
C        8.25362880       5.70454973      12.38122183
C        9.63748712       5.84156189      12.29668740
H        9.92469020       9.08517753      13.44079493
H        6.48262246       6.46280190      13.11220647
H        6.19633746       9.20559810      13.39007858
H        6.83606787       8.83088844      14.93692815
H        7.59086483      10.04021213      13.83150604
H        7.88285276       4.76330063      12.04092139
H       10.25462356       5.06375118      11.92108560
H       11.55945633       7.58612294      11.33885063
O       15.70870308       7.19807930       1.09660198
C       16.75941230       7.71870493      15.26358904
C       16.47022322       7.06239412      16.51809743
C       16.15392529       8.95391317      15.05969187
C       15.83930457       7.76671316      17.57088415
C       17.42289968       6.93078176      14.13678484
C       15.44322571       9.61700022      16.10385466
C       15.31548177       9.03102213      17.37683160
H       16.88655424       6.02936033      16.65012457
H       16.26445941       9.49698899      14.18271321
H        0.40210213       6.20161904      14.46046806
H       16.56255898       6.24512207      13.76041248
H        0.09544956       7.52937830      13.28842120
H       15.03512778      10.63388295      15.93522686
H       14.75596016       9.55165101       0.45177519
H       15.39547685       7.84640255       1.67209813
O        9.24319648      10.02664045       9.92315862
C        5.71594370       9.87614831      10.87008360
C        7.04457183      10.25613397      10.67787482
C        5.26356060       8.59806639      10.42451830
C        8.02468226       9.47805966      10.14183668
C        4.75798205      10.86629090      11.45997124
C        6.29092136       7.76307159       9.88092447
C        7.63535689       8.17301542       9.74803909
H        7.33395752      11.23303905      11.11403984
H        4.21122963       8.23999503      10.36258899
H        5.23923516      11.31257116      12.32919423
H        4.62129774      11.65974653      10.64369793
H        3.87311641      10.35385891      11.78800082
H        5.99016402       6.78731128       9.52510502
H        8.31725644       7.45045091       9.26835076
H        9.25901106      10.97632126       9.96331622
O        0.81783090       9.44407264       1.24326352
C       17.55048800      12.66355894      17.58258296
C       17.48068818      11.48208527       0.58782710
C        1.06110962      12.97817443      16.88375875
C        0.91645027      10.69139438       0.69559877
C       16.31858520      13.46059428      17.29808304
C        2.23771114      12.29596968      17.17079634
C        2.17235016      11.12057033       0.27880785
H       16.53302680      11.34300011       1.03261585
H        0.97390148      13.67824182      16.08611093
H       15.81861577      13.73339407       0.53515561
H       16.52674319      14.46319832      16.80663844
H       15.55217348      13.01601007      16.69106372
H        3.17549693      12.65809728      16.78844034
H        2.96956613      10.42833462       0.52348102
H        0.00559524       9.12944959       1.64819688
O       14.96892917      16.92721908      11.65979942
C       15.49095838      15.72332276       8.21881274
C       15.55375588      15.79333795       9.65242038
C       14.86880111      16.76947440       7.51350656
C       14.95786066      16.86768458      10.31857851
C       16.11825955      14.56773546       7.39102864
C       14.27580448       0.13621052       8.25784751
C       14.39938076       0.26593087       9.62556834
H       16.09675822      14.96031005      10.10310689
H       14.91022819      16.84224250       6.45326973
H       16.37207529      13.70426150       8.05351266
H       15.35717494      14.02221008       6.77188729
H       16.87147556      14.97088746       6.79267795
H       13.83403558       0.94728869       7.71934927
H       13.99943807       1.05288521      10.21997448
H       15.30888569       0.05526849      11.89532366
O       12.18272648      12.73304811       1.33815785
C       12.63263999      11.69253876      15.51318209
C       12.47393783      11.62740192      16.92576471
C       12.82447305      12.95979202      14.93499500
C       12.51359886      12.80346643       0.00270307
C       12.41155780      10.50236001      14.60478024
C       12.86634864      14.15061451      15.71795589
C       12.71280634      14.04517185      17.09232703
H       12.06584853      10.63732187      17.18004699
H       12.98783943      12.93807811      13.84959295
H       12.75722463       9.55567095      15.07872466
H       11.37482489      10.20258248      14.49296761
H       12.83717869      10.80470820      13.65279986
H       13.08558569      15.03005512      15.12992347
H       12.60731523      14.93789133       0.05515815
H       11.99818247      11.77476759       1.51462472
O        9.63082475       7.78306124      16.19914369
C       12.36800018       5.26840386      16.22195272
C       11.46262166       6.29323834      15.80129028
C       12.22414409       4.66457884      17.49244651
C       10.50164873       6.82605320      16.67739294
C       13.47700294       4.86653063      15.32863192
C       11.24603442       5.22161472       0.66308316
C       10.38677392       6.29655960       0.22710047
H       11.61329380       6.62353228      14.79185170
H       12.97889490       3.97595027       0.09234149
H       14.07095644       5.76747236      14.98130502
H       14.10958714       4.06984255      15.84999332
H       13.12473710       4.47127292      14.35607961
H       11.18624123       4.89686787       1.67494666
H        9.57857353       6.71170517       0.87747173
H        9.56529601       7.68447192      15.23616409
O        5.51131427      15.11419072       8.89961105
C        2.12507733      16.44799471       9.42333674
C        3.45019883      16.08433991       9.71827156
C        1.46477175      16.09427211       8.29230980
C        4.14392181      15.36496897       8.78230893
C        1.52703127      17.39421318      10.41569513
C        2.09034154      15.13264079       7.49946593
C        3.47325047      14.87436549       7.66368411
H        3.83246143      16.39782902      10.68427238
H        0.51908309      16.55798500       8.17458705
H        1.62233330      17.23232280      11.52563766
H        1.96062995       0.68599331      10.24487022
H        0.47571578      17.53144428      10.13567797
H        1.50857278      14.83625306       6.62001019
H        4.01364363      14.29279276       6.97770303
H        6.06020887      14.99784429       8.12315732
O       12.60735108       1.36740108       1.19174815
C        9.84817953      16.96466067      17.51975056
C       11.12333121      17.51026613       0.00740323
C        8.73845812      17.42813453       0.60612613
C       11.32866736       0.81825632       0.96480320
C        9.68970207      15.88512702      16.50102584
C        8.96205142       0.78781930       1.53089517
C       10.23864778       1.31264410       1.67143620
H       11.97170530      17.00462838      17.14613115
H        7.79033642      16.95595035       0.45663367
H       10.35722978      16.23150659      15.66318923
H        9.96659735      14.88492662      16.84783097
H        8.60014895      15.71511008      16.25312763
H        8.15239946       1.23720740       2.17697890
H       10.38626967       2.11992426       2.38989913
H       12.85555782       2.06208180       1.72527616
O        7.63878899      14.28218244       7.40799464
C        9.31358628      15.51673591       4.37251732
C        8.63908870      14.66092891       5.27620596
C        9.30934229      16.94432080       4.61593191
C        8.07875109      15.18548360       6.47374293
C       10.12826967      14.93513969       3.27768023
C        8.65405383      17.45970308       5.72157906
C        7.94885311      16.60625108       6.62497683
H        8.59061372      13.56382332       5.20560325
H        9.87771459      17.60457143       4.01075895
H       11.16052331      15.40551513       3.31373951
H       10.34089365      13.84987619       3.52034323
H        9.56975955      15.16395641       2.43750382
H        8.61669883       0.79357097       5.88669145
H        7.47782775      16.99764299       7.54121536
H        8.28194024      13.55891119       7.51449145
O        7.31955970      14.74488087      10.84505643
C        8.03620427      13.31238200      14.18075568
C        8.16007185      13.62705543      12.77813184
C        6.74777375      13.28732143      14.69698717
C        7.08127977      14.17358238      12.08209836
C        9.18148065      12.91592003      15.08289045
C        5.63904260      13.69629038      13.92626554
C        5.77576061      14.17106469      12.65470505
H        9.17920587      13.56639459      12.39207151
H        6.52538122      13.04862360      15.66446009
H       10.05295585      13.60411501      15.00540466
H        8.84552713      12.89365211      16.16192975
H        9.52227131      11.83814429      14.86349934
H        4.62741365      13.73963334      14.27593439
H        4.89820106      14.66299718      12.10329213
H        6.56963471      15.14752640      10.31814949
O        6.27793127       2.03563585       9.95875509
C        9.74959654       3.14962726       9.61578132
C        8.59451286       2.42880735       9.94922733
C        9.69911716       4.33565501       8.85693882
C        7.29620856       2.77007160       9.53241178
C       11.08490443       2.65797469      10.06066803
C        8.32950565       4.67605212       8.39469731
C        7.16203971       3.90941731       8.68002839
H        8.68080547       1.55985901      10.58485834
H       10.63170530       4.88033129       8.53803019
H       10.99696028       2.17861016      11.02419217
H       11.57584927       1.96359101       9.41605241
H       11.77089306       3.43432216      10.20127855
H        8.22086690       5.58102964       7.87887265
H        6.20590922       4.27470338       8.29613872
H        6.47212029       1.45284091      10.63219295
O       16.42301291       4.64794213       1.32347398
C        2.23524177       5.74945739       2.09067444
C        0.88127344       5.75923221       1.75228312
C        2.87154828       4.51389967       2.32284264
C        0.08129158       4.63321858       1.69234644
C        3.03030441       7.03662353       2.04528387
C        2.08434567       3.39674929       2.12872358
C        0.71727606       3.41926098       1.83512743
H        0.41999494       6.73314470       1.48569834
H        3.89972136       4.37676972       2.42776251
H        2.71103514       7.67707614       1.23356423
H        2.83356916       7.51572200       2.98161000
H        4.07899005       6.99539003       1.97533324
H        2.67758327       2.50228892       1.97045323
H        0.14453534       2.48273626       1.67135604
H       16.06959888       5.52985083       1.12513953
O       16.80533795       1.85732527      12.35544659
C       15.94239379       0.48484329      15.56508585
C       16.16456925       0.52525402      14.17831622
C       16.05779054       1.71078481      16.27483509
C       16.60693643       1.71844437      13.66496456
C       15.67245679      16.86875867      16.16432321
C       16.55529018       2.92059192      15.69377584
C       16.82136232       2.86803030      14.33954642
H       16.21136968      17.31271733      13.60329692
H       15.97139941       1.76418752      17.38826269
H       16.32419881      16.17375003      15.79894072
H       15.73783667      16.90353725      17.24649158
H       14.69541903      16.48830996      15.85558983
H       16.85075505       3.77638939      16.24498021
H       17.15309245       3.77592529      13.80312141
H       16.88635238       2.71964123      11.97054545
