512
Lattice="17.7128441229 0.0 0.0 0.0 17.7128441229 0.0 0.0 0.0 17.7128441229" Properties=species:S:1:pos:R:3 pbc="T T T"
O       11.74481641       4.09073567       4.65628811
C        9.14372562       5.10778635       7.08805136
C        9.77895192       4.51021180       6.00560671
C        9.89858258       6.04220364       7.84747371
C       11.12475775       4.71023934       5.74763307
C        7.70923119       4.84577849       7.46038339
C       11.23236341       6.34421765       7.56270161
C       11.88137818       5.60488758       6.54317062
H        9.15931245       3.87462383       5.40303615
H        9.33105029       6.67141444       8.48144875
H        7.20651396       5.71471125       7.15573585
H        7.37595965       3.99500881       6.95654365
H        7.59519394       4.78696401       8.62943787
H       11.80534839       7.16960865       7.99434061
H       12.93219397       5.83144753       6.34879905
H       12.61897903       4.45726304       4.53826804
O        8.31650748       3.95810043       2.18308407
C        9.15139623       7.23770791       3.61296655
C        9.27834755       5.89238756       3.16149098
C        7.86637078       7.84064383       3.53664401
C        8.18306093       5.26906532       2.57286839
C       10.33664923       7.99342273       4.14127546
C        6.76386603       7.16093287       3.03167655
C        6.96343129       5.89492973       2.50329492
H       10.30756743       5.45370535       3.08979419
H        7.63967109       8.73325958       3.91432061
H       10.99751245       7.44854812       4.87686304
H       11.06474973       8.22180671       3.40384856
H       10.02458405       8.93583727       4.52685314
H        5.84796275       7.65091526       3.05636337
H        6.09141106       5.35214346       2.12766324
H        8.90593285       3.41403814       2.69460874
O       17.16363189       1.08398292      10.96951919
C       14.65529783       2.21681396       8.41812952
C       15.89599534       2.19024511       9.11097446
C       13.55827196       1.32655641       8.69556278
C       15.98234593       1.23600223      10.21151372
C       14.48658212       3.22076602       7.32670246
C       13.72361966       0.47244811       9.76364487
C       14.90582420       0.47941265      10.46697819
H       16.72994278       2.93984873       8.90234789
H       12.71003211       1.43383140       8.06902031
H       15.08318132       2.88670393       6.49415479
H       13.42822849       3.33299124       6.99523040
H       14.87301815       4.15044778       7.62974058
H       12.91146716      17.52793369      10.09747281
H       14.89385866      17.49474959      11.22537578
H        0.12972726       1.73171388      10.95013471
O        3.50435899       3.24844216      10.47262180
C        2.46833341       2.18834370       7.16144450
C        2.39238063       2.66168601       8.44777221
C        3.71236734       2.03612593       6.50797346
C        3.61776339       2.84248306       9.19132724
C        1.21364123       1.65885173       6.52959533
C        4.89157930       2.35797593       7.23662584
C        4.82743688       2.69897905       8.60217824
H        1.47253496       2.82042953       8.98119255
H        3.84356962       1.62120606       5.50700230
H        0.96672638       2.28606881       5.73977403
H        1.32284007       0.66926316       6.09958745
H        0.32351723       1.77693337       7.17648225
H        5.86171597       2.29944382       6.79978289
H        5.86350742       2.87252750       8.97946658
H        4.34759232       3.14984073      10.90663158
O       12.06452766       9.16899505      10.39408620
C       15.42312457       8.22212810      11.13822752
C       14.27575707       8.95245787      11.03237386
C       15.42047670       6.85514046      10.77696201
C       13.12226387       8.36544204      10.66755689
C       16.69338380       9.00441262      11.40533129
C       14.19103714       6.20249206      10.47005300
C       13.06773956       7.01201883      10.43740196
H       14.23313382      10.01418606      11.08326319
H       16.26960344       6.24262868      10.78363020
H       16.34734172       9.68678928      12.23439219
H       17.54224239       8.43292543      11.64743032
H       17.06991298       9.52106062      10.48796464
H       14.16246058       5.12888695      10.26534184
H       12.14135260       6.61072743       9.99151475
H       12.20633887       9.98009439      10.84964280
O       16.63711952      13.96114949       3.48416160
C       14.16860623      15.79191349       5.67298074
C       15.11762627      14.73310789       5.26718191
C       13.93715181      16.92519515       4.83352562
C       15.72443492      14.88182811       3.99974352
C       13.42613167      15.72996327       7.00437673
C       14.75929487      17.11013358       3.70321340
C       15.57833845      16.06199447       3.25372722
H       15.23987214      13.82769371       5.79264398
H       13.20425130       0.01042508       5.06840322
H       14.15081830      16.05091131       7.79516577
H       12.50259477      16.41897128       6.89316997
H       13.09834142      14.65487837       7.21147892
H       14.72513976       0.29846439       3.06761748
H       16.01646666      16.26886785       2.22507071
H       16.29676846      13.26731471       2.93033326
O        3.42853352       8.94843633       2.46854800
C        2.92778322       5.33370310       2.91848472
C        3.36672333       6.58306558       2.42173610
C        1.76962627       5.32669446       3.68610570
C        2.78416722       7.76442208       2.88331703
C        3.52889225       3.99736081       2.52128752
C        1.00533764       6.49823633       3.98048174
C        1.63084202       7.77134258       3.70691204
H        4.31159268       6.63473705       1.83363378
H        1.39589970       4.37215027       3.97683817
H        4.10536881       4.12659770       1.57732804
H        4.16222443       3.63348615       3.30385999
H        2.82191989       3.15991911       2.26686846
H        0.06763059       6.43487625       4.46571938
H        1.16438276       8.75050710       3.96330506
H        2.79610350       9.68061192       2.59337774
O        4.63702382       8.84247183      10.93362679
C        2.82540371       9.04305876       7.70812507
C        3.56601926       9.39392351       8.88601332
C        2.64824217       7.63727367       7.45440451
C        4.04256609       8.43808050       9.77823218
C        2.37721330      10.11485396       6.74119297
C        3.09045792       6.64573601       8.35629434
C        3.77247152       7.08419142       9.54568844
H        3.82881781      10.41203040       9.09226742
H        2.15091746       7.39174130       6.51450938
H        1.78921728       9.54496608       5.98693041
H        1.94910419      10.98467471       7.21646235
H        3.31235238      10.35922689       6.29280500
H        3.01050143       5.59477187       8.14377017
H        3.97313778       6.43266359      10.33023940
H        5.38273733       9.33078850      10.83284959
O        1.03150243       3.06510892      11.54144321
C       16.41762921       4.78094387      13.78893899
C       16.91755580       3.78480090      12.85006690
C       17.18502051       5.88829496      14.16799861
C        0.48661020       3.98576793      12.37627544
C       14.94078596       4.68801923      14.35358121
C        0.82619177       6.04541598      13.70930395
C        1.26936965       5.06365924      12.80027927
H       16.24140963       3.03772191      12.46428056
H       16.76502167       6.64130278      14.86710299
H       14.63205497       5.76872738      14.60905553
H       14.19322316       4.40678341      13.55137420
H       14.77017330       3.93466850      15.09779621
H        1.52181815       6.75239551      14.02342472
H        2.32094142       5.07785211      12.57665884
H        2.00565520       3.11200378      11.45271562
O        6.74170568      17.51767352      12.19037662
C        3.26653275      16.26069275      12.13280573
C        4.46367259      16.87363536      11.81698080
C        3.16106994      15.71999205      13.45718112
C        5.61257039      16.87463864      12.61280456
C        2.13958829      16.33180013      11.11260348
C        4.28578625      15.70611411      14.28241142
C        5.47870872      16.33336216      13.86898176
H        4.57715212      17.33906556      10.92128823
H        2.22705733      15.31791416      13.78786290
H        2.51532602      17.01808386      10.33899632
H        1.67936139      15.40363054      10.73446430
H        1.31855850      16.79407588      11.68824669
H        4.18252258      15.38920726      15.32140870
H        6.35465360      16.32661183      14.47729006
H        7.33561147      17.60409066      12.90000384
O        3.27272720       9.36103749      15.58652935
C        6.91987259       8.44223942      15.64523663
C        5.62530221       8.89168383      16.07094670
C        7.13912180       7.89986980      14.35598890
C        4.51666620       8.82044838      15.19020804
C        8.12713687       8.53362399      16.61284247
C        6.00507806       7.74377760      13.56595148
C        4.72718882       8.22079616      13.92087886
H        5.62925470       9.45866173      17.02130990
H        8.06131630       7.51980955      14.04759730
H        7.89157936       9.16797577      17.46708147
H        8.39611130       7.60103940      16.96342764
H        8.91731793       9.05065990      16.06358138
H        6.05124672       7.33165791      12.57175271
H        3.98307284       8.15374398      13.18250351
H        3.38552753       9.92861946      16.34525696
O        7.45987892      14.82683554       8.96089427
C        8.64813612      17.60537830       6.81393609
C        8.69242741      16.59470582       7.79695058
C        7.48691226       0.11026401       6.02264527
C        7.48562234      15.86042399       8.08560514
C        9.90887219       0.72458359       6.51396427
C        6.33613598      17.09195938       6.31735336
C        6.28624060      16.21239999       7.43213384
H        9.54573892      16.47128546       8.41415858
H        7.40285868       0.77271447       5.16179338
H        9.91900084       1.09699996       5.50628503
H        9.89453036       1.65459689       7.02443564
H       10.77362956       0.11286346       6.72954799
H        5.31688511      17.10238200       5.80477325
H        5.35045185      15.67619461       7.64216678
H        6.73688170      14.90881853       9.66242006
O       12.10976621      10.67662694      17.63136870
C        8.74644092      11.49591167       0.99105584
C        9.98657122      10.94938246       0.96106507
C        8.47769226      12.51787049       0.05278249
C       10.97313665      11.40954982       0.01638610
C        7.64088864      11.04154804       1.94548648
C        9.46754789      12.99853261      16.87991525
C       10.69506358      12.44677467      16.84606234
H       10.26503447      10.11018353       1.53361120
H        7.59558427      13.09178369      17.64328766
H        7.39725392      11.82080118       2.63000867
H        6.72313513      10.75855870       1.40167336
H        8.08172068      10.24103161       2.38328491
H        9.21279356      13.80178062      16.19420097
H       11.38285485      12.65903514      16.13397240
H       12.37237966      10.81926103      16.71391935
O        8.02263511       1.01599668      14.58340840
C       10.72723535      16.46599615      13.70946293
C        9.51757253      16.92033067      14.25462514
C       11.53757914      17.31262699      12.94862692
C        9.18178299       0.57361672      14.09307371
C       11.26993133      15.07900355      14.04332165
C       11.20372673       0.93866585      12.83929721
C       10.03643517       1.40783430      13.40310131
H        8.83238094      16.24644982      14.73442705
H       12.48903433      16.99420057      12.67794837
H       12.23631119      14.96229787      13.62978494
H       11.19872489      15.00728678      15.15259462
H       10.60433583      14.27644876      13.65615068
H       11.87327839       1.62229311      12.30683454
H        9.77226614       2.49997852      13.25594128
H        8.02741027       1.96729678      14.64480955
O       14.23870209       7.83701085       3.88967575
C       16.29666511       8.17393271       6.85660099
C       15.39868048       7.63362474       5.89989608
C       16.64710518       9.54696800       6.84617701
C       14.95742452       8.48428077       4.86124730
C       16.91405428       7.17604918       7.84186853
C       16.21571666      10.39336812       5.80804847
C       15.47205043       9.80806823       4.72334130
H       15.22774760       6.60710143       5.85651234
H       17.14244010       9.91467958       7.64644385
H       16.89628625       7.60757697       8.90967639
H       16.42792154       6.16525527       7.84139114
H        0.24279751       6.96561764       7.49980913
H       16.50970565      11.36597877       5.88877596
H       15.16497313      10.44113070       3.88822300
H       14.25233606       8.36056096       3.08902088
O       12.35380323      11.83642640       3.02184371
C       12.00872554      11.39632690       6.66933784
C       12.63087347      11.54786629       5.40214658
C       10.61146605      11.49619298       6.80607799
C       11.82792178      11.82038636       4.30314078
C       12.81492504      11.08073016       7.95733468
C        9.80250616      11.88447818       5.68581698
C       10.45708560      12.11061979       4.47617464
H       13.69508666      11.55096911       5.36356044
H       10.19979924      11.40337222       7.80698915
H       12.53887636      10.09701001       8.16780885
H       13.86231289      11.12784579       7.74334148
H       12.47611712      11.78944495       8.81160089
H        8.72564630      11.99981962       5.77704537
H        9.89443395      12.50635586       3.59303353
H       11.78237758      11.42530324       2.31059317
O        7.12420755       3.73917108      15.20839691
C        3.68461451       2.55861651      14.72962457
C        5.04588269       2.58986230      14.66151857
C        2.93473713       3.58158019      15.41234400
C        5.75048087       3.65046352      15.32248735
C        2.85254641       1.38790987      14.20266997
C        3.63234403       4.67561972      16.00331758
C        5.02229006       4.63938465      16.01612989
H        5.46450684       1.77842543      14.08487384
H        1.87874833       3.44882520      15.54707150
H        1.78052055       1.51340416      14.30968166
H        3.09722924       1.29800987      13.10346965
H        3.08243902       0.54503146      14.74284959
H        3.01010886       5.41936848      16.56570021
H        5.58408865       5.36436209      16.60667158
H        7.41418528       4.38697987      15.83940800
O        6.53675963       1.37409723       2.64551129
C        3.62186569      17.20807513       1.71168320
C        4.65031252      17.69105955       2.53358295
C        3.58921568      17.46741611       0.33452863
C        5.62296275       0.83575410       1.90261503
C        2.71833050      16.21246372       2.28704953
C        4.53653757       0.58868022      17.47714781
C        5.62206496       1.07879447       0.50630916
H        4.77295714      17.52614523       3.61547046
H        3.00742897      16.82464413      17.38073342
H        3.19530886      15.34328289       2.66562978
H        2.09295563      16.69171030       3.08504663
H        2.07018053      15.82187276       1.53066342
H        4.51537793       0.75850093      16.37351519
H        6.35089270       1.66657041      17.71154617
H        7.28316416       1.63149873       2.14581332
O       13.01993052      10.86435577      15.07522024
C       10.99719125      11.88323069      12.17902209
C       12.08296335      11.84884413      13.12655516
C        9.97704364      10.92908218      12.15810500
C       12.02990914      10.90416752      14.14919625
C       10.83443510      13.04753727      11.27253597
C        9.94161740      10.00880912      13.26527792
C       10.94064158       9.94968946      14.25981484
H       12.72575237      12.68529135      13.19173419
H        9.19526633      11.02654583      11.42258134
H        9.91519700      13.46686160      11.41282103
H       11.43871184      13.87358767      11.49050342
H       11.01004181      12.78778239      10.26726015
H        9.10234112       9.33487194      13.35295987
H       10.97141707       9.36446545      15.17468253
H       13.79596663      11.04130583      14.61713024
O       13.93208984       8.97703636       1.47206511
C       16.27335394       8.82864215      16.24224570
C       15.06489455       8.90131951      17.03588132
C       17.47494092       8.57925482      16.94105731
C       15.09418508       8.81112548       0.72077627
C       16.35473328       9.12915746      14.79138324
C       17.42445372       8.45398949       0.63553864
C       16.25860533       8.49633771       1.39095676
H       14.09959815       9.17213300      16.60946307
H        0.70918517       8.35813039      16.45690929
H       16.16733070      10.15701151      14.58104316
H       17.30524621       8.89687067      14.32969412
H       15.66931918       8.43964659      14.28964207
H        0.51961028       8.13868071       1.29065533
H       16.34639332       8.29421077       2.50292597
H       13.18163542       9.31199513       1.03656677
O        6.36077478      13.07271847       7.14403067
C        7.29116445       9.72796291       8.34377437
C        6.99506504      11.10767065       8.33486900
C        6.78839657       8.91537264       7.26081765
C        6.43343184      11.73911342       7.22889831
C        8.03322702       9.21729857       9.55949290
C        6.10738309       9.51958205       6.23083749
C        5.93842710      10.92613683       6.18761043
H        7.43497318      11.74300228       9.05914334
H        6.97162718       7.88379441       7.19168029
H        7.59868590       8.16276358       9.69687470
H        9.04644783       9.18586641       9.41929096
H        7.70014513       9.81230295      10.45446596
H        5.68505166       9.08846914       5.40285321
H        5.45368001      11.32043668       5.35566946
H        6.70057822      13.46110717       7.96139319
O        1.48758731      10.89664616       2.65207959
C        1.65814946      12.17300764      16.91173673
C        1.16971877      11.46636329       0.30472405
C        2.89645827      12.88887326      16.99000897
C        1.92692759      11.54750069       1.52320188
C        0.99581905      12.07567626      15.50407736
C        3.65613810      12.86001212       0.43735596
C        3.17079379      12.20606410       1.55674606
H        0.18757441      11.02738294       0.22516641
H        3.32199067      13.42327824      16.17870853
H       17.70857850      12.47455651      15.60302120
H        1.71535703      12.48775581      14.80304429
H        0.93734907      11.07724216      15.09533288
H        4.67437696      13.26842212       0.43012257
H        3.79227208      12.23483097       2.42620683
H        1.04787823      11.41671356       3.28942567
O       14.85226482      15.23661621      12.74286658
C       17.15713941      12.85303140      11.17254320
C       16.67368273      13.79260270      12.15629689
C       16.50426243      12.67283311       9.94028471
C       15.44320069      14.39385505      11.84718303
C        0.78102130      12.16266638      11.29922113
C       15.22321717      13.33342303       9.76107531
C       14.72133619      14.23393312      10.64916608
H       17.12337044      14.03746297      13.09155996
H       16.82089427      12.10743212       9.14942338
H        0.74877604      11.11871767      11.06866352
H        1.53170693      12.45561280      10.55440654
H        1.26917340      12.34180112      12.28229837
H       14.78846020      13.29242131       8.74645391
H       13.83227820      14.85917973      10.53841224
H       15.50997683      15.92731896      12.89312542
O       14.78149445      12.22932036       2.02768782
C       13.80750332      15.03861972      17.58805757
C       13.89308257      14.14073743       0.97597254
C       14.41570549      14.67841104      16.41027316
C       14.57687033      13.02206678       0.90062448
C       13.15651521      16.32164325       0.14756072
C       15.02964021      13.43836420      16.23211935
C       15.15044669      12.68064517      17.36495309
H       13.44057414      14.41967594       1.88349041
H       14.33532412      15.44883512      15.57991330
H       12.28125003      16.57036959      17.21670142
H       12.73302215      16.30517082       1.15662119
H       13.88135095      17.13191418       0.01265051
H       15.46370467      13.02586507      15.32624338
H       15.79052666      11.81329337      17.30791088
H       13.90450444      11.97862165       2.34825678
O        8.82257030       4.90331735      17.18460172
C       11.28621814       6.15663595      14.81055656
C       10.04056277       5.65735861      15.36198117
C       12.30645771       6.64042410      15.66919521
C       10.00558908       5.40271456      16.71854732
C       11.42637405       6.31854465      13.34355651
C       12.14199238       6.46888969      17.06705685
C       11.05844047       5.69341602      17.58101308
H        9.32358221       5.36399645      14.71511016
H       13.05545715       7.25881516      15.29439735
H       11.64079935       7.40183599      13.07008330
H       12.20379915       5.67556246      12.97542968
H       10.49039458       6.06678601      12.79241987
H       12.96161710       6.80434937       0.01887931
H       10.89501682       5.56570729       0.95977974
H        8.81078442       4.90050408       0.41250326
O        3.81899766      13.13817644       8.03013641
C        0.79951183      15.17444851       7.10512732
C        1.69820384      14.35651498       7.85510126
C        0.90485177      15.22164763       5.75257694
C        2.82239582      13.65465131       7.23001903
C       17.47645781      16.00699619       7.78588487
C        1.80605878      14.41284747       5.12090889
C        2.79897844      13.70859416       5.79832470
H        1.67807469      14.38392236       8.94624643
H        0.17446775      15.77121571       5.12125447
H       17.13812201      15.39665755       8.58634997
H        0.13485559      16.87267342       8.18815202
H       16.62738780      16.15137415       7.17669151
H        1.90399248      14.26577973       4.01946914
H        3.55667028      13.21454406       5.23165166
H        4.56010590      12.78525653       7.54700465
O       10.24758487       2.32847843       3.34472080
C       12.43065641       2.12317132       0.41243027
C       11.98730124       2.42552368       1.71328829
C       11.58596205       1.39508706      17.32568403
C       10.72855457       1.92819368       2.15580014
C       13.83709483       2.54300783      17.67057832
C       10.38067711       0.83449571       0.03549813
C        9.94287628       1.11085391       1.30924421
H       12.50993671       3.08151231       2.38828602
H       11.97629598       1.19077650      16.32687068
H       14.36649936       1.80484096      17.10825364
H       13.86832757       3.43202131      17.06528506
H       14.45469837       2.86113946       0.80405884
H        9.80062488       0.19835898      17.16748250
H        8.98627622       0.78080106       1.64525787
H       10.86136261       2.74016631       3.91634369
O        6.17114648      14.34121515       4.53808973
C        9.50016905      15.55987470       3.47521600
C        8.37167108      15.27638025       4.37647373
C        9.27680504      15.63374908       2.04004734
C        7.15153820      14.78739698       3.75851547
C       10.87605328      15.69800577       4.00115246
C        7.93635603      15.40400830       1.57360964
C        6.92940658      14.93477751       2.37569940
H        8.52415341      15.13464383       5.45120784
H       10.05710013      15.78737124       1.36206815
H       11.01320519      16.80261933       3.77425745
H       11.14978432      15.52133662       5.07837935
H       11.53129815      15.02252531       3.47173016
H        7.87013949      15.36580633       0.48667283
H        6.03219447      14.59830791       1.91275829
H        6.47124261      14.14392047       5.39539214
O        5.03551291      14.17105119      10.15082341
C        6.69547307      12.70926260      13.18671754
C        6.40587237      13.66587723      12.19913540
C        5.83716458      11.60767419      13.36929773
C        5.29265442      13.53387688      11.36139105
C        7.83059805      12.90909919      14.11774848
C        4.61478864      11.54845874      12.63380433
C        4.36236190      12.52307144      11.68388603
H        7.06108002      14.51240269      11.98144030
H        6.09364672      10.87611170      14.12622403
H        8.28433712      11.93296904      14.41113834
H        8.59086164      13.52894414      13.75838999
H        7.42716539      13.35029982      14.97475658
H        3.90854605      10.80211654      12.77200256
H        3.53740670      12.46928818      10.96141873
H        4.30322245      13.74423148       9.60164712
O        6.07403084       2.27541259      11.74428606
C        9.23620867       3.24301305      10.46265136
C        8.11241260       2.43084531      10.76556322
C        9.29193029       4.55207218      10.80579161
C        7.04269281       3.09287334      11.38468678
C       10.40880774       2.67754069       9.77059260
C        8.22487386       5.17073760      11.48630484
C        7.06997091       4.44938756      11.72554733
H        8.09579295       1.45120115      10.38582130
H       10.18688719       5.10259893      10.57463928
H       10.51269525       1.56854823       9.64412782
H       10.25957353       3.12138919       8.75614180
H       11.33477100       3.16824336      10.17133104
H        8.22574034       6.26238217      11.76033498
H        6.26504007       4.81902231      12.34246386
H        6.39988521       1.40530336      11.89393520
O       14.02955367       5.06946971       3.79252078
C       16.78295098       4.45412666       1.59325969
C       15.78425969       5.13126599       2.22658043
C       17.21430687       3.19601798       1.95296264
C       15.05853611       4.48965307       3.21407039
C       17.37948307       5.05551443       0.29173514
C       16.57339112       2.54362836       2.96036351
C       15.45793185       3.15566584       3.58742470
H       15.53264054       6.15503146       1.96953792
H        0.32127871       2.66624262       1.51318487
H        0.09250375       6.05032144       0.25934971
H        0.46765231       4.44319375      17.65871063
H       16.64310829       4.98144782      17.23434984
H       16.87998052       1.58426315       3.31967996
H       14.93340775       2.67320212       4.38711774
H       13.99781232       6.04742847       3.77116960
O       16.64523497      17.25730242      13.25543393
C       17.64837043      16.42732225      16.65214981
C       17.33191963      16.30161291      15.24848824
C       17.61038013      17.69076010      17.27543288
C       17.04040556      17.43589408      14.53613547
C        0.34113529      15.19688546      17.31882753
C       17.23232375       1.12575721      16.58786386
C       16.93490940       0.97230425      15.21427485
H       17.42483845      15.32077488      14.82927224
H       17.63341932       0.04998784       0.66902991
H        0.18083063      15.44023298       0.66029779
H       17.37779700      14.39994654      17.16425390
H        1.40694410      15.02759278      17.04001846
H       17.16435521       2.12403671      17.03319743
H       16.69910489       1.83626478      14.70049893
H       16.93985286       0.34238701      12.82296675
