512
Lattice="17.7128441229 0.0 0.0 0.0 17.7128441229 0.0 0.0 0.0 17.7128441229" Properties=species:S:1:pos:R:3 pbc="T T T"
O       14.48175378       3.40947967       2.64737228
C       11.67735631       3.43703468       4.98027290
C       12.64840032       2.98591676       4.07574400
C       11.54916999       4.80905254       5.25009229
C       13.46323247       3.87608538       3.42587551
C       10.76861040       2.43619028       5.69676109
C       12.43747537       5.73681908       4.60275044
C       13.37726969       5.28052494       3.70662730
H       12.77450355       1.95422536       3.83756856
H       10.70331072       5.01310009       5.93887267
H       10.07384532       1.79273842       4.98672907
H       11.50327560       1.83669765       6.22990994
H       10.16752286       3.00305458       6.43521449
H       12.38475054       6.83379440       4.70689752
H       13.99988435       6.02019040       3.19270129
H       15.17152144       4.08897400       2.57984106
O        5.05089779       8.48950513       2.09931596
C        7.68651499       6.26385643       3.34098974
C        6.89186144       7.00787745       2.45301798
C        7.08250929       5.71154989       4.50873429
C        5.64873406       7.47438520       2.81976232
C        9.09719567       5.83185826       2.91185673
C        5.84060449       6.17515227       4.81183844
C        5.07584303       7.08398234       4.05356235
H        7.25728173       7.46011386       1.55457338
H        7.62648458       5.00050453       5.07047518
H        9.20827105       4.92067737       3.40718908
H        9.19709543       5.56939267       1.81191312
H        9.94569470       6.53655842       3.21281260
H        5.30781614       5.87994984       5.77343640
H        4.17832025       7.45324376       4.45677739
H        4.27722238       8.99645304       2.35042360
O        0.09005502       3.69822194      11.47786735
C       15.15224274       4.38850508       9.05088817
C       15.93743111       4.39919402      10.20193237
C       15.58096511       3.69328259       7.92630322
C       17.13310808       3.65571691      10.23270124
C       13.89378888       5.30713542       9.06063556
C       16.81593975       2.95041639       7.96685551
C       17.51121954       2.86311741       9.10343693
H       15.82318158       4.98140718      11.17682713
H       14.98302303       3.66567694       7.05829858
H       14.25834168       6.22604478       8.62029953
H       13.13059185       4.96160702       8.32082388
H       13.44473702       5.44185570      10.06330137
H       17.20172804       2.29422529       7.19278918
H        0.73168289       2.36650084       9.06001660
H        1.00268572       3.53370326      11.21936076
O        3.90895617       2.55993225       9.22507635
C        3.44022850       1.38613314       5.71035476
C        3.24991138       1.67181260       7.12010260
C        4.37938537       2.12630237       5.06104824
C        4.09759812       2.49635214       7.85880716
C        2.54243559       0.40681820       4.96633906
C        5.34288062       2.88696760       5.78926693
C        5.23081623       3.01134697       7.19152235
H        2.40980483       1.19207307       7.62227466
H        4.47728394       2.09125190       3.92902152
H        2.17498317       0.69338659       4.00866691
H        3.00691333      17.14196295       4.86703314
H        1.57199978       0.24462468       5.53535764
H        6.21295520       3.35051771       5.28914644
H        5.99961728       3.54848256       7.74155083
H        3.93855684       1.63354661       9.58657862
O       10.68570635       8.61823186      11.18813193
C       13.87228487      10.50515183      10.73980388
C       12.50185516      10.14847290      10.70904724
C       14.88357052       9.61766650      11.29411646
C       12.02813118       8.94461211      11.16550458
C       14.40685026      11.87801124      10.36509644
C       14.35511598       8.45624159      11.91547125
C       12.99113048       8.09099635      11.82409638
H       11.85571849      10.83012575      10.14187912
H       15.93718297       9.91658852      11.30485402
H       15.11416911      12.15332665      11.11353655
H       15.06255382      11.85274453       9.46869094
H       13.70499060      12.59509463      10.17304239
H       15.04830345       7.76285963      12.41918902
H       12.53392825       7.12217826      12.16238621
H       10.08545269       9.22133603      10.65075293
O       15.51347241      13.09731901       3.10060186
C       15.81013536      16.70463270       3.59898544
C       15.32477688      15.49061685       3.15264504
C       17.10821642      16.76959544       4.15143674
C       16.04107576      14.32365047       3.32296219
C       15.01094631       0.25654205       3.55520652
C        0.16175948      15.62431909       4.26155073
C       17.36633249      14.35914245       3.85565165
H       14.23919790      15.44924499       2.86741099
H       17.53050091       0.01007189       4.54928912
H       14.08327578       0.05461696       4.00909994
H       15.55061352       0.98297731       4.20040340
H       14.88300052       0.61795699       2.49737690
H        1.12675653      15.78144012       4.66602016
H        0.19899800      13.47244268       3.84112639
H       14.63590220      13.02804042       2.75239501
O        2.62474177       9.55437877       3.38359683
C        4.41818903      11.68532226       5.81039657
C        4.15718670      10.72167949       4.80696754
C        3.41133235      12.57940913       6.24087537
C        2.85828094      10.53898035       4.25372306
C        5.84097417      11.86949262       6.41318720
C        2.16353939      12.46290233       5.60409538
C        1.87903437      11.49227785       4.62639007
H        4.94564066      10.08451493       4.45377760
H        3.60729609      13.37964586       6.93452941
H        5.89395667      12.63282541       7.22895991
H        6.03009440      10.91062172       6.91897654
H        6.61518199      12.00511342       5.64370627
H        1.28607307      13.07845570       5.94182785
H        0.82778404      11.37097534       4.26965509
H        1.86877114       9.62658593       2.74722681
O        2.50629747       5.29445499       9.33564484
C        1.28444625       8.05692332       7.18818681
C        1.70155342       7.30279496       8.31421141
C        1.22122240       7.42047880       5.90497075
C        2.11126648       5.97684570       8.21590780
C        0.81588591       9.53774440       7.33082186
C        1.68328036       6.03180452       5.82387754
C        2.07320478       5.34435357       6.96053010
H        1.65380708       7.63508881       9.31172822
H        0.79616464       7.95683121       5.06576230
H        0.60097121       9.90675938       6.30887537
H       17.58135331       9.39211751       7.94599786
H        1.65824447      10.07698368       7.71003777
H        1.65851023       5.59412110       4.84370911
H        2.48228529       4.44385768       6.80030367
H        3.28701426       4.73805410       9.14617762
O        3.96044862       2.45657006      13.02840800
C        2.40325375       5.81529446      12.75652442
C        3.10828875       4.66432560      12.39184877
C        1.71056182       5.85800078      14.02415050
C        3.14594688       3.56124497      13.23741938
C        2.44309825       7.02858085      11.88159046
C        1.70666816       4.74873840      14.90169962
C        2.43471147       3.58757454      14.44262074
H        3.71481405       4.60732839      11.50466894
H        1.31590583       6.81722105      14.30305392
H        1.45019052       7.08115462      11.36560297
H        2.45178396       7.93806997      12.57265704
H        3.22428108       7.08712725      11.09234831
H        1.27479944       4.78515379      15.84050897
H        2.47649984       2.69886098      15.07599373
H        4.68706789       2.62601223      12.39902441
O        6.60056393      17.38229619      13.30119713
C        3.43962316      16.86923812      15.26552683
C        4.39093509      17.26506395      14.26793339
C        3.94551214      16.08090440      16.37860316
C        5.76835917      16.94454131      14.29198378
C        1.99889457      17.25574525      15.09370017
C        5.31676465      15.75836071      16.37604337
C        6.16154510      16.21091356      15.36812456
H        3.93109929       0.08221684      13.45814451
H        3.25705207      15.69708053      17.12000762
H        1.49590723      17.31933385      16.03705818
H        1.88697363       0.48651183      14.70837443
H        1.57600146      16.52465869      14.37674953
H        5.68418832      15.16432725      17.15968812
H        7.22456314      15.93934691      15.50950005
H        7.47899689      17.57064885      13.55625550
O       16.12294439      14.06430757      13.26350646
C        1.42734770      11.86729735      13.59428149
C        0.12395095      12.39798650      13.86356118
C        2.34284581      12.65000639      12.96695825
C       17.39191650      13.55602090      13.25730304
C        1.77788656      10.50856683      14.28977422
C        1.94589113      13.85575252      12.45137574
C        0.62021909      14.27650364      12.53662136
H       17.21288084      11.78519458      14.52353607
H        3.38233883      12.38418177      12.85734931
H        1.81057884       9.74160892      13.52843135
H        2.77114500      10.60599159      14.85088626
H        1.05504189      10.13068482      14.97038875
H        2.63304005      14.50754195      11.95877384
H        0.53239305      15.27308419      12.05845558
H       16.03741829      14.83122270      12.73557553
O        8.86450026      12.97637187       8.79021002
C       11.52561204      13.68667217       6.38141152
C       10.55312669      12.96632875       7.16226231
C       12.12428501      14.87122447       6.87572374
C        9.95032644      13.63671120       8.18366063
C       12.09156492      13.07044604       5.13290859
C       11.42349553      15.53240419       7.91751794
C       10.29220794      14.95880556       8.44654285
H       10.30427573      11.83847097       6.84743839
H       12.93949387      15.35441671       6.30270657
H       12.31077252      13.80828433       4.39086460
H       13.02307648      12.63252088       5.37490087
H       11.40870461      12.33666694       4.69892290
H       11.63699144      16.57002840       8.16945489
H        9.61669727      15.29725489       9.15562899
H        8.67609969      13.62492107       9.52781103
O       10.21033567       9.39716048      17.06581283
C        7.13045786      11.23853810       0.28261835
C        8.47128268      10.88864135       0.21732589
C        6.22338382      10.31436327      17.50502038
C        8.93683095       9.74609683      17.21058856
C        6.64209541      12.38239984       1.13795049
C        6.59419438       9.20130197      16.79413735
C        7.95585196       8.90114843      16.64301073
H        9.12178196      11.61163308       0.69574184
H        5.16157935      10.34999799      17.69078881
H        6.86881730      13.30813817       0.60114930
H        5.57032696      12.49588798       1.35045239
H        7.09683044      12.54518450       2.11821740
H        5.82932224       8.54939280      16.29369745
H        8.25810194       8.06089409      15.96647528
H       10.39900980       8.54258970      16.63753859
O        9.15440090       0.52621701      13.58855097
C       11.78282935      15.88927885      12.61638510
C       10.52896176      16.45551151      12.82209868
C       12.88231674      16.37087906      13.30945283
C       10.32986636      17.63092676      13.61691267
C       12.21529242      14.86480797      11.59264185
C       12.65674073      17.36655894      14.34003853
C       11.43868776       0.37522518      14.39167527
H        9.68556392      16.07348750      12.27386232
H       13.84297253      15.89380136      13.28614170
H       12.43072095      14.00251113      12.00156919
H       11.32414863      14.67448185      11.04779660
H       13.01129988      15.29245970      10.90455288
H       13.43982747       0.00152938      14.98945390
H       11.40460322       1.19755577      15.08385463
H        9.21972913       1.35988466      14.11896571
O       16.29926929      10.53662034       3.47251301
C       15.32054788       8.13063592       6.04421593
C       15.96065869       8.75474466       4.96098242
C       14.58983785       8.90411322       6.94875599
C       15.93216997      10.12862596       4.73753483
C       15.36719247       6.59194190       6.15208807
C       14.61510741      10.30726604       6.74893194
C       15.30591232      10.97798460       5.68687960
H       16.37799577       8.13890030       4.13527616
H       13.93126428       8.55994766       7.75585232
H       15.80245520       6.09856972       5.26180045
H       16.04314093       6.36864311       6.94601046
H       14.39552986       6.20657404       6.52155820
H       14.10049547      10.90775238       7.52997486
H       15.24737026      12.04461876       5.60781796
H       16.03971927      11.46899937       3.37875682
O       11.28316295       9.79243025       2.63463344
C       10.37536360       9.23625891       6.22069256
C       11.17011552       9.44985098       5.03407861
C        8.91960446       9.09060248       6.09100068
C       10.53081322       9.58729023       3.75835123
C       11.02982925       9.24343460       7.64388195
C        8.29076001       9.38764059       4.81204187
C        9.07050523       9.57308112       3.64566326
H       12.25919506       9.51644600       5.06584861
H        8.28151068       9.12729504       6.94563607
H       10.38795243       8.87022739       8.35556630
H       11.76159188       8.39843968       7.73682994
H       11.38118535      10.21145809       7.97206030
H        7.25573922       9.41224588       4.68396306
H        8.56868686       9.68083096       2.77016052
H       10.94124879       9.42546181       1.85565592
O        9.24641258       2.73392717      15.03182369
C        6.12975529       2.62131327      16.90939446
C        7.16369966       2.24558258      16.07632328
C        6.25863661       3.74417800      17.70617519
C        8.26669519       3.04426807      15.91761984
C        4.93753862       1.73455882      17.04767814
C        7.40331125       4.58038265      17.55518311
C        8.42172627       4.22970956      16.65380967
H        7.03900251       1.39719981      15.32806332
H        5.51744497       3.90039819       0.71718743
H        4.42137043       1.53362763      16.12464643
H        5.06516209       0.85592671      17.55454132
H        4.15400692       2.29444054      17.53269585
H        7.41831452       5.49014589       0.44747255
H        9.30130764       4.79690009      16.69721961
H        9.97100263       3.35859604      15.29334194
O        5.98798031      17.52994898       2.59655696
C        2.65092110      15.95679515       1.91029354
C        3.65755278      16.94174283       2.11232197
C        2.80141557      14.62248756       2.26293028
C        4.95453304      16.60216668       2.59243385
C        1.36335754      16.50473988       1.25121298
C        4.05338527      14.33023848       2.84454344
C        5.14041911      15.25824576       2.91800745
H        3.39015548       0.25258641       1.82972311
H        2.12660860      13.87340172       2.23025518
H        0.94857826      17.52922029       1.51430715
H        1.23677072      16.43637476       0.18164161
H        0.53654755      15.86963289       1.62623072
H        4.31717327      13.36407110       3.24728747
H        6.10560859      14.94961194       3.28449830
H        6.75732702      17.26703206       3.06726340
O        9.73698795       7.03752300      13.19714276
C        6.52949513       8.65342453      13.35862135
C        7.86441552       8.42563855      13.10928867
C        5.72565625       7.55793658      13.79896908
C        8.41945800       7.16780650      13.29753271
C        5.96428532      10.00483207      13.37890144
C        6.26930768       6.30449073      13.96547481
C        7.63736521       6.10510387      13.73485924
H        8.48623870       9.24295151      12.85232183
H        4.66024051       7.63332989      13.88055984
H        5.00541711      10.10038935      12.84587318
H        5.78012493      10.39717800      14.31446785
H        6.62178472      10.67360163      12.84378292
H        5.65540003       5.48303452      14.23260429
H        8.02050552       5.09593607      13.79747252
H       10.17656155       7.72684866      12.62204981
O       14.90191151       7.84467347       1.57519572
C       15.44028132       7.15696291      15.70797662
C       15.01193741       7.00697272      17.07085986
C       16.00712613       8.36312373      15.29069987
C       15.29179168       8.02258376       0.29447908
C       15.29186923       6.02113883      14.72612699
C       16.09192111       9.45004329      16.18698043
C       15.71864255       9.26518017      17.54506231
H       14.52711160       6.08139848      17.43122806
H       16.20489137       8.60997842      14.29148086
H       14.33625845       6.18257110      14.26818417
H       16.06581351       6.03290468      14.01040712
H       15.42063774       5.07707998      15.15244796
H       16.42614217      10.48381520      15.91207483
H       15.75839611      10.03395757       0.54277076
H       15.13132579       8.44719642       2.28337745
O        8.81224524      10.31899615       9.93084127
C        5.14314883      10.64823777       9.60972587
C        6.55111075      10.94571498       9.71925987
C        4.78080306       9.27142939       9.55008525
C        7.50534813       9.94128724       9.78851134
C        4.13701144      11.71046331       9.76340130
C        5.81905538       8.33811811       9.57189235
C        7.17065758       8.62666641       9.58010294
H        6.83944507      11.96313901       9.97983443
H        3.77609614       8.99725501       9.56871214
H        3.91598686      11.87687360      10.79343295
H        4.67148014      12.63429759       9.39607910
H        3.28884171      11.61447773       9.12177640
H        5.55921699       7.27418818       9.43071020
H        7.89966421       7.88611872       9.48099630
H        8.89136124      11.20225464       9.60309702
O        0.57522055      10.09314838       1.72872617
C        0.57482711      13.02732028      17.28073324
C        0.13572734      12.07052377       0.48543199
C        1.94690344      12.98486311      16.84748023
C        1.03036913      11.01123844       0.88817104
C       17.46370686      14.22734235      16.82612323
C        2.77811013      11.92446502      17.19341805
C        2.32866191      10.92184496       0.36274464
H       16.91539661      12.17621009       0.98969589
H        2.35055511      13.72931363      16.18684364
H        0.37445469      14.81392902      16.21548964
H       16.57902947      13.91676037      16.13516702
H       17.07625563      14.67525542       0.01677550
H        3.73497821      11.83358473      16.78358272
H        3.03645739      10.08586357       0.62562123
H       17.39757853      10.51865428       2.01689998
O       16.03577509      16.52206334      12.01965648
C       15.67016458      15.54721417       8.50948525
C       15.92279197      15.42218814       9.88779680
C       14.99236560      16.62436101       8.03751156
C       15.58985076      16.44069449      10.74942121
C       16.26696974      14.53678305       7.57975663
C       14.57313058      17.61869068       8.91204418
C       14.84122153      17.54447752      10.25841637
H       16.41318947      14.57177328      10.16162486
H       14.65892415      16.62309710       7.03414501
H       16.41624056      13.52193966       7.99580500
H       15.47704385      14.42204453       6.89145723
H       17.14929578      14.96650082       7.07272408
H       14.01636581       0.75279706       8.51404924
H       14.57190111       0.63494399      10.98680672
H       15.89014788      17.39221981      12.39736593
O       13.33957026      11.92379871       1.99445013
C       12.92350908      10.89870122      16.15304691
C       13.03742947      10.91019945      17.53346837
C       13.11292147      12.15065683      15.50431657
C       13.26802906      12.04487169       0.63097097
C       12.84557517       9.63299060      15.38969818
C       13.48078538      13.32556487      16.25640818
C       13.55362091      13.27010509      17.66410482
H       12.85886136       9.93107946       0.31902762
H       13.04742535      12.33276357      14.49826827
H       11.92423420       9.46411120      14.81710447
H       13.45337458       9.71870867      14.51888674
H       13.11240559       8.80042699      16.06919970
H       13.66836643      14.34409033      15.79763232
H       13.67379338      14.13157165       0.60295977
H       12.70051770      11.19432590       2.08768627
O       10.68506373       7.03978544      15.74157682
C       12.73853380       4.08530507      15.02907715
C       11.88170387       5.18575003      14.84026968
C       13.03026988       3.65009572      16.39149280
C       11.44065066       5.92553504      15.96141385
C       13.24823442       3.35293608      13.81496527
C       12.53099950       4.41141788      17.46833743
C       11.81808195       5.56774797      17.24695391
H       11.74920944       5.54436471      13.88034992
H       13.68845181       2.80692059      16.45280486
H       13.80144146       2.51087991      14.08717008
H       12.37773346       3.02077213      13.24364074
H       13.89216301       3.98275314      13.20365934
H       12.94892113       4.26729203       0.75227744
H       11.63852716       6.23265309       0.28677435
H       10.25894420       7.06727076      14.90325936
O        5.83665854      16.14044502       9.46381750
C        2.37701183      17.26083777      10.15680770
C        3.83416078      17.14719430      10.27364081
C        1.73868337      16.84163117       8.95163733
C        4.48918393      16.43477577       9.27695353
C        1.53808073       0.30351409      11.22301102
C        2.51734274      16.27495474       7.87297170
C        3.84055437      16.02819319       8.12396592
H        4.34374909      17.46994295      11.16476209
H        0.73589120      17.11051018       8.54462841
H        1.92225599       1.29257662      11.02658002
H        0.46064307       0.22656377      11.06805514
H        1.81321238       0.08466619      12.24809326
H        2.12585865      16.07170566       6.91772130
H        4.32704625      15.54165877       7.31014178
H        6.15508184      16.05881309       8.55068440
O       12.80389752       0.92550743       1.44110205
C       10.01332568      16.81494803      17.51524009
C       11.32955738      17.13056063       0.19585339
C        8.92236828      17.64918764       0.22336421
C       11.55808956       0.63239611       0.93815418
C        9.77496468      15.63501992      16.67519460
C        9.20259344       1.06083034       0.99448479
C       10.50060480       1.44080599       1.28497886
H       12.16021882      16.40092186       0.04567340
H        7.98038696      17.46573852      17.51659227
H        9.00486011      15.09892296      17.14380143
H        9.56501974      15.88778010      15.63646518
H       10.65101374      14.98749026      16.56265331
H        8.20827558       1.47330298       1.33127287
H       10.60879719       2.32090954       1.88849758
H       12.92368628       1.79056391       1.78816626
O        7.02245605      14.88490155       7.33939675
C        8.88004068      15.71592366       4.30937532
C        8.25295325      14.98747238       5.30330649
C        8.66799437      17.09807208       4.30338726
C        7.61943809      15.60664242       6.37762931
C        9.49599139      15.13219878       3.08946245
C        8.04188245       0.03464540       5.39679188
C        7.54554946      17.00340858       6.48865867
H        8.27566532      13.91806334       5.38359144
H        9.03096384      17.66529147       3.48067985
H       10.23935175      14.28135553       3.29191750
H        8.64412164      14.87896698       2.42950564
H        9.94008860      15.95277246       2.54535656
H        7.75057836       1.08483432       5.37387921
H        7.05533593      17.57995052       7.24185554
H        7.35892536      13.98184438       7.49796460
O        7.75904412      14.63184371      10.65457621
C        8.24960491      12.69944661      13.76461662
C        8.53152988      13.31506980      12.56726722
C        7.00056404      12.88542361      14.41552540
C        7.54519749      14.09186673      11.88936037
C        9.39939052      12.02140494      14.48528711
C        6.02463769      13.62358952      13.69532561
C        6.21646702      14.10840457      12.40490703
H        9.53793081      13.25967079      12.12577559
H        6.65623634      12.67874253      15.40095889
H        9.29542859      12.17925264      15.57982193
H        9.37854715      10.92225042      14.32067768
H       10.43466257      12.37873673      14.19883721
H        5.06099403      13.74383510      14.17869720
H        5.46913395      14.56438736      11.74244647
H        7.00630113      15.15877300      10.44333756
O        6.20908850       2.06743965      11.81206660
C        9.32230295       2.23984025       9.95700206
C        8.16892335       1.71348760      10.42362632
C        9.53230823       3.67735726       9.98158640
C        7.23932665       2.50866664      11.03585625
C       10.39125832       1.21016188       9.48216198
C        8.55810961       4.52591056      10.48195032
C        7.45121602       3.91862560      11.02666608
H        8.03504920       0.65731923      10.52171744
H       10.48538564       4.01825108       9.54614570
H       11.21488211       0.92369072      10.13184919
H        9.88179277       0.30300621       9.29160365
H       10.76733497       1.70152851       8.58767122
H        8.59171521       5.62254594      10.56094479
H        6.68610995       4.50526028      11.54238025
H        6.27798262       1.10556321      12.00812065
O       16.11611924       5.41443997       1.91581735
C        2.05762791       5.44922858       1.32994206
C        0.71495577       5.80014193       1.21260108
C        2.42650889       4.23998921       1.96499541
C       17.43478427       5.04781604       1.91340103
C        3.15480937       6.29805075       0.66089699
C        1.46348993       3.43531735       2.61538527
C        0.13547355       3.87289300       2.64611503
H        0.50325686       6.66098827       0.68104651
H        3.44976483       3.96090387       1.99526856
H        4.09981318       6.22720347       1.20128543
H        3.25092162       6.08459592      17.35860674
H        2.76383359       7.28676624       0.68549905
H        1.71973257       2.59726269       3.23544095
H       17.14047297       3.19560165       3.04588207
H       15.93437159       6.17024672       1.43631800
O       16.31274033       1.57917943      13.22738303
C       16.07041757       0.24000687      16.57721851
C       16.02228276       0.26933668      15.18065750
C       16.58609513       1.27765111      17.31321902
C       16.41019167       1.51841676      14.53619829
C       15.49118271      16.87059730      17.52683958
C       17.06914967       2.44151565      16.65897735
C       16.94724180       2.57559838      15.30709194
H       15.58284555      17.17298775      14.58337621
H       16.62757972       1.32943151       0.70810266
H       15.42036480      15.87675935      17.15425889
H       16.16506525      16.79845368       0.68619568
H       14.55477003      17.20476389       0.30405110
H       17.43475671       3.23334129      17.33936001
H       17.09673588       3.57455011      14.87094751
H       16.87681471       2.18856692      12.80286769
