512
Lattice="17.7128441229 0.0 0.0 0.0 17.7128441229 0.0 0.0 0.0 17.7128441229" Properties=species:S:1:pos:R:3 pbc="T T T"
O       13.80709901       3.55165335       3.86587023
C       10.53434253       3.45801701       5.32585189
C       11.73067888       2.96646777       4.74762961
C       10.20387337       4.83942388       5.36947078
C       12.58593875       3.89532673       4.26132187
C        9.68218216       2.56205500       6.27598678
C       11.03704423       5.68859202       4.69543761
C       12.33473079       5.31999320       4.20876946
H       11.85282781       1.89038357       4.64102542
H        9.35991571       5.19048386       5.91734494
H       10.07110126       2.55943094       7.32094179
H        8.66090855       2.81264079       6.26975670
H        9.74688146       1.57264674       5.88233471
H       10.79189969       6.71853765       4.75080047
H       12.98198259       6.10186789       3.81797384
H       14.29041113       4.39055292       3.63740508
O        3.90614369       7.64972485       3.20630149
C        6.37906975       5.00470812       3.96993290
C        5.49681561       5.88140540       3.26515320
C        6.45005953       5.07873257       5.41212982
C        4.74465443       6.90834067       3.97287871
C        7.14040470       3.89943827       3.31941484
C        5.60663939       6.02905251       6.08388440
C        4.80415979       6.92645748       5.38804708
H        5.33131750       5.80989955       2.18368525
H        6.99337280       4.26559134       5.97610747
H        8.04109423       4.41115772       2.87327426
H        7.64824336       3.20302751       4.03876725
H        6.64017112       3.38839039       2.53495206
H        5.42976152       5.89445663       7.15057386
H        4.09169278       7.53491209       5.93287646
H        3.39026267       8.29433791       3.63368797
O       17.10543693       1.53246110      10.84571380
C       16.03215673       4.07403758       8.52043138
C       16.38860743       3.55691479       9.76679229
C       15.91558884       3.29897766       7.32667729
C       16.67467747       2.22499692       9.77532543
C       15.73065440       5.54445349       8.30749381
C       16.14632969       1.94102724       7.38445193
C       16.60374765       1.40329283       8.61844262
H       16.28601849       4.15002859      10.67141403
H       15.49248857       3.69491379       6.40920111
H       14.71463831       5.65539121       8.27268211
H       16.15956320       5.98203174       9.20823016
H       16.12375245       5.88836054       7.33348657
H       16.09403872       1.30721512       6.52651096
H       16.84418671       0.41800391       8.63121523
H        0.30872430       1.57326172      10.98491618
O        3.95628245       2.32351860       8.85472387
C        3.34038330       0.44594991       5.66331709
C        3.10979050       1.22489185       6.84700444
C        4.64917246       0.22997281       5.26363233
C        4.13431264       1.69644399       7.67506355
C        2.17621794      17.37134950       5.05259430
C        5.69782275       0.73606469       6.09782610
C        5.47710226       1.49924777       7.22073505
H        2.10896751       1.31822305       7.22859487
H        4.73572328      17.27413540       4.41992947
H        2.17392028      17.47435050       3.90273814
H        2.24055451      16.28729696       5.31952530
H        1.19474924      17.65782989       5.33075651
H        6.67554244       0.30524259       5.93953759
H        6.28823816       1.85727047       7.77055106
H        4.77332708       2.22029152       9.42501858
O       10.75372074       9.22670423      10.66321286
C       13.93811562      10.98346825      11.24573926
C       12.63359381      10.75199033      10.87144616
C       14.71510184       9.92047612      11.63733205
C       12.07885058       9.42957418      10.85708872
C       14.43977197      12.43440386      11.20620028
C       14.22279212       8.58881628      11.57467851
C       12.86936663       8.33522087      11.23676437
H       11.93298751      11.54820547      10.51902276
H       15.70432546      10.22851003      11.90145925
H       13.74284294      12.96890654      10.50111991
H       14.40642358      12.87859052      12.23802065
H       15.49007153      12.39829238      10.87477469
H       14.79602981       7.76597506      12.03049802
H       12.33235907       7.33816096      11.36361560
H       10.27681321      10.01140247      10.33615826
O       14.92851075      12.68043105       3.45075289
C       15.27068196      16.35513008       4.06815698
C       14.81219956      15.10037667       3.67418354
C       16.58209094      16.43035010       4.54356703
C       15.44044431      13.89017963       3.84588401
C       14.47148160      17.64978762       3.84998663
C       17.27767874      15.23443864       4.73217686
C       16.76341258      13.97311184       4.34292176
H       13.77493584      15.03970226       3.44103435
H       16.93999813      17.40766138       4.84278055
H       13.40831541      17.29622037       4.10755455
H       14.75963027       0.81444237       4.46319328
H       14.42457143       0.30449186       2.78823381
H        0.47674216      15.31424377       5.29472684
H       17.44384426      13.14783084       4.35959674
H       14.20802715      12.88557032       2.84917110
O        1.21712125      11.04347648       5.05192738
C        4.87079225      11.66237325       5.42542814
C        3.62496784      10.95187638       5.36861310
C        4.87418717      13.03039004       5.11437168
C        2.41934883      11.70685644       5.02007877
C        6.22114315      11.01005172       5.71829691
C        3.75072439      13.74541916       4.59574116
C        2.52920667      13.06028629       4.54108573
H        3.58026987       9.84642866       5.66794065
H        5.77518696      13.62626639       5.22093022
H        6.91400116      11.21628680       4.85385960
H        6.61934479      11.46873961       6.66120621
H        6.22693875      10.02074833       5.98412268
H        3.77845993      14.75658583       4.37080830
H        1.77352667      13.57196582       4.02358372
H        0.67156244      11.18638293       4.24949891
O        3.33304745       5.31384694       8.47419600
C        1.01427642       8.20132627       8.27382674
C        1.95762428       7.25488062       8.78588476
C        0.40982593       7.83751682       7.02972602
C        2.35312027       6.11920867       8.03071552
C        0.50776755       9.33193808       9.13508818
C        0.90187626       6.79388506       6.22906405
C        1.80970496       5.86184235       6.77267357
H        2.49915738       7.42937765       9.71439271
H       17.31012776       8.45382547       6.70818267
H       17.08374649       9.50604551       8.97265466
H        0.71643679       9.25707087      10.16414850
H        1.04844354      10.17123274       8.78732653
H        0.53783310       6.76564502       5.24716396
H        2.04513458       5.02830658       6.20221536
H        3.40264748       4.54097419       7.98346745
O        2.10884883       3.24290516      11.13960003
C        1.13022454       6.39358361      12.80941361
C        1.33446318       5.47566144      11.72179421
C        1.79926559       6.32748848      14.03577486
C        1.95467316       4.24902727      12.02210547
C        0.48986814       7.68849884      12.51019641
C        2.48771851       5.12126194      14.31773750
C        2.48190785       4.13600892      13.30571457
H        0.97140866       5.59492457      10.76372058
H        1.80064336       7.20567604      14.62193863
H        1.29276669       8.42904121      12.40658559
H        0.08570347       7.59132229      11.54077767
H       17.43415529       7.92149429      13.27722786
H        2.95698907       4.84090432      15.26280323
H        3.13624377       3.25213072      13.58596879
H        2.14255800       3.54438786      10.25989112
O        7.08829164       0.84022647      12.96642743
C        4.33454199      17.04062190      14.84712641
C        4.99927973      17.70971252      13.80298581
C        5.01228499      16.37231022      15.89699249
C        6.41662154       0.07528316      13.83304998
C        2.79379143      17.07531608      14.86398274
C        6.38622452      16.44424615      15.86515108
C        7.10330362      17.13595687      14.83405944
H        4.33214713       0.57741635      13.15193427
H        4.39978494      15.95157266      16.69482902
H        2.42354699       0.35530276      14.72969849
H        2.31308027      16.32103011      14.22332260
H        2.49173787      16.83684542      15.94416987
H        7.02794983      15.93765055      16.56460390
H        8.14534997      16.97306784      14.74442034
H        7.84826034       1.22441412      13.35759606
O       17.06681455      12.72147307      13.58760130
C        1.07850508      10.05260029      15.39470207
C        0.06526045      11.03965756      15.15133930
C        2.29438197       9.96319397      14.63971150
C        0.27088910      11.85724409      13.99078043
C        0.89917894       9.18775267      16.63698841
C        2.54080257      10.84875540      13.64431481
C        1.52175027      11.76305791      13.24618215
H       16.83380574      11.01744457      15.70738218
H        3.14734933       9.29921826      14.83291389
H        0.41451132       9.47742126      17.49819008
H        0.28708533       8.39979482      16.30515764
H        1.90391770       8.77054828      16.70304624
H        3.52568816      10.91626266      13.18318923
H        1.68031965      12.38988452      12.37455605
H       17.31872505      13.37338432      12.91746461
O        9.57361615      13.71107196       9.76208583
C       12.15979992      14.08421766       7.24901611
C       11.26337538      13.48469653       8.18483172
C       12.33043389      15.48128767       7.21084595
C       10.45619786      14.28152433       8.96314204
C       13.00804964      13.21790690       6.35484752
C       11.52463429      16.31736870       7.99792016
C       10.57410078      15.69932852       8.87384705
H       11.11775008      12.44016193       8.25152189
H       13.10648772      15.87994104       6.55797242
H       13.09861096      12.22643434       6.70495405
H       12.62952883      13.20119233       5.35063586
H       14.09392627      13.62530462       6.34433388
H       11.65690000      17.31523366       7.80603229
H       10.07307100      16.35649593       9.60471731
H        9.12859097      14.38440141      10.26365223
O       10.46960682       9.05468411      16.71652289
C        7.03550294      10.23412211      17.61225117
C        8.45883726       9.95212687      17.62817769
C        6.27686339       9.56166532      16.60573591
C        9.12426537       9.24529184      16.60365968
C        6.49986643      10.99187589       1.05628871
C        6.95570618       8.87905315      15.54309270
C        8.33876945       8.81373341      15.52828739
H        9.11371440      10.33613175       0.68423035
H        5.17057555       9.67119314      16.52708149
H        6.89961820      12.03089245       0.90719479
H        5.40465737      11.04018776       1.13587625
H        6.93043540      10.65010614       1.98544543
H        6.40375893       8.47147796      14.72745232
H        8.79904525       8.30237706      14.64967904
H       10.83861914       8.64363870      15.92932954
O        9.59971114       1.66692424      14.16650404
C       12.01450348      16.74988394      13.07420882
C       10.85872180      17.58300959      13.18680677
C       12.96324256      16.88375407      14.12374331
C       10.64836463       0.77231296      14.18939877
C       12.42414958      15.97232261      11.86521665
C       12.74130536       0.00643064      15.18903752
C       11.61499845       0.84218354      15.22224611
H       10.14179887      17.53297682      12.40170884
H       13.95649764      16.48387014      14.02861041
H       13.09267661      15.06872390      12.00721391
H       11.50782662      15.63768343      11.33830967
H       13.01097947      16.63385198      11.27552909
H       13.49261524       0.04548781      15.98878803
H       11.44075364       1.54425967      16.01538803
H        9.59252826       2.18754396      15.01002591
O       14.23642725       9.95223131       3.66196823
C       13.50154598       8.45007684       6.84632969
C       13.59801761       8.62155987       5.40646674
C       14.19274905       9.32223035       7.75255504
C       14.37940431       9.71087815       4.97395720
C       12.64121802       7.41637897       7.44624415
C       15.05280055      10.32180451       7.20864491
C       15.12168868      10.51928280       5.88043011
H       13.01154146       8.14746279       4.61514204
H       13.93920505       9.29537144       8.78575527
H       13.13309181       6.42606675       7.51408451
H       12.28601361       7.84434964       8.43853796
H       11.72700532       7.28202915       6.84189766
H       15.69554756      10.96999585       7.83045649
H       15.71565166      11.29410697       5.42380251
H       14.46571293      10.76993203       3.36591672
O       11.21004961      10.03763313       1.78660933
C       10.01978625       9.59056394       5.35961084
C       10.70965780      10.16179366       4.25072902
C        9.09206132       8.58107516       5.17563495
C       10.58600515       9.55559022       2.96059710
C       10.18637814      10.33632403       6.70814232
C        8.90538331       8.05124667       3.86328668
C        9.71310036       8.44149593       2.76968696
H       11.29010989      11.06640231       4.35120059
H        8.50105074       8.18109531       5.93584279
H       10.04112130       9.67541555       7.57363842
H       11.17488167      10.67774317       6.66284027
H        9.43508302      11.20801936       6.82449094
H        8.21646361       7.22782730       3.72824378
H        9.61529208       7.95327752       1.82847105
H       11.08442261       9.34625160       1.15296908
O        9.62947460       3.54853766      16.21249820
C        5.99010598       3.43486082      16.58446798
C        7.31760324       2.97645675      16.49007170
C        5.71688963       4.78040026      16.57775474
C        8.33686952       3.92252238      16.41365594
C        4.80088896       2.51806506      16.71664482
C        6.74673898       5.76001182      16.65055009
C        8.05009185       5.33172375      16.59897188
H        7.65998751       1.92588552      16.45426780
H        4.60168617       5.05845931      16.55757728
H        4.17678328       2.84879976      17.53592575
H        4.06031880       2.35818966      15.88123133
H        5.14188218       1.52858611      16.99785112
H        6.36082361       6.75547231      16.72974990
H        8.88509379       6.10442382      16.59932984
H       10.25117685       4.27169645      16.42967644
O        6.10184346       0.93656312       1.61200239
C        3.40347925      16.19875444       1.57967162
C        4.06828452      17.45804830       1.63238173
C        4.11727601      15.03480191       1.79022223
C        5.48594814      17.44053381       1.58830217
C        1.90006259      16.12941008       1.35181173
C        5.50300861      15.04007295       1.72043384
C        6.23298041      16.25793507       1.66240890
H        3.59256564       0.69916049       1.49618224
H        3.54411794      14.11147715       1.84344551
H        1.44787588      15.21895414       1.83045872
H        1.39047936      17.13391257       1.52755109
H        1.81829279      15.75082556       0.29208943
H        6.06561533      14.14112710       1.91665125
H        7.35133102      16.23185724       1.87548733
H        7.03818247       0.78632122       1.74967083
O        9.72015992       6.98261394      12.11289532
C        6.07466216       6.90648583      12.44158148
C        7.34848890       7.37615230      12.17743524
C        5.90630599       5.60985066      12.92355863
C        8.46336310       6.55839970      12.41568999
C        4.90788804       7.85171941      12.32895804
C        7.00977187       4.78610489      13.17434379
C        8.31004255       5.26567805      12.93310523
H        7.43699100       8.37423648      11.73863453
H        4.84505128       5.27595830      13.09691620
H        4.08918269       7.19133894      12.11493554
H        4.75110568       8.23887176      13.37805513
H        4.92085565       8.62789534      11.55011734
H        6.92846202       3.75956705      13.53005204
H        9.20504630       4.63128941      12.94548767
H        9.79665500       7.78376322      11.51322047
O       14.50778247       7.77939765       1.91139107
C       14.98481522       7.44252950      15.96922982
C       14.85957772       7.08775798      17.32673145
C       14.85031038       8.75661291      15.52104646
C       14.62927747       8.11469651       0.60369532
C       15.19688842       6.43249554      14.91859985
C       14.41960282       9.72391278      16.44367904
C       14.39570210       9.37853306       0.14502952
H       15.02391158       6.07220392      17.49883252
H       14.93167936       8.93290138      14.48261245
H       14.61842285       6.63543375      13.95468831
H       16.22370035       6.39392109      14.74443754
H       15.07847624       5.37753375      15.28238413
H       14.23045435      10.63113670      15.98255097
H       14.24658410      10.15060788       0.84270200
H       14.41868026       8.48661970       2.47237157
O        9.12083634      11.11629070       9.88130161
C        5.52938915      11.27940713       9.32482020
C        6.85463854      11.64535512       9.61069781
C        5.21542007       9.93028058       9.08676718
C        7.86537420      10.69955064       9.67368560
C        4.45141690      12.33297614       9.26058256
C        6.32448667       8.97915942       9.15509151
C        7.62318464       9.36184683       9.35587363
H        6.97734399      12.76315693       9.68556832
H        4.23124772       9.53889596       8.85384934
H        3.59229634      11.90447869       9.82038076
H        4.57246001      13.25141038       9.79253934
H        4.25819971      12.45937356       8.19921314
H        6.12258340       7.95582465       8.94759281
H        8.41101709       8.72615854       9.36308935
H        9.23607918      12.06073874      10.06805881
O       17.29876572      11.05199002       2.91309946
C        0.28682733      13.18541656      17.62504508
C       17.32499844      12.52618425       1.00738274
C        1.56443357      12.84557077      17.34829927
C        0.22267829      11.54743435       1.81554982
C       17.34998558      14.34474423      16.86954889
C        2.25719477      11.86642550       0.52946400
C        1.58879032      11.17838726       1.54156272
H       16.27992754      12.77182531       1.22291473
H        2.14509959      13.41028695      16.64078710
H       16.77214006      13.89149528      16.04051527
H       16.71894496      14.87021625      17.50906341
H        0.41129372      15.02658426      16.49639308
H        3.34852752      11.86473218       0.39106639
H        2.15895156      10.52667495       2.16579065
H       16.48328914      11.58360467       2.94765603
O       17.52648018      15.06838495      12.42930849
C       17.45959729      14.01692865       8.85966091
C        0.20877142      14.16570369      10.24016220
C       16.32683803      14.68415302       8.40457804
C       17.17752049      14.97452322      11.09944210
C        0.48463075      13.12282836       7.87606121
C       15.57374970      15.45900213       9.28967652
C       16.07173048      15.67048258      10.60658301
H        1.06972037      13.60845296      10.60151902
H       16.06181303      14.60277692       7.43145041
H        1.20376741      12.59700982       8.38655239
H       17.55271559      12.36654057       7.43348663
H        0.87428315      13.84038062       7.19226111
H       14.58303915      15.73303069       9.00964008
H       15.49848003      16.24653351      11.39689165
H       16.93189205      15.68129493      12.90532448
O       12.87393905      12.47136478       1.52746264
C       12.40142465      12.78157828      15.65021327
C       12.17820400      12.36496270      16.94720836
C       13.12586828      13.88889631      15.33668643
C       12.87921805      13.00324903       0.32629488
C       11.76265871      12.01783441      14.54467303
C       13.72152363      14.53457831      16.46840147
C       13.67028447      14.14539860       0.06542310
H       11.42650231      11.56532453      17.19032592
H       13.42767239      14.08895151      14.33032393
H       12.20390780      11.01787008      14.31540633
H       10.84395654      11.65820574      14.97047339
H       11.49980893      12.55399070      13.63886514
H       14.29904581      15.46487375      16.37208283
H       14.17017141      14.76265446       0.80084894
H       12.24175653      11.73961541       1.54216882
O       11.06077587       7.32701773      14.37722549
C       12.93255994       4.16659830      14.49687155
C       12.22985127       5.26553040      14.04374781
C       13.06733793       3.92732256      15.88618779
C       11.78793064       6.28040007      14.93131392
C       13.49340958       3.14435030      13.49888569
C       12.53727812       4.90603210      16.77562337
C       11.95619975       6.11204360      16.29344085
H       11.99608094       5.35039713      12.93335755
H       13.48095154       3.02941064      16.16555772
H       13.46060535       3.50448818      12.49978009
H       14.46895850       2.83138915      13.75601378
H       12.92756336       2.27175171      13.39022324
H       12.65756798       4.81360772       0.16320874
H       11.64509240       6.90922239      16.99098794
H       10.66113976       6.99009984      13.58631018
O        6.91471766      16.30425968       8.93541536
C        3.35775196      16.48573177       9.86050972
C        4.78869755      16.68555085       9.94699626
C        2.79508143      15.84093737       8.78157574
C        5.54452586      16.07439525       8.91200776
C        2.43711548      17.21851164      10.83615416
C        3.61999016      15.23235334       7.84720448
C        5.06355279      15.24617170       7.94177423
H        5.21930572      17.44079099      10.61486510
H        1.73943755      15.72570240       8.68116297
H        1.63915540      16.63862689      11.18856604
H        2.89067516      17.45649303      11.71219128
H        2.13269439       0.42284012      10.29389318
H        3.13200995      14.79140700       7.02091325
H        5.63538524      14.72505025       7.26939681
H        7.30021982      15.96722153       8.12291323
O       12.92080186       2.02908963       1.52294278
C       10.37293517      17.41382760       0.28419546
C       11.64986600       0.17274758       0.68201646
C        9.18619246       0.50953515       0.56429109
C       11.66112880       1.44112520       1.34850833
C       10.35058197      16.09994631      17.24831450
C        9.25641403       1.72120758       1.19184226
C       10.54384762       2.19215530       1.64761027
H       12.54918623      17.29130521       0.57112494
H        8.25120949       0.08367711       0.22697519
H        9.80693862      16.30963578      16.30143119
H       11.38460035      15.73542319      17.09188226
H        9.76089693      15.31030562      17.70351732
H        8.37401845       2.34401919       1.36324220
H       10.61284098       3.13828487       2.27671826
H       13.05649667       2.61680570       2.26341569
O        8.21166023      14.93579842       7.02297657
C        9.47393387      14.24798497       3.70014767
C        8.94641935      14.05749810       4.97931408
C       10.04150903      15.50119101       3.41085616
C        8.89438724      15.17068242       5.89692600
C        9.43860197      13.10566379       2.65910868
C       10.01824655      16.56091700       4.35885583
C        9.34379678      16.39022601       5.57443724
H        8.42617209      13.12597574       5.22830218
H       10.48223478      15.76959769       2.46181742
H        9.93130733      12.18204397       2.99688714
H        8.36540617      12.82901881       2.51141249
H        9.91473281      13.42630127       1.64850878
H       10.30408940      17.53583253       4.07151441
H        9.05736968      17.32637542       6.14037226
H        8.64240634      14.15334709       7.48677090
O        7.72244884      15.47834876      11.33614932
C        7.72386244      13.43195978      14.35373766
C        8.16513154      14.25674863      13.29883964
C        6.43736194      12.96656988      14.25792627
C        7.25747324      14.75295445      12.33161493
C        8.58279183      13.00989178      15.51739222
C        5.45744130      13.47830909      13.33899256
C        5.94603258      14.36762599      12.37180378
H        9.24736477      14.44215367      13.28067650
H        6.01931142      12.21713358      14.96026155
H        9.63077875      13.24119884      15.47339773
H        8.17543745      13.63728036      16.34356919
H        8.50581513      11.94564642      15.87046240
H        4.43435671      13.20325587      13.38912444
H        5.22981231      14.74972629      11.63800338
H        7.20776771      16.02585486      10.76722746
O        6.32639590       2.38458576      10.78034053
C        9.74367302       3.59124534      10.08361958
C        8.69394332       2.83494529      10.54988450
C        9.49522374       4.74137003       9.31986880
C        7.36341667       3.11772524      10.25022309
C       11.17177004       3.19501275      10.43961543
C        8.13803093       5.07140824       9.00336118
C        7.12813043       4.32098938       9.46378662
H        8.95190270       2.02199521      11.11911114
H       10.28895802       5.26004526       8.78310869
H       11.17150794       3.33946335      11.54294606
H       11.43734061       2.14145571      10.23750234
H       11.91032289       3.97482704      10.04898223
H        7.93819190       5.89158217       8.41562050
H        6.14592503       4.61796545       9.33365521
H        6.60976585       1.65994065      11.36156556
O       15.55170331       5.42807122       3.04534306
C        0.94595323       4.86566826       1.26683033
C       17.49059014       5.51595982       1.76077257
C        1.39771959       3.66516661       1.81029955
C       16.67862890       4.80148734       2.64287592
C        1.73722079       5.63973283       0.28446201
C        0.65099673       3.03491555       2.82832451
C       17.08242518       3.58482728       3.21110634
H       17.16629366       6.52710546       1.42485016
H        2.36523349       3.22596097       1.58111212
H        2.04816176       6.71590033       0.63330947
H        2.69360381       5.19846008       0.04629332
H        1.32478388       5.70697353      16.97746960
H        0.95559534       2.13785394       3.32950833
H       16.45092518       3.06498334       3.94933618
H       15.41126943       6.24170773       2.54881806
O       16.81800661       0.21507342      13.14465039
C       16.75065347       1.37541533      16.69866208
C       16.61978986       0.48784282      15.56661340
C       17.29421769       2.64887356      16.48636922
C       16.98216159       1.01015809      14.28188124
C       16.24042617       0.97418477       0.35031437
C       17.68909446       3.13283685      15.21759974
C       17.46148049       2.30380728      14.09068872
H       16.28537306      17.18339084      15.72772450
H       17.40628395       3.37541985      17.33136788
H       15.29369841       0.44384340       0.28682154
H       16.87954405       0.11481800       0.68675865
H       16.09910027       1.84653029       1.11182867
H        0.41166088       4.10594650      15.13173573
H        0.08613053       2.64398743      13.07760228
H       16.67746160       0.72383265      12.34727460
