512
Lattice="17.7128441229 0.0 0.0 0.0 17.7128441229 0.0 0.0 0.0 17.7128441229" Properties=species:S:1:pos:R:3 pbc="T T T"
O       11.84363955       3.67738858       5.55283388
C       10.63532730       3.29095091       8.99971796
C       10.79612501       3.01051315       7.60869521
C       11.24637594       4.39873218       9.60946831
C       11.61206959       3.91245206       6.88838726
C        9.64326617       2.48266019       9.83328713
C       12.00842903       5.26236013       8.89031816
C       12.22986883       5.04791404       7.52098500
H       10.25332119       2.17806123       7.19824790
H       11.05544184       4.62456806      10.67697979
H        9.97469640       1.45150189       9.89872495
H        9.68145409       2.80894801      10.90813854
H        8.61889762       2.50353922       9.43578331
H       12.47776614       6.10169518       9.42424103
H       12.91104545       5.68080085       7.04455931
H       12.43620175       4.36359463       5.23200269
O        7.39177010       4.86095665       2.34316723
C       10.08291789       6.73018483       3.97400108
C        9.32703301       6.23422084       2.91445715
C        9.88299550       6.42938815       5.30886075
C        8.30138556       5.29857092       3.23721971
C       11.28892966       7.62619737       3.72193042
C        8.97110021       5.37516749       5.55345486
C        8.11048355       4.84709401       4.58714987
H        9.30051386       6.59591052       1.88428444
H       10.53142463       6.86378689       6.09132616
H       12.17589079       7.05261919       3.54541801
H       11.22096568       8.34724895       2.89605789
H       11.37371936       8.11454696       4.62090213
H        8.76660932       5.09832281       6.57121514
H        7.52263932       3.95050837       4.74688403
H        6.98388529       4.06752894       2.55821847
O        0.76050235       0.96290664      10.48984277
C       15.54901703       1.65078251       8.26446001
C       16.77459044       1.86436007       8.99776175
C       15.15780323       0.33298459       7.85990976
C       17.43400808       0.77400602       9.58236450
C       14.90289070       2.86498491       7.62142188
C       15.94277748      16.95916256       8.39535790
C       17.08155123      17.19247796       9.16852378
H       16.99446905       2.91130617       9.14064662
H       14.35232144       0.08746770       7.26195441
H       14.22473451       3.41152387       8.33165862
H       15.70054734       3.50230223       7.27793291
H       14.33407898       2.62692035       6.71306074
H       15.63509023      15.98837047       8.19913792
H       17.62341144      16.40409101       9.65785029
H        1.00296052       1.86602065      10.55470774
O        3.54098651       3.91818906      10.60615491
C        2.71806756       3.55661958       7.06557167
C        2.56952738       3.57778328       8.44628663
C        4.02498035       3.86328786       6.51604987
C        3.65785043       3.89270069       9.25874301
C        1.67442014       3.10327350       6.15060136
C        5.10414745       4.30312594       7.29516780
C        4.93951555       4.29027476       8.77583975
H        1.58641753       3.41643316       8.84378232
H        4.27877724       3.85880620       5.51068929
H        1.48400179       2.04626175       6.14102830
H        0.66344496       3.44794111       6.38261374
H        1.99649447       3.36317907       5.12378752
H        6.05095397       4.55540283       6.76751743
H        5.77270008       4.51567403       9.49319409
H        4.29777998       3.83807270      11.20913987
O       11.37318574       8.56297458      12.87101363
C       13.55827902       9.86819105      10.21608837
C       12.47840695       9.76203920      11.12248705
C       14.43932910       8.75160810      10.12318828
C       12.40758624       8.63441767      11.99019973
C       13.67197217      11.06730740       9.25264423
C       14.40038039       7.76076873      10.99834368
C       13.42125666       7.59571172      11.99136820
H       11.75912479      10.47766087      11.34898679
H       15.21581460       8.66197513       9.38107707
H       14.02070240      10.79405992       8.24425168
H       12.72748120      11.72942388       9.35373574
H       14.55552516      11.70363100       9.57745820
H       15.12714965       6.92465439      10.99419162
H       13.34848238       6.86621318      12.80593103
H       10.84886490       9.34495718      12.73009668
O       15.69109970      12.32768428       2.58613849
C       15.56862569      13.64871509       6.04731581
C       15.97577027      12.84839013       4.93241194
C       14.59447947      14.68264066       5.90445341
C       15.38127063      13.13028963       3.68879637
C       16.17641974      13.51717699       7.44175090
C       14.02963540      14.93246182       4.61488134
C       14.44219339      14.16443896       3.54619198
H       16.69201993      11.98407475       5.01089468
H       14.20760775      15.32884047       6.72717100
H       15.70075100      14.03632962       8.18872385
H       16.16034588      12.55105629       7.84509547
H       17.19963682      13.88655844       7.41300861
H       13.25334821      15.66737735       4.50441791
H       13.97995959      14.36527695       2.59544801
H       14.95634314      12.40206410       2.00175364
O        2.84628660       9.84509360       1.82975446
C        2.62982143       6.27372431       2.50088015
C        3.06223152       7.46964782       1.97946692
C        1.64362335       6.28615449       3.53273719
C        2.59105823       8.66275187       2.51376914
C        3.22795517       4.95647835       1.99560589
C        1.17682268       7.49974559       4.08489151
C        1.67383074       8.65587354       3.58276978
H        3.84379578       7.48109905       1.22010254
H        1.34896990       5.27326817       3.93276689
H        3.86439687       5.17063510       1.16785524
H        3.94196749       4.60324097       2.81109438
H        2.42994688       4.14202121       1.83438444
H        0.47894321       7.50162561       4.91852603
H        1.25122868       9.54161181       3.93587368
H        2.19267968      10.52252586       2.01131875
O        3.15896055       7.43340110       9.98315503
C        2.55196798      10.62526605       8.30308171
C        2.64937409       9.64085716       9.26478280
C        2.80828733      10.28555802       6.97413766
C        3.00857537       8.33674013       9.00104706
C        2.08276176      12.07415647       8.71219680
C        3.35999523       8.99535422       6.69409585
C        3.40319602       8.05005859       7.67691142
H        2.46310826      10.00961343      10.26718127
H        2.87586854      11.06325612       6.19769698
H        2.91620195      12.60075678       9.23263449
H        1.55265934      12.53166053       7.95409341
H        1.24324339      11.97877124       9.33409199
H        3.64042747       8.56107847       5.76649940
H        3.80916014       7.12174091       7.33348311
H        3.59859621       6.61335104       9.76243021
O        0.77826054       4.53116028      11.12085268
C       15.63978621       4.86451516      13.40015606
C       16.38865238       4.47881772      12.28371929
C       16.14632696       5.79278757      14.33607264
C        0.00727955       4.98287671      12.13017473
C       14.22682490       4.34256593      13.54450510
C       17.47754487       6.34614688      14.15135119
C        0.49710182       5.97433182      13.01042510
H       15.90203144       3.74121441      11.54790717
H       15.66271928       6.00583012      15.22398431
H       13.48349632       5.10827918      14.01100994
H       13.92207964       3.72444839      12.71904840
H       14.30901875       3.51048659      14.36761204
H        0.14735657       7.03908064      14.90504365
H        1.46613022       6.42859441      12.81885436
H        1.68619192       4.66153951      11.27651990
O        6.94508908      16.41461449      13.50457109
C        4.52265530      16.76144550      10.80444953
C        5.22576418      16.27917095      11.93748572
C        5.02035683       0.09827980      10.02091261
C        6.33492730      16.90398458      12.42511779
C        3.09701765      16.10705335      10.41397179
C        6.26605742       0.68497756      10.41879244
C        6.82000354       0.31284967      11.67225575
H        4.95490374      15.40070641      12.44991282
H        4.49613865       0.53183355       9.18754783
H        3.11079281      15.02328936      10.22892026
H        2.49678227      16.28204970      11.26334599
H        2.67990106      16.61894356       9.56900064
H        6.68286168       1.56437007       9.87109443
H        7.63990493       0.86986397      12.12181488
H        7.74209863      16.96060250      13.80207571
O        2.36964940       9.25301081      16.75296792
C        5.35171846       7.77794625      15.16644408
C        4.50569215       8.32134160      16.11556097
C        4.89587554       7.67023920      13.81734743
C        3.23706507       8.82260902      15.77451472
C        6.80289220       7.38440986      15.49229746
C        3.63913638       8.20261828      13.49143511
C        2.76637863       8.81026597      14.44195190
H        4.82792056       8.45631657      17.11050812
H        5.54453451       7.24296362      13.07697974
H        6.87678560       6.79403790      16.37739714
H        7.15768662       6.71382989      14.66709723
H        7.51677887       8.18584372      15.47873998
H        3.24332745       8.13600672      12.47159935
H        1.72944321       9.05916004      14.11737602
H        2.75723564       9.51411732      17.59115998
O        6.56520775      15.10872738       6.26539391
C        9.96425838      16.41845532       6.90979624
C        8.89650169      15.83325945       6.25396737
C        9.83130748      16.74954977       8.29935818
C        7.70461782      15.45986157       6.94233342
C       11.28607545      16.86201789       6.37443845
C        8.69220942      16.26715264       9.01656654
C        7.64694301      15.69232647       8.33481292
H        8.94418902      15.81996383       5.18505748
H       10.57274562      17.31340558       8.94138217
H       11.15157425      17.20197422       5.33987502
H       11.81496089      17.63350310       7.00462864
H       11.95983818      15.99006721       6.31865259
H        8.47315252      16.42070145      10.04629631
H        6.73297082      15.45749211       8.83773504
H        5.86256702      15.67244071       6.70902504
O       10.00554507      10.39871637      17.27194026
C        6.72934875       9.81519660       1.27969168
C        8.03288411       9.68027411       0.84313741
C        6.10550651      11.00561606       0.93905888
C        8.64877584      10.57213548      17.62660948
C        6.13202074       8.94293942       2.33512041
C        6.67071918      11.96901158       0.12441398
C        7.94782636      11.75653396      17.20266069
H        8.61384192       8.93186828       1.41639855
H        5.05962445      11.21070734       1.17607064
H        5.30034480       9.50653809       2.76483399
H        5.83084793       7.97256963       1.88206048
H        6.86494391       8.72326807       3.12156187
H        6.10663616      12.90359282      17.64929095
H        8.37115169      12.51414466      16.62526679
H       10.20729887      10.30213818      16.33681563
O        8.78328403       0.39382901      14.64875823
C       12.38889471       0.65861403      13.90980314
C       11.04905657       0.38372523      13.77925332
C       12.90041633       1.03602699      15.17931965
C       10.20392061       0.51637582      14.86142431
C       13.45914379       0.50276313      12.77583675
C       12.03293656       1.15533719      16.23189065
C       10.63837618       0.89950123      16.11939743
H       10.79038125       0.00308155      12.75893300
H       13.89352468       1.31838576      15.45042022
H       12.98290124       0.62019948      11.81496537
H       14.13842689       1.35351150      12.81472319
H       13.98823220      17.25272856      12.86471791
H       12.46235890       1.44257668      17.22737910
H        9.96018717       0.99768655      17.00193455
H        8.21371078       0.72013975      15.36842447
O       14.71073444       7.41277953       4.27046661
C       16.87927632       7.21503766       7.32087853
C       15.95153641       6.87747142       6.29791284
C       17.33575585       8.54659626       7.38651193
C       15.53582913       7.83025643       5.34093902
C       17.48556643       6.13353562       8.22298450
C       16.89404177       9.52210413       6.44074218
C       16.03283363       9.16638014       5.39824829
H       15.60982826       5.86343266       6.25664630
H        0.22559115       8.80307301       8.21504980
H       16.67388597       5.54534272       8.72390615
H        0.44348809       5.57154601       7.63898640
H        0.46303048       6.57337679       8.97273213
H       17.25171010      10.55583671       6.53188285
H       15.73656438       9.86220885       4.58402152
H       14.52873787       8.09823371       3.60121278
O       11.49287931      10.71091758       1.91526155
C       11.37852633      12.27549450       5.17978424
C       11.84471466      11.58543632       4.09428973
C       10.09694246      12.86948189       5.10489004
C       11.01898891      11.39448361       2.97464053
C       12.08810061      12.07142243       6.52225041
C        9.29472115      12.76566466       3.99023467
C        9.75704771      11.98654497       2.95181054
H       12.78947723      11.08137542       4.26975578
H        9.79290431      13.31336037       6.01067856
H       13.18320155      11.87021896       6.37158769
H       11.97942309      12.94043115       7.13886588
H       11.63878151      11.19392749       6.99458525
H        8.29266518      13.29572138       3.99277841
H        9.06920423      11.93024824       2.13250170
H       10.87109962      10.37606488       1.21297815
O        7.36864794       1.92619280      16.42899647
C        4.08221062       2.20629879      14.81279276
C        5.34285430       1.66301363      15.16833030
C        3.65772917       3.48962027      15.20886421
C        6.12876832       2.43659965      16.05413774
C        3.18710119       1.43016402      13.84861981
C        4.44256183       4.27833155      16.07511688
C        5.66061806       3.70942471      16.54551811
H        5.65297271       0.70143380      14.83802702
H        2.63210655       3.80789406      15.04433371
H        2.32622294       1.01152966      14.41195465
H        2.82188828       2.04085170      13.04407432
H        3.76615151       0.58032389      13.48010466
H        4.14109568       5.30809709      16.48386200
H        6.23414731       4.17515476      17.32664797
H        7.81234946       2.56428517      17.00308941
O        7.09936756       1.98614717       1.75151255
C        4.99550061       0.90150744       4.74255241
C        6.09576995       1.23060699       3.92632736
C        3.76639867       0.78157059       4.08668550
C        5.94953417       1.61455311       2.54460631
C        5.18618176       0.80024260       6.17408478
C        3.57658204       1.08610318       2.71015686
C        4.68427813       1.52700161       1.91111310
H        7.11687129       1.23185746       4.32719479
H        2.88073082       0.45826929       4.66297907
H        6.07248586       1.31788887       6.51265898
H        4.36571926       1.03093191       6.90459442
H        5.45200812      17.45459195       6.20573712
H        2.57563684       0.95831424       2.32179136
H        4.40034717       1.84268894       0.83246111
H        7.75399478       1.47366249       2.10990380
O        9.32740067      11.17506036      13.97715515
C       11.58389531      13.36436159      12.01504254
C       11.12999247      12.50516919      13.02210327
C       10.79282408      13.61004761      10.87987139
C        9.82276618      11.94445960      12.93461176
C       12.88796110      14.11464242      12.23434274
C        9.67251361      12.81522956      10.72897417
C        9.21954160      11.94205177      11.71692777
H       11.70199178      12.48183718      13.91811469
H       11.07471054      14.28360394      10.06048260
H       12.82808456      15.17382368      11.83714946
H       13.18008150      14.09710392      13.22417489
H       13.56308857      13.43619924      11.73662782
H        9.08331064      12.96566477       9.84250118
H        8.48359113      11.18541201      11.42223510
H        8.53429269      10.66124774      13.92071110
O       13.91755082       9.14146946       2.39948688
C       15.19856462       9.63691227      16.63406930
C       14.35004113       9.58241513       0.05216495
C       16.59553207       9.37580676      16.91057354
C       14.80667064       9.17792678       1.34882872
C       14.64633245       9.94134374      15.27788414
C       17.06141116       8.96142601       0.46014444
C       16.12235955       8.73405992       1.52184983
H       13.32872420       9.98578003      17.63344672
H       17.32433775       9.42856445      16.16097155
H       14.81007913      10.93559068      14.97811072
H       14.96806576       9.30218369      14.49546593
H       13.57326939       9.71262092      15.23953902
H        0.38477789       8.72224741       0.59364366
H       16.48671601       8.39586837       2.49189322
H       13.26612161       9.80090088       2.22833744
O        7.41987537      11.94008364       6.19886299
C        8.60576441       9.18356531       8.28616851
C        8.29510990      10.46709216       7.84352009
C        7.89653228       8.11951230       7.69141858
C        7.38039257      10.71403920       6.85367301
C        9.59017809       9.00795090       9.50842057
C        6.94561986       8.22756309       6.73555556
C        6.74258345       9.57857690       6.26699703
H        8.87101756      11.33249356       8.12731900
H        8.12680844       7.14591151       8.11565150
H        9.80810938       7.96252247       9.64877231
H       10.54546170       9.35960683       9.33964452
H        9.18717626       9.51991147      10.38376594
H        6.30903072       7.42747823       6.45092918
H        5.99900584       9.68070792       5.45173889
H        8.08553636      11.91422565       5.50036698
O        0.77440857      11.80781088       2.44288320
C        0.67912309      12.78135941      16.57699020
C        0.22429642      12.46952718       0.16487661
C        2.09045855      12.94645748      16.31068961
C        1.11540334      12.33209571       1.23743279
C       17.46816754      12.74601028      15.36710079
C        2.95410306      12.96700046      17.38767331
C        2.51363798      12.59169780       0.98852138
H       16.94827446      12.13696754       0.37025750
H        2.38272377      13.21098784      15.30034001
H       17.36809150      13.68992701      14.84208543
H        0.21214490      12.10186616      14.56696899
H       16.46999102      12.36448925      15.62086860
H        4.01626021      13.15867367      17.26013100
H        3.24484075      12.55738228       1.73906857
H       17.52925102      11.79604183       2.51410144
O       16.31507778      14.33437277      11.82784527
C        0.04224683      10.87458774      12.01056320
C       16.78788749      11.95857363      11.88359318
C        1.44290553      11.13676171      12.09065111
C       17.22703985      13.29675523      11.88722767
C       17.34879060       9.41902433      12.07786201
C        1.83094828      12.47742007      12.11057343
C        0.90445533      13.58921982      12.05204595
H       15.75231744      11.58521982      11.93295934
H        2.19683289      10.40183228      12.22159157
H       17.23031189       9.09445385      13.11118659
H       16.37430668       9.21697329      11.67283579
H        0.20323093       8.67956521      11.50931753
H        2.95022997      12.59511711      12.20888697
H        1.17630859      14.59605183      12.02660582
H       16.75523761      15.13918377      12.16580038
O       13.54847996      12.61077933       0.98233930
C       11.93474883      14.52822441      16.03293751
C       12.09199936      13.63247260      17.07671841
C       13.07756315      15.24170059      15.60898615
C       13.36918874      13.39208906      17.64941112
C       10.58596746      14.96438161      15.57909799
C       14.38954176      14.85372627      15.94537352
C       14.53679085      13.92083663      17.03541410
H       11.22225829      13.02937344      17.28279374
H       13.02684416      16.02672926      14.89419243
H        9.93136057      14.12564441      15.70441381
H       10.07448059      15.68006084      16.27041757
H       10.61345043      15.42283704      14.54328051
H       15.25127930      15.41676137      15.65557094
H       15.50484648      13.65782167      17.39142641
H       12.72433799      12.33130612       1.34319411
O        8.66042534       4.24083701       0.10900366
C       11.56279301       6.20376279      16.87067785
C       10.21019515       5.76213279      17.05410768
C       12.56907434       5.40626841      17.48222347
C        9.91888156       4.61044161       0.10464911
C       11.80647431       7.36709935      15.92961522
C       12.31967914       4.28784024       0.63292631
C       10.98090675       4.00966465       0.85309282
H        9.32240690       6.31857546      16.71208839
H       13.63005824       5.72795484      17.33538933
H       12.25393190       8.18117312      16.49463019
H       12.33082787       7.30247322      15.12436400
H       10.81804116       7.73272793      15.63822370
H       13.06295181       3.84817065       1.33840272
H       10.81897551       3.25081779       1.61174709
H        8.28056032       4.37153619       1.01035920
O        4.11076775      15.56275095       7.59075235
C        1.15091384      15.96616121       5.51854958
C        2.10465280      16.26772955       6.51552715
C        1.27609013      14.87558767       4.64040098
C        3.19831009      15.41537266       6.60225609
C       17.64626683      16.80964163       5.25959758
C        2.42440475      14.08322657       4.73057967
C        3.40990876      14.37785745       5.67348364
H        2.02864212      17.19004632       7.07839667
H        0.50189002      14.60230506       3.90592006
H       17.66662547      17.29699415       4.28629257
H       16.71457018      16.28795559       5.24618345
H       17.52078915      17.65999755       6.00641290
H        2.45562442      13.25458197       4.02204924
H        4.31796346      13.78845504       5.67991319
H        4.44398547      14.76398881       7.99766808
O       10.47679888       1.97975187       3.95814277
C       13.47359646       0.34380504       2.49495383
C       12.68588259       1.29198009       3.20517023
C       12.85722544      16.97927374       1.88266258
C       11.29393590       1.11208770       3.33627966
C       14.98867056       0.58392726       2.16053464
C       11.44993337      16.73714468       2.01651187
C       10.71574468       0.00727929       2.72483257
H       13.21560073       2.10379988       3.58786488
H       13.51563977      16.39854088       1.20143922
H       15.66930932       0.19175229       2.91871569
H       15.14224102       0.01608870       1.31505792
H       15.09672632       1.66139419       1.97154352
H       10.97580157      15.93780223       1.47981686
H        9.64113356      17.66742026       2.75586547
H       10.97837083       2.74603382       4.32217012
O        4.93785709      15.89851608      15.46592217
C        5.25776439      15.38040245       1.44657273
C        4.68998655      15.54240922       0.20343747
C        6.61016296      15.62086770       1.61398606
C        5.47042178      15.90343650      16.74353933
C        4.43653347      15.23380022       2.71647972
C        7.43711364      15.83523024       0.53809779
C        6.80148584      16.14723213      16.98258399
H        3.64320722      15.38713850       0.11305254
H        7.05585673      15.67871803       2.59444118
H        4.63464964      16.02032032       3.43929139
H        3.32913811      15.28120925       2.49108161
H        4.61697346      14.26188102       3.18439214
H        8.49748369      15.93180766       0.73324168
H        7.48037144      16.32439850      16.14930870
H        5.53512553      16.12341445      14.78690593
O        5.92440261      12.75107956       8.57005177
C        5.79828146      12.24349947      12.22858065
C        5.80061000      12.87420380      10.95801784
C        5.60265401      10.82831633      12.25687990
C        5.88841054      12.06753445       9.75320468
C        5.97007372      12.96228431      13.51112183
C        5.54372240      10.05417221      11.08455665
C        5.63618976      10.67848021       9.79980224
H        6.03338554      13.94170319      10.81679430
H        5.56454897      10.27644833      13.21838355
H        6.33278261      13.84185017      13.25202595
H        4.97602532      13.11367452      13.98446152
H        6.64698853      12.42930962      14.18504223
H        5.29627060       8.98805089      11.11356870
H        5.46699881      10.29975251       8.80684165
H        6.39389574      12.28735211       7.85303937
O        5.72460746       3.51369177      12.42070684
C        9.17006958       4.46729089      13.35667074
C        7.97222808       3.75137464      13.23386378
C        9.33872846       5.66437387      12.64048959
C        6.94188216       4.18738198      12.43568296
C       10.24179181       4.03908608      14.32117277
C        8.32408400       6.06495239      11.73224094
C        7.08327479       5.39743481      11.72814514
H        8.02980270       2.81098532      13.84413103
H       10.18879137       6.35265971      12.78239161
H       10.97882535       3.44485167      13.79447972
H       10.85382206       4.86778526      14.66968892
H        9.66256051       3.62929183      15.14647979
H        8.39168411       7.01426166      11.17919355
H        6.22238347       5.80549677      11.18723983
H        5.60554926       2.87560171      13.14826732
O       14.65906604       4.74647695       4.43637130
C       17.00161882       4.24814042       1.56785754
C       15.89787904       4.69583038       2.31799887
C        0.06446812       3.12578911       2.02006943
C       15.63476183       4.23594042       3.61580985
C       17.30208417       4.76905466       0.16821001
C       17.41454872       2.59438375       3.25493476
C       16.47742125       3.18471921       4.11881202
H       15.24183342       5.47836599       2.01316924
H        0.71680487       2.69575808       1.26618359
H        0.47275016       4.19863589      17.48276025
H       16.41929159       4.54239980      17.13452017
H       17.42046149       5.84943375       0.12862131
H        0.19579489       1.66861203       3.60737714
H       16.40856292       2.85623448       5.18542948
H       14.61794749       5.71435364       4.31609113
O       17.44545914      16.82627636      12.33555208
C        0.00152544      17.53469022      16.00341073
C       17.68855516      16.83674978      14.76357376
C       17.44875356       1.23262470      16.01350658
C       17.48163129      17.49706025      13.54418739
C        0.29909100      16.79308228      17.22325170
C       17.23594542       1.90647301      14.77544798
C       17.25246192       1.17218525      13.57616209
H        0.19151440      15.72266941      14.75122494
H       17.23967433       1.77602196      16.87326536
H       17.59995645      17.21099711       0.37991890
H       17.71044157      15.76815472      17.15197167
H        1.35237312      16.87946507      17.38360925
H       16.94130720       2.93932452      14.75451871
H       17.08475582       1.56736143      12.65376596
H       17.71015718      17.50405858      11.77370333
